@relation ecoli4
@attribute Mcg real [0.0, 0.89]
@attribute Gvh real [0.16, 1.0]
@attribute Lip real [0.48, 1.0]
@attribute Chg real [0.5, 1.0]
@attribute Aac real [0.0, 0.88]
@attribute Alm1 real [0.03, 1.0]
@attribute Alm2 real [0.0, 0.99]
@attribute Class {positive, negative}
@data
0.49,0.29,0.48,0.5,0.56,0.24,0.35,negative
0.56,0.4,0.48,0.5,0.49,0.37,0.46,negative
0.67,0.39,0.48,0.5,0.36,0.38,0.46,negative
0.2,0.44,0.48,0.5,0.46,0.51,0.57,negative
0.42,0.4,0.48,0.5,0.56,0.18,0.3,negative
0.42,0.24,0.48,0.5,0.57,0.27,0.37,negative
0.25,0.48,0.48,0.5,0.44,0.17,0.29,negative
0.39,0.32,0.48,0.5,0.46,0.24,0.35,negative
0.25,0.4,0.48,0.5,0.46,0.44,0.52,negative
0.34,0.45,0.48,0.5,0.38,0.24,0.35,negative
0.44,0.27,0.48,0.5,0.55,0.52,0.58,negative
0.23,0.4,0.48,0.5,0.39,0.28,0.38,negative
0.41,0.57,0.48,0.5,0.39,0.21,0.32,negative
0.4,0.45,0.48,0.5,0.38,0.22,0.0,negative
0.31,0.23,0.48,0.5,0.73,0.05,0.14,negative
0.51,0.54,0.48,0.5,0.41,0.34,0.43,negative
0.3,0.16,0.48,0.5,0.56,0.11,0.23,negative
0.29,0.37,0.48,0.5,0.48,0.44,0.52,negative
0.25,0.4,0.48,0.5,0.47,0.33,0.42,negative
0.21,0.51,0.48,0.5,0.5,0.32,0.41,negative
0.43,0.37,0.48,0.5,0.53,0.35,0.44,negative
0.43,0.39,0.48,0.5,0.47,0.31,0.41,negative
0.53,0.38,0.48,0.5,0.44,0.26,0.36,negative
0.34,0.33,0.48,0.5,0.38,0.35,0.44,negative
0.4,0.29,0.48,0.5,0.42,0.35,0.44,negative
0.24,0.35,0.48,0.5,0.31,0.19,0.31,negative
0.36,0.54,0.48,0.5,0.41,0.38,0.46,negative
0.29,0.52,0.48,0.5,0.42,0.29,0.39,negative
0.65,0.47,0.48,0.5,0.59,0.3,0.4,negative
0.32,0.42,0.48,0.5,0.35,0.28,0.38,negative
0.38,0.46,0.48,0.5,0.48,0.22,0.29,negative
0.33,0.45,0.48,0.5,0.52,0.32,0.41,negative
0.3,0.37,0.48,0.5,0.59,0.41,0.49,negative
0.28,0.38,0.48,0.5,0.5,0.33,0.42,negative
0.61,0.45,0.48,0.5,0.48,0.35,0.41,negative
0.17,0.38,0.48,0.5,0.45,0.42,0.5,negative
0.44,0.35,0.48,0.5,0.55,0.55,0.61,negative
0.43,0.4,0.48,0.5,0.39,0.28,0.39,negative
0.42,0.35,0.48,0.5,0.58,0.15,0.27,negative
0.23,0.33,0.48,0.5,0.43,0.33,0.43,negative
0.37,0.52,0.48,0.5,0.42,0.42,0.36,negative
0.29,0.3,0.48,0.5,0.45,0.03,0.17,negative
0.23,0.58,0.48,0.5,0.37,0.53,0.59,negative
0.47,0.47,0.48,0.5,0.22,0.16,0.26,negative
0.54,0.47,0.48,0.5,0.28,0.33,0.42,negative
0.51,0.37,0.48,0.5,0.35,0.36,0.45,negative
0.44,0.34,0.48,0.5,0.3,0.33,0.43,negative
0.44,0.56,0.48,0.5,0.5,0.46,0.54,negative
0.52,0.36,0.48,0.5,0.41,0.28,0.38,negative
0.36,0.41,0.48,0.5,0.48,0.47,0.54,negative
0.18,0.3,0.48,0.5,0.46,0.24,0.35,negative
0.47,0.29,0.48,0.5,0.51,0.33,0.43,negative
0.24,0.43,0.48,0.5,0.54,0.52,0.59,negative
0.25,0.37,0.48,0.5,0.41,0.33,0.42,negative
0.52,0.57,0.48,0.5,0.42,0.47,0.54,negative
0.25,0.37,0.48,0.5,0.43,0.26,0.36,negative
0.26,0.26,0.48,0.5,0.34,0.25,0.35,negative
0.24,0.43,0.48,0.5,0.37,0.28,0.38,negative
0.42,0.3,0.48,0.5,0.48,0.26,0.36,negative
0.48,0.42,0.48,0.5,0.45,0.25,0.35,negative
0.41,0.48,0.48,0.5,0.51,0.44,0.51,negative
0.44,0.28,0.48,0.5,0.43,0.27,0.37,negative
0.29,0.41,0.48,0.5,0.48,0.38,0.46,negative
0.34,0.28,0.48,0.5,0.41,0.35,0.44,negative
0.41,0.43,0.48,0.5,0.45,0.31,0.41,negative
0.29,0.47,0.48,0.5,0.41,0.23,0.34,negative
0.34,0.55,0.48,0.5,0.58,0.31,0.41,negative
0.36,0.56,0.48,0.5,0.43,0.45,0.53,negative
0.4,0.46,0.48,0.5,0.52,0.49,0.56,negative
0.5,0.49,0.48,0.5,0.49,0.46,0.53,negative
0.52,0.44,0.48,0.5,0.37,0.36,0.42,negative
0.53,0.42,0.48,0.5,0.16,0.29,0.39,negative
0.4,0.42,0.48,0.5,0.37,0.27,0.27,negative
0.41,0.43,0.48,0.5,0.5,0.24,0.25,negative
0.3,0.45,0.48,0.5,0.36,0.21,0.32,negative
0.31,0.47,0.48,0.5,0.29,0.28,0.39,negative
0.64,0.76,0.48,0.5,0.45,0.35,0.38,negative
0.35,0.37,0.48,0.5,0.3,0.34,0.43,negative
0.65,0.55,0.48,0.5,0.34,0.37,0.28,negative
0.51,0.46,0.48,0.5,0.58,0.31,0.41,negative
0.38,0.4,0.48,0.5,0.63,0.25,0.35,negative
0.24,0.57,0.48,0.5,0.63,0.34,0.43,negative
0.38,0.26,0.48,0.5,0.54,0.16,0.28,negative
0.33,0.47,0.48,0.5,0.53,0.18,0.29,negative
0.24,0.34,0.48,0.5,0.38,0.3,0.4,negative
0.26,0.5,0.48,0.5,0.44,0.32,0.41,negative
0.44,0.49,0.48,0.5,0.39,0.38,0.4,negative
0.43,0.32,0.48,0.5,0.33,0.45,0.52,negative
0.49,0.43,0.48,0.5,0.49,0.3,0.4,negative
0.47,0.28,0.48,0.5,0.56,0.2,0.25,negative
0.32,0.33,0.48,0.5,0.6,0.06,0.2,negative
0.34,0.35,0.48,0.5,0.51,0.49,0.56,negative
0.35,0.34,0.48,0.5,0.46,0.3,0.27,negative
0.38,0.3,0.48,0.5,0.43,0.29,0.39,negative
0.38,0.44,0.48,0.5,0.43,0.2,0.31,negative
0.41,0.51,0.48,0.5,0.58,0.2,0.31,negative
0.34,0.42,0.48,0.5,0.41,0.34,0.43,negative
0.51,0.49,0.48,0.5,0.53,0.14,0.26,negative
0.25,0.51,0.48,0.5,0.37,0.42,0.5,negative
0.29,0.28,0.48,0.5,0.5,0.42,0.5,negative
0.24,0.41,0.48,0.5,0.49,0.23,0.34,negative
0.17,0.39,0.48,0.5,0.53,0.3,0.39,negative
0.04,0.31,0.48,0.5,0.41,0.29,0.39,negative
0.4,0.46,0.48,0.5,0.42,0.35,0.44,negative
0.23,0.34,0.48,0.5,0.43,0.26,0.37,negative
0.37,0.44,0.48,0.5,0.42,0.39,0.47,negative
0.39,0.31,0.48,0.5,0.38,0.34,0.43,negative
0.3,0.44,0.48,0.5,0.49,0.22,0.33,negative
0.27,0.3,0.48,0.5,0.71,0.28,0.39,negative
0.17,0.52,0.48,0.5,0.49,0.37,0.46,negative
0.36,0.42,0.48,0.5,0.53,0.32,0.41,negative
0.3,0.37,0.48,0.5,0.43,0.18,0.3,negative
0.26,0.4,0.48,0.5,0.36,0.26,0.37,negative
0.4,0.41,0.48,0.5,0.55,0.22,0.33,negative
0.22,0.34,0.48,0.5,0.42,0.29,0.39,negative
0.44,0.35,0.48,0.5,0.44,0.52,0.59,negative
0.27,0.42,0.48,0.5,0.37,0.38,0.43,negative
0.16,0.43,0.48,0.5,0.54,0.27,0.37,negative
0.06,0.61,0.48,0.5,0.49,0.92,0.37,negative
0.63,0.47,0.48,0.5,0.51,0.82,0.84,negative
0.34,0.49,0.48,0.5,0.58,0.85,0.8,negative
0.27,0.35,0.48,0.5,0.51,0.77,0.79,negative
0.52,0.39,0.48,0.5,0.65,0.71,0.73,negative
0.29,0.47,0.48,0.5,0.71,0.65,0.69,negative
0.55,0.47,0.48,0.5,0.57,0.78,0.8,negative
0.12,0.67,0.48,0.5,0.74,0.58,0.63,negative
0.4,0.5,0.48,0.5,0.65,0.82,0.84,negative
0.73,0.36,0.48,0.5,0.53,0.91,0.92,negative
0.84,0.44,0.48,0.5,0.48,0.71,0.74,negative
0.48,0.45,0.48,0.5,0.6,0.78,0.8,negative
0.54,0.49,0.48,0.5,0.4,0.87,0.88,negative
0.48,0.41,0.48,0.5,0.51,0.9,0.88,negative
0.72,0.46,0.48,0.5,0.51,0.66,0.7,negative
0.64,0.58,0.48,0.5,0.48,0.78,0.73,negative
0.54,0.57,0.48,0.5,0.56,0.81,0.83,negative
0.47,0.59,0.48,0.5,0.52,0.76,0.79,negative
0.49,0.42,0.48,0.5,0.53,0.79,0.81,negative
0.74,0.44,0.48,0.5,0.55,0.88,0.89,negative
0.33,0.45,0.48,0.5,0.45,0.88,0.89,negative
0.45,0.4,0.48,0.5,0.61,0.74,0.77,negative
0.71,0.4,0.48,0.5,0.71,0.7,0.74,negative
0.5,0.37,0.48,0.5,0.66,0.64,0.69,negative
0.66,0.53,0.48,0.5,0.59,0.66,0.66,negative
0.6,0.61,0.48,0.5,0.54,0.67,0.71,negative
0.83,0.37,0.48,0.5,0.61,0.71,0.74,negative
0.34,0.51,0.48,0.5,0.67,0.9,0.9,negative
0.63,0.54,0.48,0.5,0.65,0.79,0.81,negative
0.7,0.4,0.48,0.5,0.56,0.86,0.83,negative
0.6,0.5,1.0,0.5,0.54,0.77,0.8,negative
0.16,0.51,0.48,0.5,0.33,0.39,0.48,negative
0.74,0.7,0.48,0.5,0.66,0.65,0.69,negative
0.2,0.46,0.48,0.5,0.57,0.78,0.81,negative
0.89,0.55,0.48,0.5,0.51,0.72,0.76,negative
0.12,0.43,0.48,0.5,0.63,0.7,0.74,negative
0.61,0.52,0.48,0.5,0.54,0.67,0.52,negative
0.33,0.37,0.48,0.5,0.46,0.65,0.69,negative
0.63,0.65,0.48,0.5,0.66,0.67,0.71,negative
0.41,0.51,0.48,0.5,0.53,0.75,0.78,negative
0.34,0.67,0.48,0.5,0.52,0.76,0.79,negative
0.59,0.56,0.48,0.5,0.55,0.8,0.82,negative
0.51,0.4,0.48,0.5,0.57,0.62,0.67,negative
0.5,0.57,0.48,0.5,0.71,0.61,0.66,negative
0.6,0.46,0.48,0.5,0.45,0.81,0.83,negative
0.37,0.47,0.48,0.5,0.39,0.76,0.79,negative
0.58,0.55,0.48,0.5,0.57,0.7,0.74,negative
0.36,0.47,0.48,0.5,0.51,0.69,0.72,negative
0.39,0.41,0.48,0.5,0.52,0.72,0.75,negative
0.35,0.51,0.48,0.5,0.61,0.71,0.74,negative
0.31,0.44,0.48,0.5,0.5,0.79,0.82,negative
0.61,0.66,0.48,0.5,0.46,0.87,0.88,negative
0.11,0.5,0.48,0.5,0.58,0.72,0.68,negative
0.68,0.51,0.48,0.5,0.71,0.75,0.78,negative
0.52,0.54,0.48,0.5,0.62,0.76,0.79,negative
0.46,0.59,0.48,0.5,0.36,0.76,0.23,negative
0.36,0.45,0.48,0.5,0.38,0.79,0.17,negative
0.0,0.51,0.48,0.5,0.35,0.67,0.44,negative
0.1,0.49,0.48,0.5,0.41,0.67,0.21,negative
0.3,0.51,0.48,0.5,0.42,0.61,0.34,negative
0.63,0.75,0.48,0.5,0.64,0.73,0.66,negative
0.71,0.52,0.48,0.5,0.64,1.0,0.99,negative
0.63,0.49,0.48,0.5,0.54,0.76,0.79,negative
0.75,0.55,1.0,1.0,0.4,0.47,0.3,negative
0.72,0.42,0.48,0.5,0.65,0.77,0.79,negative
0.79,0.41,0.48,0.5,0.66,0.81,0.83,negative
0.83,0.48,0.48,0.5,0.65,0.76,0.79,negative
0.69,0.43,0.48,0.5,0.59,0.74,0.77,negative
0.79,0.36,0.48,0.5,0.46,0.82,0.7,negative
0.78,0.33,0.48,0.5,0.57,0.77,0.79,negative
0.59,0.29,0.48,0.5,0.64,0.75,0.77,negative
0.66,0.48,0.48,0.5,0.54,0.7,0.74,negative
0.64,0.46,0.48,0.5,0.48,0.73,0.76,negative
0.77,0.55,0.48,0.5,0.51,0.78,0.74,negative
0.81,0.44,0.48,0.5,0.42,0.67,0.68,negative
0.58,0.6,0.48,0.5,0.59,0.73,0.76,negative
0.63,0.42,0.48,0.5,0.48,0.77,0.8,negative
0.62,0.42,0.48,0.5,0.58,0.79,0.81,negative
0.86,0.39,0.48,0.5,0.59,0.89,0.9,negative
0.81,0.53,0.48,0.5,0.57,0.87,0.88,negative
0.87,0.49,0.48,0.5,0.61,0.76,0.79,negative
0.47,0.46,0.48,0.5,0.62,0.74,0.77,negative
0.76,0.41,0.48,0.5,0.5,0.59,0.62,negative
0.7,0.53,0.48,0.5,0.7,0.86,0.87,negative
0.64,0.45,0.48,0.5,0.67,0.61,0.66,negative
0.81,0.52,0.48,0.5,0.57,0.78,0.8,negative
0.73,0.26,0.48,0.5,0.57,0.75,0.78,negative
0.49,0.61,1.0,0.5,0.56,0.71,0.74,negative
0.84,0.54,0.48,0.5,0.75,0.92,0.7,negative
0.63,0.51,0.48,0.5,0.64,0.72,0.76,negative
0.86,0.55,0.48,0.5,0.63,0.81,0.83,negative
0.79,0.54,0.48,0.5,0.5,0.66,0.68,negative
0.57,0.38,0.48,0.5,0.06,0.49,0.33,negative
0.78,0.68,0.48,0.5,0.83,0.4,0.29,positive
0.63,0.69,0.48,0.5,0.65,0.41,0.28,positive
0.67,0.88,0.48,0.5,0.73,0.5,0.25,positive
0.61,0.75,0.48,0.5,0.51,0.33,0.33,positive
0.74,0.9,0.48,0.5,0.57,0.53,0.29,positive
0.75,0.76,0.48,0.5,0.83,0.57,0.3,positive
0.77,0.57,0.48,0.5,0.88,0.53,0.2,positive
0.68,0.76,0.48,0.5,0.84,0.45,0.27,positive
0.56,0.68,0.48,0.5,0.77,0.36,0.45,positive
0.65,0.51,0.48,0.5,0.66,0.54,0.33,positive
0.52,0.81,0.48,0.5,0.72,0.38,0.38,positive
0.64,0.57,0.48,0.5,0.7,0.33,0.26,positive
0.69,0.59,0.48,0.5,0.77,0.39,0.21,positive
0.63,0.49,0.48,0.5,0.79,0.45,0.28,positive
0.71,0.71,0.48,0.5,0.68,0.43,0.36,positive
0.68,0.63,0.48,0.5,0.73,0.4,0.3,positive
0.77,0.57,1.0,0.5,0.37,0.54,0.01,negative
0.66,0.49,1.0,0.5,0.54,0.56,0.36,negative
0.71,0.46,1.0,0.5,0.52,0.59,0.3,negative
0.67,0.55,1.0,0.5,0.66,0.58,0.16,negative
0.68,0.49,1.0,0.5,0.62,0.55,0.28,negative
0.74,0.49,0.48,0.5,0.42,0.54,0.36,negative
0.7,0.61,0.48,0.5,0.56,0.52,0.43,negative
0.73,0.78,0.48,0.5,0.58,0.51,0.31,negative
0.65,0.57,0.48,0.5,0.47,0.47,0.51,negative
0.72,0.86,0.48,0.5,0.17,0.55,0.21,negative
0.67,0.7,0.48,0.5,0.46,0.45,0.33,negative
0.67,0.81,0.48,0.5,0.54,0.49,0.23,negative
0.67,0.61,0.48,0.5,0.51,0.37,0.38,negative
0.57,0.59,0.48,0.5,0.39,0.47,0.33,negative
0.71,0.71,0.48,0.5,0.4,0.54,0.39,negative
0.67,0.81,0.48,0.5,0.25,0.42,0.25,negative
0.68,0.82,0.48,0.5,0.38,0.65,0.56,negative
0.7,0.64,0.48,0.5,0.47,0.51,0.47,negative
0.63,0.57,0.48,0.5,0.49,0.7,0.2,negative
0.74,0.82,0.48,0.5,0.49,0.49,0.41,negative
0.63,0.86,0.48,0.5,0.39,0.47,0.34,negative
0.63,0.83,0.48,0.5,0.4,0.39,0.19,negative
0.63,0.71,0.48,0.5,0.6,0.4,0.39,negative
0.71,0.86,0.48,0.5,0.4,0.54,0.32,negative
0.68,0.78,0.48,0.5,0.43,0.44,0.42,negative
0.64,0.84,0.48,0.5,0.37,0.45,0.4,negative
0.74,0.47,0.48,0.5,0.5,0.57,0.42,negative
0.63,0.65,0.48,0.5,0.39,0.44,0.35,negative
0.69,0.67,0.48,0.5,0.3,0.39,0.24,negative
0.69,0.8,0.48,0.5,0.46,0.57,0.26,negative
0.64,0.66,0.48,0.5,0.41,0.39,0.2,negative
0.66,0.71,0.48,0.5,0.41,0.5,0.35,negative
0.69,0.59,0.48,0.5,0.46,0.44,0.52,negative
0.68,0.67,0.48,0.5,0.49,0.4,0.34,negative
0.64,0.81,0.48,0.5,0.37,0.39,0.44,negative
0.29,0.39,0.48,0.5,0.52,0.4,0.48,negative
0.62,0.83,0.48,0.5,0.46,0.36,0.4,negative
0.56,0.54,0.48,0.5,0.43,0.37,0.3,negative
0.69,0.66,0.48,0.5,0.41,0.5,0.25,negative
0.43,0.59,0.48,0.5,0.52,0.49,0.56,negative
0.71,0.57,0.48,0.5,0.48,0.35,0.32,negative
0.74,0.74,0.48,0.5,0.31,0.53,0.52,negative
0.5395909487721975,0.7463294164903584,0.48,0.5,0.7444886859652468,0.37020452561390127,0.41428416035134547,positive
0.6342740335076719,0.6515336984309529,0.48,0.5,0.652137016753836,0.43778121779986734,0.2906850837691798,positive
0.6377392897454621,0.6476086292727241,0.48,0.5,0.7440869034181793,0.3859130965818207,0.35282588781817237,positive
0.6883801792942396,0.7460330345096007,0.48,0.5,0.7953057104307223,0.4444132138038403,0.2951405378827187,positive
0.6690326134967041,0.6431608638039551,0.48,0.5,0.7124521815947265,0.4021934773006592,0.2956130453986816,positive
0.6726007450125775,0.8149813746855649,0.48,0.5,0.73,0.47399254987422595,0.26300372506288705,positive
0.7410187992686188,0.8857368102393366,0.48,0.5,0.5964887809840891,0.5340751970744753,0.2910187992686188,positive
0.7062189992719426,0.821177664967866,0.48,0.5,0.7220145032762584,0.48495866569592344,0.27873966642398085,positive
0.6203459028406119,0.7005317423556962,0.48,0.5,0.6561435163741561,0.40736706441107595,0.2887764519630802,positive
0.6347463537494356,0.6472828162550797,0.48,0.5,0.6523731768747179,0.4408512993713313,0.29186588437358896,positive
0.5968382119723817,0.6852626017103403,0.48,0.5,0.7068487794759172,0.3863130085517012,0.36053577092421596,positive
0.6923134909070208,0.7394775151549654,0.48,0.5,0.7743280484958893,0.4417910060619862,0.3069404727210623,positive
0.6574563010035108,0.657052438795787,0.48,0.5,0.6939300816056173,0.40450873979929786,0.2909825204014043,positive
0.6406793478763817,0.7407269024128127,0.48,0.5,0.6713586957527633,0.43402853272185865,0.2719904890927138,positive
0.7427615877206675,0.8613377719106547,0.48,0.5,0.6418012807373554,0.5410463508826701,0.2927615877206675,positive
0.7069906003797751,0.89056874296565,0.48,0.5,0.6454500562747996,0.515853114448475,0.27113748593130005,positive
0.5512072025175133,0.7891951983216579,0.48,0.5,0.6471831941258022,0.36266266526804813,0.36266266526804813,positive
0.6605372317641783,0.5521489270567133,0.48,0.5,0.684586874116416,0.4908262517671679,0.3194627682358217,positive
0.5588945373169223,0.6835927537200026,0.48,0.5,0.7686181716461529,0.36055273134153887,0.448065440304614,positive
0.7082144003677813,0.7095536000919453,0.48,0.5,0.679330400137918,0.4295536000919453,0.35821440036778135,positive
0.636647334683817,0.6820231983794196,0.48,0.5,0.6606357354941071,0.4086705330632366,0.2826589338735268,positive
0.6746845357150241,0.762886607124399,0.48,0.5,0.73,0.4531546428497596,0.2734226785751202,positive
0.7594358013240744,0.7348378631358018,0.48,0.5,0.83,0.5165304591635786,0.2968547328919752,positive
0.7250636282438241,0.805402978877553,0.48,0.5,0.6247666964393114,0.4802120941460805,0.3248515340977436,positive
0.5491159060816014,0.7153733052347957,0.48,0.5,0.7563948826020017,0.3654420469591993,0.43095283564280235,positive
0.6339402663756071,0.4939402663756071,0.48,0.5,0.7643882685585538,0.46773119869023205,0.2898506659390178,positive
0.5423115270393665,0.7374875371220591,0.48,0.5,0.7478894087992081,0.3688442364803168,0.4190451723188913,positive
0.6997237829860655,0.682596754629508,0.48,0.5,0.6971270283565575,0.4197237829860655,0.339447565972131,positive
0.6523895251424611,0.7213453351994454,0.48,0.5,0.7350801955413521,0.4279116201139688,0.2755220949715078,positive
0.678124844830892,0.7825018620292965,0.48,0.5,0.8193732931398116,0.4593757758455402,0.2662496896617839,positive
0.7545698030243787,0.7478138586016567,0.48,0.5,0.83,0.5441044495285206,0.2984767323252071,positive
0.7445646587450702,0.8360947775690178,0.48,0.5,0.688681127371824,0.5482586349802806,0.29456465874507015,positive
0.5898322208183483,0.7338193954708927,0.48,0.5,0.6755613140246874,0.3990451511322768,0.31651616289241064,positive
0.6433276590408691,0.5033276590408691,0.48,0.5,0.7033702162343513,0.5099744656839107,0.3133191476021726,positive
0.573036590949916,0.6826073181899832,0.48,0.5,0.7621780454300504,0.3660837424432941,0.44217804543005046,positive
0.7214488724023006,0.705093340399014,0.48,0.5,0.7045332980049299,0.42509334039901403,0.34855112759769935,positive
0.6782014028658545,0.7574819640121961,0.48,0.5,0.8331653308902467,0.4485611222926835,0.2703597194268291,positive
0.6715706577503746,0.8407335562406346,0.48,0.5,0.73,0.48429342249625384,0.2578532887518731,positive
0.7516997725686404,0.7438521605979163,0.48,0.5,0.8342494314216009,0.5666004548627191,0.291501137156798,positive
0.6867670693681345,0.8847905912480385,0.48,0.5,0.6916752700156925,0.5071858868720577,0.25958118249607687,positive
0.5211675748787885,0.8062053816439373,0.48,0.5,0.7214594685984856,0.37941621256060576,0.3820432560378799,positive
0.6349637302026644,0.49496373020266443,0.48,0.5,0.7577357536826813,0.4723367859119899,0.29240932550666104,positive
0.6259490263108782,0.6931898052621757,0.48,0.5,0.7304305842134731,0.39077621227840986,0.41043058421347306,positive
0.7169666011674706,0.7070143137853697,0.48,0.5,0.6949284310731514,0.42701431378536975,0.3530333988325293,positive
0.6768095529031208,0.633828536516255,0.48,0.5,0.7248952846449933,0.40063808941937584,0.29872382116124835,positive
0.6609591724198376,0.8370560689942285,0.48,0.5,0.7119183448396751,0.4796581379446345,0.2567806206851218,positive
0.762857104131996,0.6378575107460379,0.48,0.5,0.86214276032999,0.544285791736008,0.23571447934001996,positive
0.746541359872126,0.8084209617902357,0.48,0.5,0.7400753566752766,0.556165439488504,0.296541359872126,positive
0.5323217107728905,0.7699544399881061,0.48,0.5,0.735402138466113,0.3738391446135548,0.4015629938525583,positive
0.6636123562735906,0.5644494250943622,0.48,0.5,0.691762164638378,0.4764756707232441,0.31638764372640943,positive
0.6027950223250811,0.6885590044650163,0.48,0.5,0.7443229866049514,0.37997101041837117,0.4243229866049514,positive
0.6852053508920511,0.6438809357121361,0.48,0.5,0.7213244151799149,0.40520535089205106,0.3104107017841021,positive
0.6575277452402024,0.7285388433362834,0.48,0.5,0.7546054319127692,0.4320221961921619,0.2744944509519595,positive
0.6771687490771545,0.7939750110741465,0.48,0.5,0.808856239848699,0.4641562546142277,0.26433749815430896,positive
0.7524964694568859,0.7533427481149709,0.48,0.5,0.83,0.5558533397443132,0.29916784351437137,positive
0.682729545777463,0.7663689401474136,0.48,0.5,0.8277170440014167,0.4536393943699506,0.2709098485924877,positive
0.585334341722995,0.7387261726658236,0.48,0.5,0.6784236007217305,0.39781845683354405,0.3206051438881864,positive
0.6361242397246296,0.6348818424783333,0.48,0.5,0.6530621198623149,0.4498075582100925,0.29531059931157405,positive
0.6354717111053546,0.6485534537061023,0.48,0.5,0.7448427629648818,0.38515723703511817,0.3556603611183068,positive
0.7010772970220954,0.7077693242555239,0.48,0.5,0.6766539863832859,0.42776932425552383,0.35107729702209545,positive
0.6349857592727739,0.630170888726713,0.48,0.5,0.6749287963638696,0.37011392581780866,0.2700284814544522,positive
0.7302193789224732,0.8972055368349924,0.48,0.5,0.5923557053200611,0.5258083052524886,0.2844110736699847,positive
0.7427893813256112,0.76,0.48,0.5,0.8310300883820555,0.5576389394153335,0.2969097348538334,positive
0.7444202037876192,0.8381171469733305,0.48,0.5,0.6849252984781004,0.547680815150477,0.29442020378761924,positive
0.5482187597600073,0.7182890307799764,0.48,0.5,0.7552734497000091,0.36589062011999635,0.4293828295800127,positive
0.6461405698303708,0.5447348715266623,0.48,0.5,0.6580702849151855,0.5149137038974105,0.32035142457592714,positive
0.562856265936019,0.6804080379908599,0.48,0.5,0.7651035441096818,0.3620401899542992,0.44306335415538256,positive
0.7061106140689919,0.6996283041839785,0.48,0.5,0.6864823098850135,0.4261106140689919,0.35222122813798384,positive
0.6370195370887789,0.6815765554934653,0.48,0.5,0.6612312593420462,0.4085960925822442,0.28280781483551154,positive
0.6841572473301634,0.8840449278086181,0.48,0.5,0.6976405775310551,0.5060673917129271,0.25808985561723624,positive
0.773117832023054,0.6983524479385228,0.48,0.5,0.83,0.4389989518693608,0.29229405599231534,positive
0.741204598471828,0.8831356213944089,0.48,0.5,0.6013195602675263,0.5348183938873118,0.2912045984718279,positive
0.5599892072382101,0.6800350764758172,0.48,0.5,0.7699865090477627,0.36000539638089496,0.4499811126668677,positive
0.707528294416622,0.7017609813887401,0.48,0.5,0.679176098138874,0.43453146023619293,0.358764147208311,positive
0.5344833138701518,0.7629292299220067,0.48,0.5,0.7381041423376897,0.3727583430649241,0.40534579927276565,positive
0.768806154391211,0.6847973624037668,0.48,0.5,0.8060131879811664,0.40479736240376674,0.301193845608789,positive
0.6448531512697545,0.7107944117776563,0.48,0.5,0.7064419748250672,0.4218825210158036,0.27702936974604914,positive
0.6725065526618234,0.8499213680581198,0.48,0.5,0.7575720792800568,0.48746723669088327,0.2550131053236467,positive
0.7679432487156089,0.7121513367583762,0.48,0.5,0.83,0.4683215906115493,0.294018917094797,positive
0.7241867824712673,0.863102492432957,0.48,0.5,0.6411594788792971,0.5089157099616898,0.28472892749042245,positive
0.537110343308433,0.8009945561534564,0.48,0.5,0.7163978224613825,0.38450272192327184,0.37819891123069127,positive
0.6316830849477585,0.4916830849477585,0.48,0.5,0.77905994783957,0.45757388226491313,0.2842077123693962,positive
0.600509685249657,0.6631209644793097,0.48,0.5,0.7564967715834477,0.3735032284165523,0.39936289343792886,positive
0.7087095111089978,0.7065586962906608,0.48,0.5,0.6821508148183371,0.4287095111089978,0.3574190222179956,positive
0.6398770446711168,0.5714754639465982,0.48,0.5,0.699385223355584,0.33098364263106556,0.26024591065776637,positive
0.6737395958687519,0.786510103281203,0.48,0.5,0.73,0.4626040413124812,0.2686979793437594,positive
0.7216991702665059,0.76,0.48,0.5,0.8340429756762134,0.5214842918854385,0.28787107297135966,positive
0.7162702286869482,0.8446305336028792,0.48,0.5,0.676783970908733,0.498360304915931,0.28209007622898274,positive
0.5671053877480258,0.7785964081679828,0.48,0.5,0.6100874285879399,0.3538303401399857,0.3538303401399857,positive
0.6701099345421,0.5770331151403332,0.48,0.5,0.6667033115140334,0.5031317866728168,0.34005496727105,positive
0.6494182721189259,0.6978836544237852,0.48,0.5,0.7163490367286445,0.4017285269888321,0.39634903672864447,positive
0.757200091840358,0.6897713892112752,0.48,0.5,0.7811430539436242,0.4097713892112752,0.31279990815964204,positive
0.6635372515580275,0.7369521521812384,0.48,0.5,0.7774415559205042,0.43682980124642196,0.27329254968839456,positive
0.677219919397903,0.7933609672251646,0.48,0.5,0.8094191133769324,0.46390040301048524,0.2644398387958059,positive
0.7450012396210023,0.8299826453059672,0.48,0.5,0.7000322301460609,0.5500049584840093,0.29500123962100233,positive
0.685854423467024,0.7736603214230559,0.48,0.5,0.8136550943983922,0.45780589795603194,0.27195147448900797,positive
0.5313998359862363,0.8040000863230335,0.48,0.5,0.7176000345292134,0.38299995683848326,0.3788000172646067,positive
0.6347651406980427,0.6471137337176162,0.48,0.5,0.6523825703490214,0.4409734145372772,0.2919128517451066,positive
0.5700462974157854,0.6758140427434228,0.48,0.5,0.7666512341947382,0.36334876580526176,0.43744212823026835,positive
0.7015453403309988,0.6874542408826636,0.48,0.5,0.6940910994483352,0.4215453403309989,0.3430906806619977,positive
0.6343079699852344,0.6383043601771876,0.48,0.5,0.6715398499261718,0.3755362401181251,0.2713840600295313,positive
0.6327992117157201,0.7032962556496702,0.48,0.5,0.6555984234314401,0.4162982263603701,0.27790059121321,positive
0.7417632455191078,0.8753145627324918,0.48,0.5,0.615844383496801,0.5370529820764309,0.2917632455191077,positive
0.682975873999623,0.7669437059991203,0.48,0.5,0.8266085670016965,0.45396783199949736,0.27099195799987436,positive
0.5964817597882168,0.7590121601411888,0.48,0.5,0.5415425604941608,0.3375101334509907,0.3375101334509907,positive
0.6484858375474997,0.5084858375474997,0.48,0.5,0.6698420559412522,0.5331862689637485,0.3262145938687492,positive
0.6669654263477415,0.6354310723551078,0.48,0.5,0.7343448578840862,0.39565514211591385,0.3162932170653232,positive
0.6549408716568417,0.6962352179142104,0.48,0.5,0.6593528268713157,0.4162352179142104,0.3049408716568417,positive
0.6727211206158938,0.6387346552609274,0.48,0.5,0.7183537929854301,0.40145577587682124,0.29708844824635755,positive
0.7052296045800053,0.8900656013085729,0.48,0.5,0.6494751895314165,0.5150984019628594,0.27013120261714585,positive
0.7427417719274018,0.76,0.48,0.5,0.8310368897246568,0.5575573233041172,0.2968893308260293,positive
0.7323401813912004,0.8978114803974858,0.48,0.5,0.5875081568201133,0.5267172205962288,0.2856229607949717,positive
0.596625288775812,0.7589164741494587,0.48,0.5,0.5412076595231053,0.3374303951245489,0.3374303951245489,positive
0.6652798776476063,0.5711195105904251,0.48,0.5,0.6956530478444146,0.4686939043111708,0.3147201223523937,positive
0.6016581710079807,0.6859511672868543,0.48,0.5,0.6985859925577474,0.38975583643427186,0.34883015612347557,positive
0.7215872111089366,0.7050340523818842,0.48,0.5,0.7048297380905787,0.42503405238188424,0.34841278889106325,positive
0.6461918574871703,0.6940479643717925,0.48,0.5,0.656071946557689,0.4140479643717926,0.2961918574871704,positive
0.6750379414776686,0.7540514630582849,0.48,0.5,0.73,0.44962058522331394,0.27518970738834303,positive
0.7702446243237248,0.7060143351367342,0.48,0.5,0.83,0.45528046216556,0.2932517918920918,positive
0.7385411899461973,0.8907608696592502,0.48,0.5,0.5753489701972763,0.5251372998206579,0.2934038901255394,positive
0.6130793701719598,0.7610108578042317,0.48,0.5,0.7004043431216926,0.40449457109788417,0.37020217156084634,positive
0.6453678426120069,0.5516894164919381,0.48,0.5,0.6576839213060035,0.5098909769780448,0.3184196065300172,positive
0.5336664650612729,0.7655839885508633,0.48,0.5,0.7370830813265911,0.37316676746936356,0.4039163138572275,positive
0.6926403535624379,0.7389327440626035,0.48,0.5,0.772584781000331,0.4415730976250414,0.30792106068731384,positive
0.7037357946507397,0.7084339486626848,0.48,0.5,0.6776509229940274,0.4284339486626849,0.3537357946507396,positive
0.6729898165684726,0.8441222011783296,0.48,0.5,0.7628879822531979,0.4850509171576373,0.2559796331369451,positive
0.7134273224053879,0.76,0.48,0.5,0.8352246682278017,0.5073039812663791,0.2843259953165948,positive
0.7354815870575688,0.8713833846979361,0.48,0.5,0.5865675141222475,0.5149386235252296,0.30054296353233934,positive
0.573661072815914,0.7817573300968873,0.48,0.5,0.7087029320387549,0.3941213349515563,0.37435146601937747,positive
0.6707543512653382,0.5930174050613527,0.48,0.5,0.7084268196191223,0.4431463607617553,0.3092456487346618,positive
0.6764292162142168,0.7032858432428434,0.48,0.5,0.7001424702714699,0.4143336342333012,0.38014247027146986,positive
0.7093183164243816,0.7081821771316842,0.48,0.5,0.6811361392926973,0.42931831642438156,0.3586366328487632,positive
0.6666329609432926,0.7412861453206097,0.48,0.5,0.7892052515845118,0.4393063687546341,0.27267340781134153,positive
0.6752489833799595,0.8170121994404866,0.48,0.5,0.787738817179554,0.47375508310020276,0.26049796675991893,positive
0.741503070865465,0.8789570078834911,0.48,0.5,0.609079842502088,0.5360122834618597,0.2915030708654649,positive
0.6864240593883938,0.884692588396684,0.48,0.5,0.6924592928265285,0.5070388825950259,0.25938517679336787,positive
0.5719085299552588,0.7753943133631609,0.48,0.5,0.5988800967710629,0.35116192780263406,0.35116192780263406,positive
0.6732466827270785,0.587488942423595,0.48,0.5,0.6677488942423595,0.4973810816670228,0.3416233413635393,positive
0.5245423354656847,0.7952374097365247,0.48,0.5,0.7256779193321059,0.37772883226715764,0.38794908706494824,positive
0.6949885272632099,0.7350191212279835,0.48,0.5,0.7600611879295474,0.44000764849119345,0.3149655817896296,positive
0.6383238156747738,0.6800114211902714,0.48,0.5,0.6633181050796381,0.40833523686504525,0.28332952626990954,positive
0.705099281756562,0.8900283662161605,0.48,0.5,0.6497730702707154,0.5150425493242409,0.27005673243232114,positive
0.7486337872215679,0.7791269788980497,0.48,0.5,0.7944784677607648,0.5645351488862714,0.29863378722156786,positive
0.7173696601271975,0.7566745141389173,0.48,0.5,0.6529779128669426,0.4545655337573249,0.34280412636987256,positive
0.5343364703810628,0.763406471261546,0.48,0.5,0.7379205879763284,0.3728317648094686,0.4050888231668599,positive
0.6783542030249345,0.6234168120997378,0.48,0.5,0.7261598070581804,0.4076803858836393,0.30164579697506555,positive
0.6281649676530101,0.6897378525218585,0.48,0.5,0.653145769737697,0.40868926260929295,0.284456507128404,positive
0.6805422765717121,0.7590962057138133,0.48,0.5,0.8371078582842024,0.44963848228552533,0.2716268297151361,positive
0.6351156193078555,0.6912789048269639,0.48,0.5,0.6519183572404459,0.41127890482696383,0.28511561930785556,positive
0.6796492637884753,0.7642088345382967,0.48,0.5,0.836141901673228,0.45175368105762365,0.26929852757695055,positive
0.7121471529909384,0.76,0.48,0.5,0.835407549572723,0.505109405127323,0.2837773512818308,positive
0.7438677615948043,0.84585133767274,0.48,0.5,0.6705618014649115,0.5454710463792172,0.29386776159480427,positive
0.5612115836652769,0.7650419087287889,0.48,0.5,0.6937744467584601,0.3912395228178028,0.34253492394065743,positive
0.6664354908053299,0.5647849693510998,0.48,0.5,0.66547849693511,0.5098682668568951,0.33821774540266497,positive
0.6184379699871575,0.6883482814267368,0.48,0.5,0.6698206228791587,0.4017414071336839,0.3080792157454747,positive
0.6863121462437448,0.6468323899833195,0.48,0.5,0.7194797562604254,0.4063121462437448,0.3126242924874896,positive
0.6826985084125973,0.7031746271031493,0.48,0.5,0.669761940654724,0.4231746271031493,0.3326985084125973,positive
0.6375344749130537,0.7257887558370052,0.48,0.5,0.6650689498261075,0.42695256855437086,0.2743491438152097,positive
0.7522280962049621,0.7388330860528599,0.48,0.5,0.8355702405124052,0.5655438075900757,0.2888595189751894,positive
0.6965798642811778,0.8875942469374793,0.48,0.5,0.6692460245001651,0.5113913704062191,0.2651884938749587,positive
0.689776727516033,0.7206438276231405,0.48,0.5,0.6842575310492562,0.4246780861884297,0.3621287655246281,positive
0.672474235073688,0.5998969402947518,0.48,0.5,0.7124398818386052,0.43512023632278957,0.30752576492631206,positive
0.5293471425214775,0.7796217868051982,0.48,0.5,0.7316839281518468,0.37532642873926125,0.3963574994125856,positive
0.6810931333790171,0.6329150223440456,0.48,0.5,0.7281781110349714,0.40109313337901714,0.3021862667580342,positive
0.6481976868495877,0.7154767615894226,0.48,0.5,0.719151210028433,0.4245581494796701,0.2763604626300825,positive
0.6759591648911982,0.8084900213056212,0.48,0.5,0.7955508138031805,0.47020417554400884,0.2619183297823965,positive
0.7354211884635977,0.76,0.48,0.5,0.8320826873623431,0.5450077516518819,0.29375193791297044,positive
0.7447734121579312,0.8331722297889625,0.48,0.5,0.6941087161062125,0.5490936486317249,0.29477341215793124,positive
0.5299143670358109,0.8047819120864155,0.48,0.5,0.7179127648345661,0.3826090439567923,0.3789563824172831,positive
0.6786826210298418,0.6247304841193667,0.48,0.5,0.7269261157362973,0.40614776852740553,0.3013173789701583,positive
0.6699995742277066,0.7019999148455413,0.48,0.5,0.7040002554633761,0.4113331346395964,0.384000255463376,positive
0.698012629798441,0.6780336794625095,0.48,0.5,0.6999789503359316,0.41801262979844106,0.3360252595968821,positive
0.6323733308342672,0.6871520029988795,0.48,0.5,0.6537973293348274,0.40952533383314654,0.2809493323337069,positive
0.6722170758242435,0.8533950901090779,0.48,0.5,0.7543878340666786,0.48891462087878246,0.25443415164848704,positive
0.7482543238462114,0.7844394661530407,0.48,0.5,0.7846124200014957,0.5630172953848455,0.29825432384621137,positive
0.70746711038802,0.8240899242387134,0.48,0.5,0.7163980032539099,0.4866228138506934,0.2791557034626733,positive
0.5708933800647522,0.7760710799568319,0.48,0.5,0.6012487798489117,0.3517258999640266,0.3517258999640266,positive
0.6323574668700134,0.6687827981698797,0.48,0.5,0.6511787334350067,0.4253235346550868,0.28589366717503345,positive
0.6015604721578555,0.6626831366008936,0.48,0.5,0.7561465092807148,0.37385349071928514,0.3980494098026807,positive
0.7329900555700682,0.7001471190413994,0.48,0.5,0.7292644047930034,0.42014711904139934,0.33700994442993176,positive
0.7069788674849583,0.7092447168712396,0.48,0.5,0.6788670753068594,0.4292447168712396,0.3569788674849584,positive
0.6871468055524073,0.8848990873006878,0.48,0.5,0.6908073015944977,0.5073486309510317,0.25979817460137555,positive
0.743438027374817,0.76,0.48,0.5,0.8309374246607404,0.5587509040711148,0.2971877260177787,positive
0.7469959214186872,0.8020571001383797,0.48,0.5,0.7518939568858662,0.5579836856747487,0.29699592141868714,positive
0.5254092009082699,0.8040990535546148,0.48,0.5,0.7165577812401919,0.38147523661134636,0.37508254462884555,positive
0.681520881972798,0.6150696065759933,0.48,0.5,0.6705069606575994,0.4822117163832037,0.345760440986399,positive
0.6287310250010479,0.65136207291623,0.48,0.5,0.747089658332984,0.382910341667016,0.36408621874869007,positive
0.6882764247831782,0.6520704660884751,0.48,0.5,0.716205958694703,0.40827642478317816,0.3165528495663563,positive
0.651704152689065,0.663955016773122,0.48,0.5,0.6847266443025041,0.405659169462187,0.28868166107562604,positive
0.6725392697267593,0.8495287632788898,0.48,0.5,0.7579319669943511,0.48730365136620407,0.2550785394535184,positive
0.7325169569482942,0.76,0.48,0.5,0.832497577578815,0.5400290690542185,0.29250726726355464,positive
0.720726799519486,0.7779363969567454,0.48,0.5,0.6406684017618842,0.4657559983982871,0.33497080112119904,positive
0.5324721072494475,0.7694656514392959,0.48,0.5,0.7355901340618093,0.37376394637527627,0.401826187686533,positive
0.6839102546413522,0.6230341821378409,0.48,0.5,0.6713034182137841,0.4778311998241875,0.3469551273206761,positive
0.658157330156505,0.699631466031301,0.48,0.5,0.7111056019060971,0.4058067540730356,0.391105601906097,positive
0.7419804330952383,0.6962941001020407,0.48,0.5,0.7485294994897965,0.4162941001020407,0.32801956690476164,positive
0.6505343335894521,0.7187480670252329,0.48,0.5,0.7280304676399179,0.42642746687156163,0.2758931332821096,positive
0.673384585250528,0.8393849769936645,0.48,0.5,0.7672304377558075,0.48307707374736025,0.2567691705010559,positive
0.7523413880559462,0.7377568134685113,0.48,0.5,0.8358534701398654,0.5653172238881076,0.28829305972026914,positive
0.7162116900900563,0.7493407039036898,0.48,0.5,0.657223803003127,0.45070563363352095,0.3455060564565353,positive
0.550597466917294,0.789601688721804,0.48,0.5,0.648605910526314,0.36300140726817,0.36300140726817,positive
0.6426533124885597,0.576120187602963,0.48,0.5,0.6563266562442799,0.4922465311756378,0.31163328122139916,positive
0.5842916927616842,0.6834702418230978,0.48,0.5,0.7283570981228271,0.3773512091154887,0.39100588900733835,positive
0.7037528196607761,0.6933408524287362,0.48,0.5,0.6904119672320399,0.4237528196607761,0.34750563932155215,positive
0.6553969298053031,0.6595236842336364,0.48,0.5,0.6906350876884848,0.4049206140389394,0.2901587719221212,positive
0.6701592282731463,0.8780892607222444,0.48,0.5,0.7317515110046093,0.49920385863426847,0.2503184565462926,positive
0.7401077288123273,0.8984917966274166,0.48,0.5,0.5728009491205119,0.5304309152493095,0.2901077288123274,positive
0.7439800320784616,0.8442795509015366,0.48,0.5,0.6734808340400035,0.5459201283138467,0.2939800320784617,positive
0.5201025843668066,0.8099460082279966,0.48,0.5,0.7199784032911986,0.3800269958860017,0.3799892016455993,positive
0.6538067631457737,0.5226892104859121,0.48,0.5,0.6612689210485913,0.5330209342327483,0.33190338157288685,positive
0.5990386088065277,0.6855769441152182,0.48,0.5,0.7030766706173812,0.3878847205760912,0.35519195004128995,positive
0.6854909689003152,0.644642583734174,0.48,0.5,0.7208483851661412,0.4054909689003153,0.31098193780063055,positive
0.6782793269534436,0.7020698317383609,0.48,0.5,0.6681047476075415,0.4220698317383609,0.32827932695344364,positive
0.6746598502807238,0.7635037429819046,0.48,0.5,0.73,0.45340149719276185,0.27329925140361905,positive
0.7466167718726283,0.8073651937832043,0.48,0.5,0.7420360686883349,0.5564670874905131,0.29661677187262825,positive
0.7148021385408794,0.740413544092236,0.48,0.5,0.6623921586834424,0.4460071284695979,0.34879501007128144,positive
0.5420076280352366,0.7384752088854811,0.48,0.5,0.7475095350440457,0.3689961859823817,0.41851334906166404,positive
0.6305695324527328,0.684874207925404,0.48,0.5,0.6502847662263664,0.4137019609427637,0.2814238311318322,positive
0.5974130166952444,0.6644112430436482,0.48,0.5,0.7575289944349185,0.37247100556508145,0.4032337291309446,positive
0.6883441024213427,0.7460931626310955,0.48,0.5,0.7954981204195055,0.4444372650524382,0.2950323072640282,positive
0.6302572309874692,0.6869132281503694,0.48,0.5,0.6512861549373461,0.4079421521002463,0.2794855380250616,positive
0.636697462266469,0.7218129457657276,0.48,0.5,0.663394924532938,0.4250692900995552,0.2749769033001483,positive
0.7401116465778053,0.8984369479107265,0.48,0.5,0.5729028110229366,0.5304465863112211,0.29011164657780525,positive
0.7200194864556316,0.8942912818444662,0.48,0.5,0.6156697452442705,0.5214369227666993,0.2785825636889323,positive
0.5410454878378917,0.7870412859950272,0.48,0.5,0.7066074168304325,0.3857396785012432,0.36086773832918934,positive
0.6937663977038225,0.6558879923460751,0.48,0.5,0.6745887992346076,0.4597616042096587,0.35188319885191127,positive
0.5795311884612669,0.6839062376922534,0.48,0.5,0.7582812869232399,0.3691145546152579,0.43828128692323987,positive
0.6824879638892982,0.6366345703714618,0.48,0.5,0.7258533935178364,0.4024879638892982,0.3049759277785963,positive
0.6724476528192205,0.7494267139469086,0.48,0.5,0.8113010807130376,0.44395812225537634,0.2715104694361559,positive
0.6752897134182312,0.747757164544222,0.48,0.5,0.73,0.4471028658176888,0.2764485670911556,positive
0.6829994424316413,0.76,0.48,0.5,0.8395715082240512,0.45514190131138516,0.2712854753278463,positive
0.7265090002521599,0.8961454286434744,0.48,0.5,0.6008365708522058,0.5242181429652114,0.2822908572869485,positive
0.52711758982545,0.8052549401163668,0.48,0.5,0.7033922904072835,0.3760457834303056,0.3760457834303056,positive
0.6515085477083424,0.5160341908333694,0.48,0.5,0.6635199446527988,0.5329601106944023,0.32849145229165766,positive
0.6054367388449625,0.6864909626921375,0.48,0.5,0.69210844769435,0.3924548134606875,0.33965363423366246,positive
0.6969272841571555,0.731787859738074,0.48,0.5,0.749721151161837,0.43871514389522964,0.3207818524714667,positive
0.6359927063223177,0.618087524132187,0.48,0.5,0.6799635316115887,0.36205834942145804,0.26801458735536454,positive
