@relation ecoli4
@attribute Mcg real [0.0, 0.89]
@attribute Gvh real [0.16, 1.0]
@attribute Lip real [0.48, 1.0]
@attribute Chg real [0.5, 1.0]
@attribute Aac real [0.0, 0.88]
@attribute Alm1 real [0.03, 1.0]
@attribute Alm2 real [0.0, 0.99]
@attribute Class {positive, negative}
@data
0.49,0.29,0.48,0.5,0.56,0.24,0.35,negative
0.07,0.4,0.48,0.5,0.54,0.35,0.44,negative
0.56,0.4,0.48,0.5,0.49,0.37,0.46,negative
0.59,0.49,0.48,0.5,0.52,0.45,0.36,negative
0.23,0.32,0.48,0.5,0.55,0.25,0.35,negative
0.67,0.39,0.48,0.5,0.36,0.38,0.46,negative
0.29,0.28,0.48,0.5,0.44,0.23,0.34,negative
0.21,0.34,0.48,0.5,0.51,0.28,0.39,negative
0.2,0.44,0.48,0.5,0.46,0.51,0.57,negative
0.42,0.4,0.48,0.5,0.56,0.18,0.3,negative
0.42,0.24,0.48,0.5,0.57,0.27,0.37,negative
0.25,0.48,0.48,0.5,0.44,0.17,0.29,negative
0.39,0.32,0.48,0.5,0.46,0.24,0.35,negative
0.51,0.5,0.48,0.5,0.46,0.32,0.35,negative
0.22,0.43,0.48,0.5,0.48,0.16,0.28,negative
0.25,0.4,0.48,0.5,0.46,0.44,0.52,negative
0.44,0.27,0.48,0.5,0.55,0.52,0.58,negative
0.23,0.4,0.48,0.5,0.39,0.28,0.38,negative
0.4,0.45,0.48,0.5,0.38,0.22,0.0,negative
0.31,0.23,0.48,0.5,0.73,0.05,0.14,negative
0.51,0.54,0.48,0.5,0.41,0.34,0.43,negative
0.3,0.16,0.48,0.5,0.56,0.11,0.23,negative
0.36,0.39,0.48,0.5,0.48,0.22,0.23,negative
0.29,0.37,0.48,0.5,0.48,0.44,0.52,negative
0.43,0.37,0.48,0.5,0.53,0.35,0.44,negative
0.43,0.39,0.48,0.5,0.47,0.31,0.41,negative
0.34,0.33,0.48,0.5,0.38,0.35,0.44,negative
0.56,0.51,0.48,0.5,0.34,0.37,0.46,negative
0.24,0.35,0.48,0.5,0.31,0.19,0.31,negative
0.36,0.54,0.48,0.5,0.41,0.38,0.46,negative
0.29,0.52,0.48,0.5,0.42,0.29,0.39,negative
0.65,0.47,0.48,0.5,0.59,0.3,0.4,negative
0.32,0.42,0.48,0.5,0.35,0.28,0.38,negative
0.38,0.46,0.48,0.5,0.48,0.22,0.29,negative
0.33,0.45,0.48,0.5,0.52,0.32,0.41,negative
0.3,0.37,0.48,0.5,0.59,0.41,0.49,negative
0.4,0.5,0.48,0.5,0.45,0.39,0.47,negative
0.28,0.38,0.48,0.5,0.5,0.33,0.42,negative
0.61,0.45,0.48,0.5,0.48,0.35,0.41,negative
0.17,0.38,0.48,0.5,0.45,0.42,0.5,negative
0.44,0.35,0.48,0.5,0.55,0.55,0.61,negative
0.43,0.4,0.48,0.5,0.39,0.28,0.39,negative
0.42,0.35,0.48,0.5,0.58,0.15,0.27,negative
0.23,0.33,0.48,0.5,0.43,0.33,0.43,negative
0.37,0.52,0.48,0.5,0.42,0.42,0.36,negative
0.22,0.36,0.48,0.5,0.35,0.39,0.47,negative
0.23,0.58,0.48,0.5,0.37,0.53,0.59,negative
0.47,0.47,0.48,0.5,0.22,0.16,0.26,negative
0.54,0.47,0.48,0.5,0.28,0.33,0.42,negative
0.51,0.37,0.48,0.5,0.35,0.36,0.45,negative
0.4,0.35,0.48,0.5,0.45,0.33,0.42,negative
0.42,0.38,0.48,0.5,0.54,0.34,0.43,negative
0.44,0.56,0.48,0.5,0.5,0.46,0.54,negative
0.52,0.36,0.48,0.5,0.41,0.28,0.38,negative
0.36,0.41,0.48,0.5,0.48,0.47,0.54,negative
0.18,0.3,0.48,0.5,0.46,0.24,0.35,negative
0.24,0.43,0.48,0.5,0.54,0.52,0.59,negative
0.25,0.37,0.48,0.5,0.41,0.33,0.42,negative
0.52,0.57,0.48,0.5,0.42,0.47,0.54,negative
0.25,0.37,0.48,0.5,0.43,0.26,0.36,negative
0.35,0.48,0.48,0.5,0.56,0.4,0.48,negative
0.26,0.26,0.48,0.5,0.34,0.25,0.35,negative
0.44,0.51,0.48,0.5,0.47,0.26,0.36,negative
0.37,0.5,0.48,0.5,0.42,0.36,0.45,negative
0.44,0.42,0.48,0.5,0.42,0.25,0.2,negative
0.41,0.48,0.48,0.5,0.51,0.44,0.51,negative
0.44,0.28,0.48,0.5,0.43,0.27,0.37,negative
0.34,0.28,0.48,0.5,0.41,0.35,0.44,negative
0.29,0.47,0.48,0.5,0.41,0.23,0.34,negative
0.34,0.55,0.48,0.5,0.58,0.31,0.41,negative
0.4,0.46,0.48,0.5,0.52,0.49,0.56,negative
0.5,0.49,0.48,0.5,0.49,0.46,0.53,negative
0.5,0.51,0.48,0.5,0.27,0.23,0.34,negative
0.53,0.42,0.48,0.5,0.16,0.29,0.39,negative
0.34,0.46,0.48,0.5,0.52,0.35,0.44,negative
0.4,0.42,0.48,0.5,0.37,0.27,0.27,negative
0.3,0.45,0.48,0.5,0.36,0.21,0.32,negative
0.31,0.47,0.48,0.5,0.29,0.28,0.39,negative
0.64,0.76,0.48,0.5,0.45,0.35,0.38,negative
0.35,0.37,0.48,0.5,0.3,0.34,0.43,negative
0.57,0.54,0.48,0.5,0.37,0.28,0.33,negative
0.65,0.55,0.48,0.5,0.34,0.37,0.28,negative
0.51,0.46,0.48,0.5,0.58,0.31,0.41,negative
0.33,0.47,0.48,0.5,0.53,0.18,0.29,negative
0.26,0.5,0.48,0.5,0.44,0.32,0.41,negative
0.44,0.49,0.48,0.5,0.39,0.38,0.4,negative
0.43,0.32,0.48,0.5,0.33,0.45,0.52,negative
0.47,0.28,0.48,0.5,0.56,0.2,0.25,negative
0.32,0.33,0.48,0.5,0.6,0.06,0.2,negative
0.34,0.35,0.48,0.5,0.51,0.49,0.56,negative
0.35,0.34,0.48,0.5,0.46,0.3,0.27,negative
0.38,0.3,0.48,0.5,0.43,0.29,0.39,negative
0.38,0.44,0.48,0.5,0.43,0.2,0.31,negative
0.34,0.42,0.48,0.5,0.41,0.34,0.43,negative
0.51,0.49,0.48,0.5,0.53,0.14,0.26,negative
0.25,0.51,0.48,0.5,0.37,0.42,0.5,negative
0.29,0.28,0.48,0.5,0.5,0.42,0.5,negative
0.25,0.26,0.48,0.5,0.39,0.32,0.42,negative
0.24,0.41,0.48,0.5,0.49,0.23,0.34,negative
0.17,0.39,0.48,0.5,0.53,0.3,0.39,negative
0.04,0.31,0.48,0.5,0.41,0.29,0.39,negative
0.61,0.36,0.48,0.5,0.49,0.35,0.44,negative
0.34,0.51,0.48,0.5,0.44,0.37,0.46,negative
0.28,0.33,0.48,0.5,0.45,0.22,0.33,negative
0.4,0.46,0.48,0.5,0.42,0.35,0.44,negative
0.23,0.34,0.48,0.5,0.43,0.26,0.37,negative
0.0,0.38,0.48,0.5,0.42,0.48,0.55,negative
0.39,0.31,0.48,0.5,0.38,0.34,0.43,negative
0.27,0.3,0.48,0.5,0.71,0.28,0.39,negative
0.17,0.52,0.48,0.5,0.49,0.37,0.46,negative
0.36,0.42,0.48,0.5,0.53,0.32,0.41,negative
0.3,0.37,0.48,0.5,0.43,0.18,0.3,negative
0.26,0.4,0.48,0.5,0.36,0.26,0.37,negative
0.22,0.34,0.48,0.5,0.42,0.29,0.39,negative
0.44,0.35,0.48,0.5,0.44,0.52,0.59,negative
0.27,0.42,0.48,0.5,0.37,0.38,0.43,negative
0.16,0.43,0.48,0.5,0.54,0.27,0.37,negative
0.06,0.61,0.48,0.5,0.49,0.92,0.37,negative
0.44,0.52,0.48,0.5,0.43,0.47,0.54,negative
0.63,0.47,0.48,0.5,0.51,0.82,0.84,negative
0.23,0.48,0.48,0.5,0.59,0.88,0.89,negative
0.34,0.49,0.48,0.5,0.58,0.85,0.8,negative
0.43,0.4,0.48,0.5,0.58,0.75,0.78,negative
0.46,0.61,0.48,0.5,0.48,0.86,0.87,negative
0.27,0.35,0.48,0.5,0.51,0.77,0.79,negative
0.52,0.39,0.48,0.5,0.65,0.71,0.73,negative
0.29,0.47,0.48,0.5,0.71,0.65,0.69,negative
0.12,0.67,0.48,0.5,0.74,0.58,0.63,negative
0.4,0.5,0.48,0.5,0.65,0.82,0.84,negative
0.84,0.44,0.48,0.5,0.48,0.71,0.74,negative
0.48,0.45,0.48,0.5,0.6,0.78,0.8,negative
0.54,0.49,0.48,0.5,0.4,0.87,0.88,negative
0.5,0.66,0.48,0.5,0.31,0.92,0.92,negative
0.47,0.55,0.48,0.5,0.58,0.71,0.75,negative
0.33,0.56,0.48,0.5,0.33,0.78,0.8,negative
0.64,0.58,0.48,0.5,0.48,0.78,0.73,negative
0.54,0.57,0.48,0.5,0.56,0.81,0.83,negative
0.47,0.59,0.48,0.5,0.52,0.76,0.79,negative
0.63,0.5,0.48,0.5,0.59,0.85,0.86,negative
0.49,0.42,0.48,0.5,0.53,0.79,0.81,negative
0.31,0.5,0.48,0.5,0.57,0.84,0.85,negative
0.74,0.44,0.48,0.5,0.55,0.88,0.89,negative
0.45,0.4,0.48,0.5,0.61,0.74,0.77,negative
0.71,0.4,0.48,0.5,0.71,0.7,0.74,negative
0.5,0.37,0.48,0.5,0.66,0.64,0.69,negative
0.66,0.53,0.48,0.5,0.59,0.66,0.66,negative
0.83,0.37,0.48,0.5,0.61,0.71,0.74,negative
0.34,0.51,0.48,0.5,0.67,0.9,0.9,negative
0.7,0.4,0.48,0.5,0.56,0.86,0.83,negative
0.6,0.5,1.0,0.5,0.54,0.77,0.8,negative
0.16,0.51,0.48,0.5,0.33,0.39,0.48,negative
0.7,0.46,0.48,0.5,0.56,0.78,0.73,negative
0.12,0.43,0.48,0.5,0.63,0.7,0.74,negative
0.63,0.65,0.48,0.5,0.66,0.67,0.71,negative
0.41,0.51,0.48,0.5,0.53,0.75,0.78,negative
0.34,0.67,0.48,0.5,0.52,0.76,0.79,negative
0.58,0.34,0.48,0.5,0.56,0.87,0.81,negative
0.59,0.56,0.48,0.5,0.55,0.8,0.82,negative
0.51,0.4,0.48,0.5,0.57,0.62,0.67,negative
0.5,0.57,0.48,0.5,0.71,0.61,0.66,negative
0.37,0.47,0.48,0.5,0.39,0.76,0.79,negative
0.58,0.55,0.48,0.5,0.57,0.7,0.74,negative
0.36,0.47,0.48,0.5,0.51,0.69,0.72,negative
0.39,0.41,0.48,0.5,0.52,0.72,0.75,negative
0.35,0.51,0.48,0.5,0.61,0.71,0.74,negative
0.31,0.44,0.48,0.5,0.5,0.79,0.82,negative
0.61,0.66,0.48,0.5,0.46,0.87,0.88,negative
0.48,0.49,0.48,0.5,0.52,0.77,0.71,negative
0.11,0.5,0.48,0.5,0.58,0.72,0.68,negative
0.31,0.36,0.48,0.5,0.58,0.94,0.94,negative
0.68,0.51,0.48,0.5,0.71,0.75,0.78,negative
0.69,0.39,0.48,0.5,0.57,0.76,0.79,negative
0.52,0.54,0.48,0.5,0.62,0.76,0.79,negative
0.36,0.45,0.48,0.5,0.38,0.79,0.17,negative
0.1,0.49,0.48,0.5,0.41,0.67,0.21,negative
0.61,0.47,0.48,0.5,0.0,0.8,0.32,negative
0.63,0.75,0.48,0.5,0.64,0.73,0.66,negative
0.71,0.52,0.48,0.5,0.64,1.0,0.99,negative
0.85,0.53,0.48,0.5,0.53,0.52,0.35,negative
0.63,0.49,0.48,0.5,0.54,0.76,0.79,negative
0.75,0.55,1.0,1.0,0.4,0.47,0.3,negative
0.7,0.39,1.0,0.5,0.51,0.82,0.84,negative
0.72,0.42,0.48,0.5,0.65,0.77,0.79,negative
0.78,0.33,0.48,0.5,0.57,0.77,0.79,negative
0.75,0.37,0.48,0.5,0.64,0.7,0.74,negative
0.59,0.29,0.48,0.5,0.64,0.75,0.77,negative
0.67,0.37,0.48,0.5,0.54,0.64,0.68,negative
0.64,0.46,0.48,0.5,0.48,0.73,0.76,negative
0.76,0.71,0.48,0.5,0.5,0.71,0.75,negative
0.84,0.49,0.48,0.5,0.55,0.78,0.74,negative
0.81,0.44,0.48,0.5,0.42,0.67,0.68,negative
0.58,0.6,0.48,0.5,0.59,0.73,0.76,negative
0.63,0.42,0.48,0.5,0.48,0.77,0.8,negative
0.62,0.42,0.48,0.5,0.58,0.79,0.81,negative
0.86,0.39,0.48,0.5,0.59,0.89,0.9,negative
0.81,0.53,0.48,0.5,0.57,0.87,0.88,negative
0.47,0.46,0.48,0.5,0.62,0.74,0.77,negative
0.76,0.41,0.48,0.5,0.5,0.59,0.62,negative
0.7,0.53,0.48,0.5,0.7,0.86,0.87,negative
0.64,0.45,0.48,0.5,0.67,0.61,0.66,negative
0.81,0.52,0.48,0.5,0.57,0.78,0.8,negative
0.73,0.26,0.48,0.5,0.57,0.75,0.78,negative
0.49,0.61,1.0,0.5,0.56,0.71,0.74,negative
0.88,0.42,0.48,0.5,0.52,0.73,0.75,negative
0.63,0.51,0.48,0.5,0.64,0.72,0.76,negative
0.79,0.54,0.48,0.5,0.5,0.66,0.68,negative
0.57,0.38,0.48,0.5,0.06,0.49,0.33,negative
0.78,0.44,0.48,0.5,0.45,0.73,0.68,negative
0.78,0.68,0.48,0.5,0.83,0.4,0.29,positive
0.63,0.69,0.48,0.5,0.65,0.41,0.28,positive
0.67,0.88,0.48,0.5,0.73,0.5,0.25,positive
0.61,0.75,0.48,0.5,0.51,0.33,0.33,positive
0.67,0.84,0.48,0.5,0.74,0.54,0.37,positive
0.73,0.84,0.48,0.5,0.86,0.58,0.29,positive
0.75,0.76,0.48,0.5,0.83,0.57,0.3,positive
0.77,0.57,0.48,0.5,0.88,0.53,0.2,positive
0.74,0.78,0.48,0.5,0.75,0.54,0.15,positive
0.68,0.76,0.48,0.5,0.84,0.45,0.27,positive
0.56,0.68,0.48,0.5,0.77,0.36,0.45,positive
0.65,0.51,0.48,0.5,0.66,0.54,0.33,positive
0.6,0.76,1.0,0.5,0.77,0.59,0.52,positive
0.69,0.59,0.48,0.5,0.77,0.39,0.21,positive
0.71,0.71,0.48,0.5,0.68,0.43,0.36,positive
0.68,0.63,0.48,0.5,0.73,0.4,0.3,positive
0.77,0.57,1.0,0.5,0.37,0.54,0.01,negative
0.71,0.46,1.0,0.5,0.52,0.59,0.3,negative
0.68,0.49,1.0,0.5,0.62,0.55,0.28,negative
0.74,0.49,0.48,0.5,0.42,0.54,0.36,negative
0.7,0.61,0.48,0.5,0.56,0.52,0.43,negative
0.66,0.86,0.48,0.5,0.34,0.41,0.36,negative
0.73,0.78,0.48,0.5,0.58,0.51,0.31,negative
0.72,0.86,0.48,0.5,0.17,0.55,0.21,negative
0.67,0.81,0.48,0.5,0.54,0.49,0.23,negative
0.67,0.61,0.48,0.5,0.51,0.37,0.38,negative
0.63,1.0,0.48,0.5,0.35,0.51,0.49,negative
0.57,0.59,0.48,0.5,0.39,0.47,0.33,negative
0.71,0.71,0.48,0.5,0.4,0.54,0.39,negative
0.66,0.74,0.48,0.5,0.31,0.38,0.43,negative
0.67,0.81,0.48,0.5,0.25,0.42,0.25,negative
0.64,0.72,0.48,0.5,0.49,0.42,0.19,negative
0.68,0.82,0.48,0.5,0.38,0.65,0.56,negative
0.32,0.39,0.48,0.5,0.53,0.28,0.38,negative
0.63,0.86,0.48,0.5,0.39,0.47,0.34,negative
0.63,0.83,0.48,0.5,0.4,0.39,0.19,negative
0.63,0.71,0.48,0.5,0.6,0.4,0.39,negative
0.71,0.86,0.48,0.5,0.4,0.54,0.32,negative
0.68,0.78,0.48,0.5,0.43,0.44,0.42,negative
0.64,0.84,0.48,0.5,0.37,0.45,0.4,negative
0.74,0.47,0.48,0.5,0.5,0.57,0.42,negative
0.75,0.84,0.48,0.5,0.35,0.52,0.33,negative
0.69,0.67,0.48,0.5,0.3,0.39,0.24,negative
0.7,0.71,0.48,0.5,0.42,0.84,0.85,negative
0.69,0.8,0.48,0.5,0.46,0.57,0.26,negative
0.63,0.8,0.48,0.5,0.46,0.31,0.29,negative
0.66,0.71,0.48,0.5,0.41,0.5,0.35,negative
0.64,0.78,0.48,0.5,0.5,0.36,0.38,negative
0.62,0.78,0.48,0.5,0.47,0.49,0.54,negative
0.76,0.73,0.48,0.5,0.44,0.39,0.39,negative
0.29,0.39,0.48,0.5,0.52,0.4,0.48,negative
0.62,0.83,0.48,0.5,0.46,0.36,0.4,negative
0.56,0.54,0.48,0.5,0.43,0.37,0.3,negative
0.69,0.66,0.48,0.5,0.41,0.5,0.25,negative
0.69,0.65,0.48,0.5,0.63,0.48,0.41,negative
0.43,0.59,0.48,0.5,0.52,0.49,0.56,negative
0.74,0.56,0.48,0.5,0.47,0.68,0.3,negative
0.71,0.57,0.48,0.5,0.48,0.35,0.32,negative
0.61,0.6,0.48,0.5,0.44,0.39,0.38,negative
0.59,0.61,0.48,0.5,0.42,0.42,0.37,negative
0.5785433598714738,0.7170867197429475,0.7210636783291582,0.5,0.77,0.4666243192609738,0.482450879775079,positive
0.6187728463165922,0.6555113140347533,0.48,0.5,0.7504090512278025,0.3795909487721974,0.3765339421042597,positive
0.7171778994769843,0.8485480670153438,0.48,0.5,0.8322187822001327,0.5629038659693124,0.2814519329846562,positive
0.6581738068363586,0.6970434517090895,0.48,0.5,0.6605651775636345,0.41704345170908963,0.3081738068363586,positive
0.6660330345096007,0.740446248313441,0.48,0.5,0.7869255311364828,0.4388264276076806,0.2727933930980799,positive
0.67,0.8712260907973632,0.48,0.5,0.7321934773006592,0.5087739092026368,0.27632172760791024,positive
0.6390111751886611,0.76,0.8647612593459748,0.5,0.7856044700754644,0.5847985099748452,0.4627836097232971,positive
0.6947180109707178,0.7069436021941435,0.48,0.5,0.6891691934175693,0.4228684051196683,0.36916919341756926,positive
0.709411167516067,0.8236983321199043,0.48,0.5,0.7412603335760192,0.5225206671520383,0.1936983321199043,positive
0.7738564836258439,0.6826329355889241,0.48,0.5,0.8168353220553797,0.40263293558892405,0.2961435163741561,positive
0.6681341156264111,0.7433877618769754,0.48,0.5,0.7949096393803619,0.44050729250112886,0.2723731768747178,positive
0.7121008136827219,0.7978991863172781,0.48,0.5,0.7873634153930621,0.5557878051310207,0.3331617880276183,positive
0.6884325454648962,0.76,0.6934338423883598,0.5,0.8053730181859584,0.5782089939380138,0.39029893331815224,positive
0.625895122408426,0.6525436989964892,0.48,0.5,0.7480349591971913,0.3819650408028087,0.36763109698946744,positive
0.7213111412163321,0.8066983696909541,0.48,0.5,0.7446603260618092,0.5293206521236183,0.1766983696909541,positive
0.6882847631620026,0.7461920613966624,0.48,0.5,0.7958145964693197,0.444476824558665,0.29485428948600767,positive
0.6535781425858749,0.6617062288969501,0.48,0.5,0.6877250281373999,0.40528437148282503,0.28943125703434996,positive
0.697739735571123,0.812260264428877,0.48,0.5,0.7712072025175133,0.5504024008391711,0.34572773137526736,positive
0.5859503576477623,0.7319007152955245,0.8173546494209091,0.5,0.77,0.5092145564746329,0.49541312588358394,positive
0.5633163880492332,0.6786181716461529,0.48,0.5,0.7688945373169223,0.3611054626830777,0.44585451493845857,positive
0.6702231999540273,0.8773216005516721,0.48,0.5,0.7324551994943006,0.49888400022986334,0.2504463999080547,positive
0.7060115991897098,0.6993642645058928,0.48,0.5,0.686647334683817,0.4260115991897098,0.3520231983794196,positive
0.6534226785751203,0.7227917500051683,0.48,0.5,0.7390061785854567,0.42873814286009615,0.275315464284976,positive
0.6888716026481487,0.84,0.48,0.5,0.7777432052962974,0.5525810684320991,0.3448378631358017,positive
0.6746818587808792,0.76,0.7411028895596188,0.5,0.7998727435123517,0.580042418829216,0.41046660712137717,positive
0.6473477182448041,0.6436051173979983,0.48,0.5,0.7408840939183986,0.38911590608160135,0.34081535219399495,positive
0.67,0.8478805327512142,0.48,0.5,0.7380298668121964,0.5321194672487858,0.3463584017463573,positive
0.6967336452795249,0.6746230540787329,0.48,0.5,0.7021105912007919,0.41673364527952483,0.33346729055904967,positive
0.6471270283565576,0.669447565972131,0.48,0.5,0.677403245370492,0.4065745943286885,0.286850811342623,positive
0.6879116201139689,0.7817872346296012,0.48,0.5,0.7131325698290467,0.4907430446865857,0.3655220949715078,positive
0.6568739138162437,0.8249987586471357,0.577508068793618,0.5,0.7456254655073241,0.5493757758455402,0.39812732753662056,positive
0.5706628737235504,0.681523267674793,0.48,0.5,0.7517207879024852,0.3676163383739645,0.4241044495285206,positive
0.6745646587450702,0.8252240950591582,0.48,0.5,0.7802112461957716,0.47717670627464925,0.25912931749014034,positive
0.7544386859753126,0.6909548488677232,0.48,0.5,0.7752257556613841,0.4109548488677232,0.3155613140246874,positive
0.6466808523978274,0.6699829771226071,0.48,0.5,0.6766893638365238,0.4066638295204345,0.28667234095913097,positive
0.673476424253311,0.8287016211767395,0.48,0.5,0.7347853636200337,0.530439833303395,0.36913089393667226,positive
0.6212621916042725,0.7730844256026292,0.9149512335829096,0.5,0.784719978802958,0.5883644467996713,0.4823822763924408,positive
0.6082014028658544,0.7474819640121961,0.48,0.5,0.519352705097557,0.33107915828048734,0.3343166331219494,positive
0.6794239465022477,0.8737173689985015,0.48,0.5,0.75041855075487,0.5125652620029969,0.25628263100149845,positive
0.7159492039902413,0.7074503411470394,0.48,0.5,0.692748294264803,0.4274503411470394,0.3540507960097586,positive
0.668023521879904,0.6443717737441153,0.48,0.5,0.7108376350078462,0.4023952956240192,0.29520940875196156,positive
0.67,0.8411675748787885,0.48,0.5,0.7397081062803028,0.5388324251212115,0.3664972753636344,positive
0.6526269442906746,0.8201450791893423,0.6090569852692748,0.5,0.7474455953039966,0.5524093255066611,0.4072279765199831,positive
0.5819830087702927,0.7107762122784099,0.48,0.5,0.6556883543944777,0.3468101947378244,0.3972407789512974,positive
0.6769666011674706,0.8700477126178991,0.48,0.5,0.7319904574764202,0.5039809149528404,0.2400477126178991,positive
0.6819142682581275,0.6351047153550067,0.48,0.5,0.7268095529031209,0.40191426825812754,0.30382853651625497,positive
0.6639031034256091,0.6877397931049594,0.48,0.5,0.6906837241107309,0.4077397931049594,0.2822602068950406,positive
0.695714208263992,0.7564288231420259,0.48,0.5,0.701428687604012,0.46928592727402196,0.363571447934002,positive
0.573834560511496,0.7076691210229918,0.6598492866494468,0.5,0.77,0.4395487229411014,0.47421048089511786,positive
0.5969651323186714,0.664597861533887,0.48,0.5,0.7576782892271096,0.37232171077289045,0.4037935846016608,positive
0.6745374520911969,0.8255505749056378,0.48,0.5,0.7799119730031654,0.47731273954401576,0.2590749041823937,positive
0.7299710104183711,0.7014409955349837,0.48,0.5,0.7227950223250811,0.4214409955349838,0.3400289895816288,positive
0.6713244151799149,0.6404107017841021,0.48,0.5,0.7161190642878639,0.40173511696401704,0.29652976607196596,positive
0.6920221961921619,0.7684278623754737,0.48,0.5,0.7069667057117571,0.4794389604715547,0.3644944509519595,positive
0.6501812435400812,0.8173499926172357,0.6272250479879679,0.5,0.7484937527685366,0.5541562546142277,0.41246876384268305,positive
0.5658250953994005,0.6808321564856287,0.48,0.5,0.7600141221724563,0.36416078242814315,0.43585333974431323,positive
0.7368155299262932,0.7845492429624383,0.48,0.5,0.7490901514075123,0.5381803028150247,0.15454924296243827,positive
0.7515763992782696,0.692181543166456,0.48,0.5,0.7690922841677204,0.41218154316645594,0.3184236007217305,positive
0.664689400688426,0.7385651609637963,0.48,0.5,0.7818197226160186,0.43775152055074074,0.2730621198623148,positive
0.7077358555526773,0.84,0.48,0.5,0.8154717111053545,0.5651572370351182,0.3196855259297636,positive
0.5955386485110478,0.7510772970220955,0.9420024306436204,0.5,0.77,0.5643472289385244,0.5121926348943335,positive
0.6347863890916088,0.6949572778183217,0.48,0.5,0.7251281665450348,0.3949003149094174,0.40512816654503475,positive
0.6786027684174962,0.7767667789900459,0.48,0.5,0.8246304525924579,0.4569861579125191,0.2672055368349924,positive
0.7069097348538333,0.7017592929435557,0.48,0.5,0.6851504419102777,0.4269097348538334,0.35381946970766676,positive
0.665361630300954,0.6988404075752385,0.48,0.5,0.6632606113628577,0.4188404075752385,0.315361630300954,positive
0.67,0.8682187597600073,0.48,0.5,0.7329453100599982,0.5117812402399927,0.28534372071997816,positive
0.6289457262722186,0.76,0.8996548155896421,0.5,0.7815782905088875,0.5861405698303708,0.47754626813407935,positive
0.5661205698628978,0.6812241139725795,0.48,0.5,0.7663276580822613,0.36285626593601894,0.4463276580822614,positive
0.67,0.8748141520919892,0.48,0.5,0.7312964619770027,0.5051858479080108,0.26555754372403223,positive
0.7057882777467327,0.6987687406579538,0.48,0.5,0.6870195370887788,0.42578827774673267,0.3515765554934654,positive
0.6461797112344725,0.694044927808618,0.48,0.5,0.6560673917129272,0.41404492780861807,0.29617971123447245,positive
0.716235664046108,0.84,0.48,0.5,0.8324713280922159,0.5708237760307386,0.3083524479385227,positive
0.5951816061126882,0.7503632122253765,0.9373608794649473,0.5,0.77,0.5622942351479574,0.5115678106972045,positive
0.6799676217146303,0.6300134909522374,0.48,0.5,0.7300107927617899,0.39998920723821013,0.30004047285671215,positive
0.737116343486059,0.7841195093056299,0.48,0.5,0.749176098138874,0.5383521962777481,0.15411950930562993,positive
0.6908624854026139,0.6589666277403036,0.48,0.5,0.7118958576623102,0.4108624854026139,0.32172497080522766,positive
0.7560131879811665,0.6815991208012556,0.48,0.5,0.8012158255773997,0.4015991208012556,0.2884008791987444,positive
0.6818825210158036,0.8013818066986382,0.48,0.5,0.7221762184762945,0.5073230672065401,0.3670293697460491,positive
0.6175458686327634,0.7800524212945867,0.8696592615851859,0.5,0.76248034201453,0.5774672366908833,0.4824017100726498,positive
0.6018675803364208,0.685981082905203,0.48,0.5,0.6982270051375643,0.3899054145260149,0.3483215906115494,positive
0.6884487537835215,0.8536446374521122,0.48,0.5,0.7352710725095776,0.5105421450191552,0.22364463745211216,positive
0.702795644922765,0.7081989112306912,0.48,0.5,0.677298366846037,0.42819891123069126,0.35279564492276505,positive
0.6757922876306038,0.6350492548432755,0.48,0.5,0.723267660208966,0.40084154247387926,0.2983169150522415,positive
0.6902548426248285,0.84,0.48,0.5,0.7805096852496569,0.5535032284165523,0.3429935431668954,positive
0.6030111407456717,0.7634413037093392,0.9776315258892952,0.5,0.7687095111089978,0.587849185181663,0.513547555544989,positive
0.7081556700667521,0.7096311340133504,0.48,0.5,0.6811065979599488,0.4291393126978177,0.3611065979599487,positive
0.6924375752125114,0.8650416165249925,0.48,0.5,0.7786147462937745,0.5299167669500151,0.26495838347500755,positive
0.6978710729713596,0.6776561945902924,0.48,0.5,0.7002148783810672,0.41787107297135967,0.3357421459427193,positive
0.6893244282826294,0.6860450381144914,0.48,0.5,0.7211893139391553,0.4060450381144914,0.2839549618855086,positive
0.711871455776023,0.798128544223977,0.48,0.5,0.7871053877480257,0.5557017959160085,0.3333624761959799,positive
0.6435715248412165,0.7868132460561332,0.8257139006351337,0.5,0.8001649018131499,0.5866483442429833,0.44291191758861687,positive
0.5898060907063086,0.721728526988832,0.48,0.5,0.6150083283271951,0.34211634557621484,0.37846538230485927,positive
0.7172000918403579,0.8125712973709173,0.48,0.5,0.7434857405258165,0.5269714810516332,0.18257129737091723,positive
0.7569521521812385,0.6898776490651836,0.48,0.5,0.7806117546740823,0.40987764906518354,0.3130478478187616,positive
0.6660995969895148,0.6466804836125822,0.48,0.5,0.7077593551832236,0.4027800806020971,0.29443983879580593,positive
0.7099900830319813,0.8000099169680187,0.48,0.5,0.7849888434109789,0.554996281136993,0.3350086773470164,positive
0.7173154158214481,0.832194102043968,0.5307383367142073,0.5,0.8512183647994641,0.5809757372445039,0.3124419566235917,positive
0.5641999395738766,0.6805999913676967,0.48,0.5,0.7628001035876403,0.36299995683848324,0.43980014674915696,positive
0.715704577905872,0.8495302813960852,0.48,0.5,0.8290265854627228,0.5609394372078294,0.2804697186039147,positive
0.7033024683894764,0.7083256170973691,0.48,0.5,0.6774884256460537,0.4283256170973691,0.35330246838947643,positive
0.6440910994483352,0.6730906806619977,0.48,0.5,0.6725457591173364,0.40718178011033296,0.2856364397793341,positive
0.7044637598818749,0.8055362401181251,0.48,0.5,0.7787717298671092,0.5529239099557031,0.33984421010335947,positive
0.7209025619239098,0.8344015765685598,0.5163897523043608,0.5,0.8537017736396298,0.58069980292893,0.3060954673653904,positive
0.683551317213384,0.7047102634426767,0.48,0.5,0.6958692096719696,0.41765728136624586,0.3758692096719696,positive
0.7365281470004398,0.7849597899993717,0.48,0.5,0.7490080420001257,0.5380160840002514,0.15495978999937166,positive
0.6845060800705944,0.7524898665490093,0.48,0.5,0.8159675729568299,0.44699594661960373,0.28351824021178323,positive
0.6337854061312509,0.685457512642499,0.48,0.5,0.6560566498100013,0.4092429187737498,0.2815141624525004,positive
0.7234827131738707,0.84,0.48,0.5,0.8469654263477414,0.5756551421159137,0.2986897157681724,positive
0.5724704358284208,0.7049408716568417,0.6421156657694711,0.5,0.77,0.4317050060134199,0.4718232626997365,positive
0.6625306894781452,0.6372788793841062,0.48,0.5,0.735823103507285,0.3941768964927151,0.32183663815231855,positive
0.6750328006542865,0.8196063921485625,0.48,0.5,0.7853608071971511,0.4748359967285677,0.2600656013085729,positive
0.7068893308260293,0.7017048822027449,0.48,0.5,0.6851844486232845,0.4268893308260293,0.3537786616520586,positive
0.6354712990062854,0.6834344411924574,0.48,0.5,0.6587540784100566,0.4089057401987429,0.2821885196025142,positive
0.7381113678007218,0.7718886321992782,0.48,0.5,0.816625288775812,0.5655417629252706,0.31040255317436843,positive
0.5796268298031917,0.7192536596063833,0.7351487874414915,0.5,0.77,0.47285427136835195,0.48434695215558543,positive
0.6492675093028157,0.6978535018605632,0.48,0.5,0.7164394944183106,0.4016581710079806,0.39643949441831056,positive
0.6815872111089367,0.8634468412729476,0.48,0.5,0.7333106317454104,0.506621263490821,0.23344684127294754,positive
0.6938081425128296,0.7059520356282074,0.48,0.5,0.6739280534423111,0.4259520356282074,0.3438081425128296,positive
0.655189707388343,0.7252655903436802,0.48,0.5,0.7457208880757035,0.4301517659106744,0.2749620585223314,positive
0.7104892486474494,0.84,0.48,0.5,0.8209784972948988,0.5669928324316329,0.3160143351367341,positive
0.6072940502690131,0.76,0.9747139590674213,0.5,0.7729176201076052,0.5890274599641315,0.5093020596054475,positive
0.5942923995370378,0.6848989142195768,0.48,0.5,0.711213029365078,0.38449457109788415,0.3667184582671939,positive
0.6838964721639794,0.8707356852240138,0.48,0.5,0.7601090230219553,0.5185286295519725,0.25926431477598627,positive
0.6902498487959546,0.6573329301225457,0.48,0.5,0.7129169186734089,0.41024984879595466,0.32049969759190927,positive
0.6589327440626035,0.7305058416876448,0.48,0.5,0.759944427437893,0.43314619525008274,0.2742134511874793,positive
0.7253018459880547,0.84,0.48,0.5,0.8506036919761094,0.5768678973253698,0.29626420534926035,positive
0.6209287159793078,0.7839185325477803,0.844529538439428,0.5,0.7610305502945824,0.5750509171576373,0.4751527514729119,positive
0.6226960187336209,0.6538766588609913,0.48,0.5,0.7491013270887931,0.380898672911207,0.3716299765829739,positive
0.6790368258848624,0.8739754494100918,0.48,0.5,0.7495797894172016,0.5120491011798164,0.2560245505899082,positive
0.6874058640775098,0.7043514660193774,0.48,0.5,0.6715271990290662,0.42435146601937745,0.33740586407750983,positive
0.6853449367075685,0.7038362341768921,0.48,0.5,0.6707543512653382,0.4238362341768921,0.33534493670756843,positive
0.7010477909904578,0.739094679281012,0.48,0.5,0.6934283135143133,0.45461857477624096,0.36223805225238553,positive
0.6015905950097763,0.7618178228683158,0.9881841513559476,0.5,0.7693183164243816,0.5888638607073027,0.5165915821219079,positive
0.5966329609432925,0.7312861453206096,0.48,0.5,0.5795086030948786,0.33802022343402444,0.3620808937360978,positive
0.67,0.8590040664801621,0.48,0.5,0.7352489833799595,0.5209959335198379,0.3129878005595134,positive
0.6845092125963949,0.7524846456726754,0.48,0.5,0.8159508661525612,0.4469938582690702,0.28352763778918433,positive
0.6682685290082901,0.6440777651900518,0.48,0.5,0.7112296464132642,0.402346294198342,0.2953074116033161,positive
0.7161409155157856,0.7938590844842144,0.48,0.5,0.7919085299552587,0.5573028433184196,0.3296266989236876,positive
0.6503678125753367,0.790995576969438,0.7985287496986531,0.5,0.8048700240906177,0.5861255528788202,0.43088771621286576,positive
0.6663729936029459,0.6356779193321059,0.48,0.5,0.7345423354656847,0.3954576645343153,0.31703375799631767,positive
0.7000229454735802,0.8599847030176131,0.48,0.5,0.7950497151927572,0.5400305939647737,0.27001529698238685,positive
0.7050057105951357,0.6966818949203619,0.48,0.5,0.6883238156747739,0.4250057105951357,0.35001142119027145,positive
0.6701134648646423,0.7000283662161605,0.48,0.5,0.6650425493242409,0.4200283662161606,0.3201134648646423,positive
0.680929702227457,0.829070297772543,0.48,0.5,0.7522959150058891,0.5440986383352964,0.36043651055097514,positive
0.7131516993640126,0.76,0.6077407755380896,0.5,0.815260679745605,0.5749131067514649,0.3540441742661148,positive
0.6030094111431884,0.6620794120236716,0.48,0.5,0.7556635296189372,0.37433647038106277,0.39623823607101455,positive
0.6794514010083116,0.7665831879002623,0.48,0.5,0.8339654110914263,0.4527429949584426,0.268902802016623,positive
0.6807864424344243,0.7586892626092929,0.48,0.5,0.8358056403497374,0.4494757050437172,0.2723593273032727,positive
0.6790962057138134,0.7587346879993386,0.48,0.5,0.8365655817124904,0.44927696457105065,0.27018075885723736,positive
0.6738367144808917,0.84,0.48,0.5,0.7476734289617832,0.5425578096539277,0.36488438069214446,positive
0.667544846519327,0.8371941103078022,0.49823828299928563,0.5,0.7410522086345742,0.5417536810576237,0.3752610431728709,positive
0.6248905948726771,0.6529622521363846,0.48,0.5,0.7483698017091077,0.38163019829089234,0.3688867564091538,positive
0.6738677615948043,0.8335868608623486,0.48,0.5,0.7725453775428471,0.48066119202597857,0.2577355231896086,positive
0.7362255532415398,0.6987604771821972,0.48,0.5,0.736197614089014,0.4187604771821972,0.3337744467584602,positive
0.6710887270133248,0.687260751532445,0.48,0.5,0.6993064724159898,0.407260751532445,0.282739248467555,positive
0.7367862514138943,0.7732137485861057,0.48,0.5,0.815134532840631,0.5650448442802103,0.3115620300128425,positive
0.6552716587645955,0.8231676100166805,0.5894105348915764,0.5,0.7463121462437448,0.5505202437395746,0.40156073121872393,positive
0.6061111948610227,0.6865873135515747,0.48,0.5,0.6909522373811041,0.3929365677578733,0.33801566962323076,positive
0.726814668902156,0.7988361872826344,0.48,0.5,0.7462327625434731,0.5324655250869463,0.16883618728263433,positive
0.7177983367173674,0.7066578556925568,0.48,0.5,0.6967107215372159,0.4266578556925568,0.3522016632826326,positive
0.6610143826563016,0.652782740812438,0.48,0.5,0.6996230122500826,0.4037971234687397,0.29240575306252065,positive
0.7236137034261156,0.84,0.48,0.5,0.8472274068522314,0.5757424689507438,0.29851506209851236,positive
0.5700343532350828,0.7000687064701655,0.6104465920560753,0.5,0.77,0.41769753110172564,0.46756011816139476,positive
0.6519585724355677,0.6416839281518468,0.48,0.5,0.7393471425214775,0.3906528574785225,0.3350517844555405,positive
0.67,0.8414575111720228,0.48,0.5,0.7396356222069943,0.5385424888279772,0.3656274664839315,positive
0.7354767615894227,0.6990813878902474,0.48,0.5,0.7345930605487629,0.4190813878902474,0.3345232384105773,positive
0.6597958244559912,0.6542450106528106,0.48,0.5,0.6976733191295859,0.4040408351088018,0.29191832978239646,positive
0.67,0.8483307494493727,0.48,0.5,0.7379173126376568,0.5316692505506273,0.34500775165188186,positive
0.5809063513682751,0.7218127027365501,0.751782567787575,0.5,0.77,0.48021152036758125,0.4865861148944813,positive
0.5636526615395093,0.6805218087913585,0.48,0.5,0.7637382945036985,0.3626090439567923,0.44112925054690616,positive
0.679560873676614,0.7652695158806333,0.48,0.5,0.8351696104427528,0.45219563161693055,0.2691217473532278,positive
0.7613331346395964,0.6880000851544588,0.48,0.5,0.7899995742277066,0.4080000851544587,0.30866686536040355,positive
0.6499789503359316,0.6660252595968821,0.48,0.5,0.6819663205374905,0.40600420993281366,0.28799158013437265,positive
0.67,0.8418986646674137,0.48,0.5,0.7395253338331466,0.5381013353325863,0.3643040059977589,positive
0.6155195307697046,0.777736606593948,0.8847120571393373,0.5,0.7633487725272695,0.5789146208787824,0.48674386263634734,positive
0.5861851423068294,0.6852370284613659,0.48,0.5,0.7542889146159024,0.37221973307652034,0.4342889146159024,positive
0.7079550378806433,0.8257785173133667,0.48,0.5,0.7408442965373266,0.5216885930746533,0.19577851731336668,positive
0.6930355399784159,0.7382741000359734,0.48,0.5,0.7704771201151149,0.4413096400143894,0.30910661993524785,positive
0.6741063328249667,0.7517488659549533,0.48,0.5,0.817604064734873,0.4452850662599733,0.2711787334350067,positive
0.6907802360789277,0.84,0.48,0.5,0.7815604721578554,0.5538534907192851,0.3422930185614297,positive
0.6426958174872696,0.786274349222935,0.8292167300509219,0.5,0.799558642875802,0.5867157063471331,0.44446124598406156,positive
0.6273565090493386,0.6896223584356197,0.48,0.5,0.6545316987725625,0.40811179217809895,0.2864199065944635,positive
0.6724495436503439,0.8506054761958732,0.48,0.5,0.7569449801537829,0.4877522817482805,0.2548990873006878,positive
0.7071877260177787,0.7025006027140765,0.48,0.5,0.6846871233037022,0.4271877260177787,0.3543754520355574,positive
0.6859673713494973,0.7039918428373743,0.48,0.5,0.6709877642560615,0.42399184283737434,0.33596737134949733,positive
0.6719669821484618,0.8336073080174992,0.48,0.5,0.7370495267773073,0.5345907990917301,0.36950825446288454,positive
0.6682952442743957,0.8020278426303973,0.7268190229024174,0.5,0.817281322959197,0.5847465196712003,0.39916995243760767,positive
0.6000930979172779,0.6857275854167539,0.48,0.5,0.7012689749989521,0.38863792708376993,0.3526310479151821,positive
0.67,0.8510352330442376,0.48,0.5,0.7372411917389406,0.5289647669557624,0.33689430086728733,positive
0.696977508386561,0.6752733556974959,0.48,0.5,0.701704152689065,0.416977508386561,0.33395501677312195,positive
0.642696348633796,0.6747643816394449,0.48,0.5,0.6703141578140734,0.4074607302732408,0.2850785394535184,positive
0.67,0.8499903103152604,0.48,0.5,0.7375024224211849,0.5300096896847396,0.34002906905421865,positive
0.6963660024025694,0.76,0.6659311916710926,0.5,0.8085464009610277,0.5771511996796573,0.3786631964762315,positive
0.5974163217483424,0.6644098659381907,0.48,0.5,0.7575278927505525,0.3724721072494474,0.4032295978145722,positive
0.7095619637482443,0.8234829089310796,0.48,0.5,0.7413034182137841,0.5226068364275682,0.19348290893107953,positive
0.7558067540730357,0.690368533968699,0.48,0.5,0.778157330156505,0.410368533968699,0.31419324592696435,positive
0.6985294994897965,0.6854313667006803,0.48,0.5,0.7322353993877558,0.40543136670068025,0.28456863329931975,positive
0.6864274668715616,0.7866107326674247,0.48,0.5,0.7153587996926576,0.4948244661032055,0.3658931332821096,positive
0.6236920967536956,0.7870766820042236,0.8240015669725466,0.5,0.7598462442484162,0.5730770737473603,0.4692312212420808,positive
0.5658534701398655,0.6881948581958116,0.48,0.5,0.7395619552726997,0.35648791791608075,0.43595167166432297,positive
0.7175766198198874,0.8482822534534084,0.48,0.5,0.8330826762764227,0.5634354930931832,0.2817177465465916,positive
0.699800844360902,0.72699859273183,0.48,0.5,0.734395496741856,0.436799437092732,0.329402533082706,positive
0.6483667187786009,0.7157134062900412,0.48,0.5,0.7197935313586832,0.4246933750228807,0.2763266562442799,positive
0.697761934584782,0.812238065415218,0.48,0.5,0.7712321764078797,0.5504107254692933,0.3457083072383158,positive
0.6145767541248558,0.7766591475712638,0.8917155407867855,0.5,0.7637528196607761,0.5795880327679601,0.48876409830388046,positive
0.6209526315327273,0.654603070194697,0.48,0.5,0.7496824561557576,0.3803175438442424,0.373809210584091,positive
0.67,0.8793630869074148,0.48,0.5,0.7301592282731463,0.5006369130925852,0.2519107392777556,positive
0.6803231864369822,0.7594613559383631,0.48,0.5,0.8382763390027619,0.44978454237534526,0.27096955931094646,positive
0.6618402566276934,0.6979600641569234,0.48,0.5,0.6619400962353851,0.4179600641569233,0.3118402566276934,positive
0.6700323950632021,0.84,0.48,0.5,0.7400647901264041,0.5400215967088015,0.36995680658239727,positive
0.6082479868158429,0.7650756841943649,0.9670080527366285,0.5,0.7757101447186605,0.5893655394757044,0.5054074079412011,positive
0.6436541617282736,0.6967308323456547,0.48,0.5,0.7198075029630359,0.39903860880652764,0.39980750296303585,positive
0.67,0.847321291867087,0.48,0.5,0.7381696770332282,0.532678708132913,0.34803612439873893,positive
0.6617206730465564,0.697930168261639,0.48,0.5,0.6618952523924586,0.4179301682616391,0.3117206730465564,positive
0.6532992514036191,0.7226189519650666,0.48,0.5,0.7385371553337525,0.4286394011228952,0.27534014971927623,positive
0.6970658250189739,0.8129341749810262,0.48,0.5,0.7704490531463456,0.5501496843821152,0.34631740310839787,positive
0.7259893072956032,0.76,0.5632370680419091,0.5,0.8203957229182413,0.5732014256939195,0.3352156826331154,positive
0.6260228841057098,0.6524904649559543,0.48,0.5,0.7479923719647634,0.38200762803523663,0.36747139486786273,positive
0.7282914026418014,0.8411390649054657,0.48,0.5,0.8562980390572363,0.5777218701890685,0.28886093509453425,positive
0.685057988869837,0.7037644972174593,0.48,0.5,0.670646745826189,0.42376449721745924,0.33505798886983706,positive
0.6660931626310955,0.7405304276835336,0.48,0.5,0.7871540179981628,0.43887453010487637,0.2727813674737809,positive
0.6720578478997538,0.8379421521002463,0.48,0.5,0.7423150788872229,0.5407716929624077,0.3681993830877155,positive
0.7082332476339758,0.826605075467062,0.5670670094640966,0.5,0.8449307099004448,0.5816743655666172,0.3285104080321966,positive
0.7083253013329212,0.7096650602665842,0.48,0.5,0.6810048192002474,0.4292184739553632,0.3610048192002473,positive
0.67,0.8685825636889324,0.48,0.5,0.7328543590777669,0.5114174363110676,0.28425230893320297,positive
0.7233925831695674,0.7042603214987567,0.48,0.5,0.708698392506216,0.4242603214987568,0.3466074168304325,positive
0.7394159942595563,0.6827056003826962,0.48,0.5,0.7812991931114676,0.40270560038269626,0.28729439961730374,positive
0.6752083169230045,0.8230729700002354,0.48,0.5,0.7321875246154933,0.5256771284617376,0.36869792076924884,positive
0.664194750924971,0.8333654296285382,0.5231247074145012,0.5,0.7424879638892982,0.5441466064821636,0.38243981944649075,positive
0.6024476528192204,0.7394267139469086,0.48,0.5,0.5492722053400538,0.3345314083084678,0.348125633233871,positive
0.7017382805093867,0.8588411463270755,0.48,0.5,0.7987662744370045,0.5423177073458489,0.27115885367292447,positive
0.6812854753278463,0.6334279342075901,0.48,0.5,0.7278575411202561,0.4012854753278463,0.30257095065569256,positive
0.6396364283913143,0.6784362859304228,0.48,0.5,0.6654182854261029,0.40807271432173714,0.28385457135652575,positive
0.6763267465115111,0.8336732534884889,0.48,0.5,0.74711758982545,0.5423725299418167,0.3644640968024278,positive
0.5979886030555435,0.755977206111087,0.9738518397220657,0.5,0.77,0.5784344675693751,0.5164800553472012,positive
0.6573644403820625,0.6994728880764125,0.48,0.5,0.7115813357707625,0.4054367388449625,0.39158133577076243,positive
