@relation ecoli4
@attribute Mcg real [0.0, 0.89]
@attribute Gvh real [0.16, 1.0]
@attribute Lip real [0.48, 1.0]
@attribute Chg real [0.5, 1.0]
@attribute Aac real [0.0, 0.88]
@attribute Alm1 real [0.03, 1.0]
@attribute Alm2 real [0.0, 0.99]
@attribute Class {positive, negative}
@data
0.07,0.4,0.48,0.5,0.54,0.35,0.44,negative
0.56,0.4,0.48,0.5,0.49,0.37,0.46,negative
0.59,0.49,0.48,0.5,0.52,0.45,0.36,negative
0.23,0.32,0.48,0.5,0.55,0.25,0.35,negative
0.67,0.39,0.48,0.5,0.36,0.38,0.46,negative
0.29,0.28,0.48,0.5,0.44,0.23,0.34,negative
0.21,0.34,0.48,0.5,0.51,0.28,0.39,negative
0.42,0.4,0.48,0.5,0.56,0.18,0.3,negative
0.39,0.32,0.48,0.5,0.46,0.24,0.35,negative
0.51,0.5,0.48,0.5,0.46,0.32,0.35,negative
0.22,0.43,0.48,0.5,0.48,0.16,0.28,negative
0.25,0.4,0.48,0.5,0.46,0.44,0.52,negative
0.34,0.45,0.48,0.5,0.38,0.24,0.35,negative
0.44,0.27,0.48,0.5,0.55,0.52,0.58,negative
0.23,0.4,0.48,0.5,0.39,0.28,0.38,negative
0.41,0.57,0.48,0.5,0.39,0.21,0.32,negative
0.4,0.45,0.48,0.5,0.38,0.22,0.0,negative
0.51,0.54,0.48,0.5,0.41,0.34,0.43,negative
0.3,0.16,0.48,0.5,0.56,0.11,0.23,negative
0.36,0.39,0.48,0.5,0.48,0.22,0.23,negative
0.29,0.37,0.48,0.5,0.48,0.44,0.52,negative
0.25,0.4,0.48,0.5,0.47,0.33,0.42,negative
0.21,0.51,0.48,0.5,0.5,0.32,0.41,negative
0.53,0.38,0.48,0.5,0.44,0.26,0.36,negative
0.34,0.33,0.48,0.5,0.38,0.35,0.44,negative
0.56,0.51,0.48,0.5,0.34,0.37,0.46,negative
0.4,0.29,0.48,0.5,0.42,0.35,0.44,negative
0.24,0.35,0.48,0.5,0.31,0.19,0.31,negative
0.29,0.52,0.48,0.5,0.42,0.29,0.39,negative
0.65,0.47,0.48,0.5,0.59,0.3,0.4,negative
0.32,0.42,0.48,0.5,0.35,0.28,0.38,negative
0.38,0.46,0.48,0.5,0.48,0.22,0.29,negative
0.33,0.45,0.48,0.5,0.52,0.32,0.41,negative
0.3,0.37,0.48,0.5,0.59,0.41,0.49,negative
0.4,0.5,0.48,0.5,0.45,0.39,0.47,negative
0.28,0.38,0.48,0.5,0.5,0.33,0.42,negative
0.17,0.38,0.48,0.5,0.45,0.42,0.5,negative
0.43,0.4,0.48,0.5,0.39,0.28,0.39,negative
0.42,0.35,0.48,0.5,0.58,0.15,0.27,negative
0.23,0.33,0.48,0.5,0.43,0.33,0.43,negative
0.29,0.3,0.48,0.5,0.45,0.03,0.17,negative
0.22,0.36,0.48,0.5,0.35,0.39,0.47,negative
0.23,0.58,0.48,0.5,0.37,0.53,0.59,negative
0.47,0.47,0.48,0.5,0.22,0.16,0.26,negative
0.54,0.47,0.48,0.5,0.28,0.33,0.42,negative
0.51,0.37,0.48,0.5,0.35,0.36,0.45,negative
0.4,0.35,0.48,0.5,0.45,0.33,0.42,negative
0.44,0.34,0.48,0.5,0.3,0.33,0.43,negative
0.42,0.38,0.48,0.5,0.54,0.34,0.43,negative
0.52,0.36,0.48,0.5,0.41,0.28,0.38,negative
0.18,0.3,0.48,0.5,0.46,0.24,0.35,negative
0.47,0.29,0.48,0.5,0.51,0.33,0.43,negative
0.25,0.37,0.48,0.5,0.41,0.33,0.42,negative
0.25,0.37,0.48,0.5,0.43,0.26,0.36,negative
0.35,0.48,0.48,0.5,0.56,0.4,0.48,negative
0.26,0.26,0.48,0.5,0.34,0.25,0.35,negative
0.44,0.51,0.48,0.5,0.47,0.26,0.36,negative
0.37,0.5,0.48,0.5,0.42,0.36,0.45,negative
0.44,0.42,0.48,0.5,0.42,0.25,0.2,negative
0.24,0.43,0.48,0.5,0.37,0.28,0.38,negative
0.42,0.3,0.48,0.5,0.48,0.26,0.36,negative
0.48,0.42,0.48,0.5,0.45,0.25,0.35,negative
0.41,0.48,0.48,0.5,0.51,0.44,0.51,negative
0.44,0.28,0.48,0.5,0.43,0.27,0.37,negative
0.29,0.41,0.48,0.5,0.48,0.38,0.46,negative
0.34,0.28,0.48,0.5,0.41,0.35,0.44,negative
0.41,0.43,0.48,0.5,0.45,0.31,0.41,negative
0.29,0.47,0.48,0.5,0.41,0.23,0.34,negative
0.36,0.56,0.48,0.5,0.43,0.45,0.53,negative
0.4,0.46,0.48,0.5,0.52,0.49,0.56,negative
0.5,0.49,0.48,0.5,0.49,0.46,0.53,negative
0.52,0.44,0.48,0.5,0.37,0.36,0.42,negative
0.5,0.51,0.48,0.5,0.27,0.23,0.34,negative
0.53,0.42,0.48,0.5,0.16,0.29,0.39,negative
0.34,0.46,0.48,0.5,0.52,0.35,0.44,negative
0.41,0.43,0.48,0.5,0.5,0.24,0.25,negative
0.3,0.45,0.48,0.5,0.36,0.21,0.32,negative
0.31,0.47,0.48,0.5,0.29,0.28,0.39,negative
0.57,0.54,0.48,0.5,0.37,0.28,0.33,negative
0.38,0.4,0.48,0.5,0.63,0.25,0.35,negative
0.24,0.57,0.48,0.5,0.63,0.34,0.43,negative
0.38,0.26,0.48,0.5,0.54,0.16,0.28,negative
0.24,0.34,0.48,0.5,0.38,0.3,0.4,negative
0.44,0.49,0.48,0.5,0.39,0.38,0.4,negative
0.43,0.32,0.48,0.5,0.33,0.45,0.52,negative
0.49,0.43,0.48,0.5,0.49,0.3,0.4,negative
0.47,0.28,0.48,0.5,0.56,0.2,0.25,negative
0.32,0.33,0.48,0.5,0.6,0.06,0.2,negative
0.34,0.35,0.48,0.5,0.51,0.49,0.56,negative
0.38,0.3,0.48,0.5,0.43,0.29,0.39,negative
0.38,0.44,0.48,0.5,0.43,0.2,0.31,negative
0.41,0.51,0.48,0.5,0.58,0.2,0.31,negative
0.51,0.49,0.48,0.5,0.53,0.14,0.26,negative
0.25,0.51,0.48,0.5,0.37,0.42,0.5,negative
0.29,0.28,0.48,0.5,0.5,0.42,0.5,negative
0.25,0.26,0.48,0.5,0.39,0.32,0.42,negative
0.17,0.39,0.48,0.5,0.53,0.3,0.39,negative
0.04,0.31,0.48,0.5,0.41,0.29,0.39,negative
0.61,0.36,0.48,0.5,0.49,0.35,0.44,negative
0.34,0.51,0.48,0.5,0.44,0.37,0.46,negative
0.28,0.33,0.48,0.5,0.45,0.22,0.33,negative
0.4,0.46,0.48,0.5,0.42,0.35,0.44,negative
0.23,0.34,0.48,0.5,0.43,0.26,0.37,negative
0.37,0.44,0.48,0.5,0.42,0.39,0.47,negative
0.0,0.38,0.48,0.5,0.42,0.48,0.55,negative
0.39,0.31,0.48,0.5,0.38,0.34,0.43,negative
0.3,0.44,0.48,0.5,0.49,0.22,0.33,negative
0.17,0.52,0.48,0.5,0.49,0.37,0.46,negative
0.3,0.37,0.48,0.5,0.43,0.18,0.3,negative
0.26,0.4,0.48,0.5,0.36,0.26,0.37,negative
0.4,0.41,0.48,0.5,0.55,0.22,0.33,negative
0.44,0.35,0.48,0.5,0.44,0.52,0.59,negative
0.27,0.42,0.48,0.5,0.37,0.38,0.43,negative
0.16,0.43,0.48,0.5,0.54,0.27,0.37,negative
0.44,0.52,0.48,0.5,0.43,0.47,0.54,negative
0.23,0.48,0.48,0.5,0.59,0.88,0.89,negative
0.34,0.49,0.48,0.5,0.58,0.85,0.8,negative
0.43,0.4,0.48,0.5,0.58,0.75,0.78,negative
0.46,0.61,0.48,0.5,0.48,0.86,0.87,negative
0.55,0.47,0.48,0.5,0.57,0.78,0.8,negative
0.12,0.67,0.48,0.5,0.74,0.58,0.63,negative
0.73,0.36,0.48,0.5,0.53,0.91,0.92,negative
0.48,0.45,0.48,0.5,0.6,0.78,0.8,negative
0.54,0.49,0.48,0.5,0.4,0.87,0.88,negative
0.48,0.41,0.48,0.5,0.51,0.9,0.88,negative
0.5,0.66,0.48,0.5,0.31,0.92,0.92,negative
0.72,0.46,0.48,0.5,0.51,0.66,0.7,negative
0.47,0.55,0.48,0.5,0.58,0.71,0.75,negative
0.33,0.56,0.48,0.5,0.33,0.78,0.8,negative
0.47,0.59,0.48,0.5,0.52,0.76,0.79,negative
0.63,0.5,0.48,0.5,0.59,0.85,0.86,negative
0.49,0.42,0.48,0.5,0.53,0.79,0.81,negative
0.31,0.5,0.48,0.5,0.57,0.84,0.85,negative
0.74,0.44,0.48,0.5,0.55,0.88,0.89,negative
0.33,0.45,0.48,0.5,0.45,0.88,0.89,negative
0.45,0.4,0.48,0.5,0.61,0.74,0.77,negative
0.71,0.4,0.48,0.5,0.71,0.7,0.74,negative
0.5,0.37,0.48,0.5,0.66,0.64,0.69,negative
0.6,0.61,0.48,0.5,0.54,0.67,0.71,negative
0.83,0.37,0.48,0.5,0.61,0.71,0.74,negative
0.34,0.51,0.48,0.5,0.67,0.9,0.9,negative
0.63,0.54,0.48,0.5,0.65,0.79,0.81,negative
0.7,0.4,0.48,0.5,0.56,0.86,0.83,negative
0.6,0.5,1.0,0.5,0.54,0.77,0.8,negative
0.74,0.7,0.48,0.5,0.66,0.65,0.69,negative
0.2,0.46,0.48,0.5,0.57,0.78,0.81,negative
0.89,0.55,0.48,0.5,0.51,0.72,0.76,negative
0.7,0.46,0.48,0.5,0.56,0.78,0.73,negative
0.12,0.43,0.48,0.5,0.63,0.7,0.74,negative
0.61,0.52,0.48,0.5,0.54,0.67,0.52,negative
0.33,0.37,0.48,0.5,0.46,0.65,0.69,negative
0.41,0.51,0.48,0.5,0.53,0.75,0.78,negative
0.34,0.67,0.48,0.5,0.52,0.76,0.79,negative
0.58,0.34,0.48,0.5,0.56,0.87,0.81,negative
0.59,0.56,0.48,0.5,0.55,0.8,0.82,negative
0.51,0.4,0.48,0.5,0.57,0.62,0.67,negative
0.6,0.46,0.48,0.5,0.45,0.81,0.83,negative
0.37,0.47,0.48,0.5,0.39,0.76,0.79,negative
0.36,0.47,0.48,0.5,0.51,0.69,0.72,negative
0.39,0.41,0.48,0.5,0.52,0.72,0.75,negative
0.35,0.51,0.48,0.5,0.61,0.71,0.74,negative
0.31,0.44,0.48,0.5,0.5,0.79,0.82,negative
0.61,0.66,0.48,0.5,0.46,0.87,0.88,negative
0.48,0.49,0.48,0.5,0.52,0.77,0.71,negative
0.11,0.5,0.48,0.5,0.58,0.72,0.68,negative
0.31,0.36,0.48,0.5,0.58,0.94,0.94,negative
0.68,0.51,0.48,0.5,0.71,0.75,0.78,negative
0.69,0.39,0.48,0.5,0.57,0.76,0.79,negative
0.52,0.54,0.48,0.5,0.62,0.76,0.79,negative
0.46,0.59,0.48,0.5,0.36,0.76,0.23,negative
0.0,0.51,0.48,0.5,0.35,0.67,0.44,negative
0.1,0.49,0.48,0.5,0.41,0.67,0.21,negative
0.3,0.51,0.48,0.5,0.42,0.61,0.34,negative
0.61,0.47,0.48,0.5,0.0,0.8,0.32,negative
0.63,0.75,0.48,0.5,0.64,0.73,0.66,negative
0.71,0.52,0.48,0.5,0.64,1.0,0.99,negative
0.85,0.53,0.48,0.5,0.53,0.52,0.35,negative
0.63,0.49,0.48,0.5,0.54,0.76,0.79,negative
0.7,0.39,1.0,0.5,0.51,0.82,0.84,negative
0.72,0.42,0.48,0.5,0.65,0.77,0.79,negative
0.79,0.41,0.48,0.5,0.66,0.81,0.83,negative
0.83,0.48,0.48,0.5,0.65,0.76,0.79,negative
0.69,0.43,0.48,0.5,0.59,0.74,0.77,negative
0.79,0.36,0.48,0.5,0.46,0.82,0.7,negative
0.78,0.33,0.48,0.5,0.57,0.77,0.79,negative
0.75,0.37,0.48,0.5,0.64,0.7,0.74,negative
0.59,0.29,0.48,0.5,0.64,0.75,0.77,negative
0.67,0.37,0.48,0.5,0.54,0.64,0.68,negative
0.66,0.48,0.48,0.5,0.54,0.7,0.74,negative
0.64,0.46,0.48,0.5,0.48,0.73,0.76,negative
0.76,0.71,0.48,0.5,0.5,0.71,0.75,negative
0.84,0.49,0.48,0.5,0.55,0.78,0.74,negative
0.77,0.55,0.48,0.5,0.51,0.78,0.74,negative
0.81,0.44,0.48,0.5,0.42,0.67,0.68,negative
0.58,0.6,0.48,0.5,0.59,0.73,0.76,negative
0.62,0.42,0.48,0.5,0.58,0.79,0.81,negative
0.87,0.49,0.48,0.5,0.61,0.76,0.79,negative
0.7,0.53,0.48,0.5,0.7,0.86,0.87,negative
0.88,0.42,0.48,0.5,0.52,0.73,0.75,negative
0.84,0.54,0.48,0.5,0.75,0.92,0.7,negative
0.63,0.51,0.48,0.5,0.64,0.72,0.76,negative
0.86,0.55,0.48,0.5,0.63,0.81,0.83,negative
0.79,0.54,0.48,0.5,0.5,0.66,0.68,negative
0.78,0.44,0.48,0.5,0.45,0.73,0.68,negative
0.78,0.68,0.48,0.5,0.83,0.4,0.29,positive
0.63,0.69,0.48,0.5,0.65,0.41,0.28,positive
0.61,0.75,0.48,0.5,0.51,0.33,0.33,positive
0.67,0.84,0.48,0.5,0.74,0.54,0.37,positive
0.74,0.9,0.48,0.5,0.57,0.53,0.29,positive
0.73,0.84,0.48,0.5,0.86,0.58,0.29,positive
0.74,0.78,0.48,0.5,0.75,0.54,0.15,positive
0.68,0.76,0.48,0.5,0.84,0.45,0.27,positive
0.65,0.51,0.48,0.5,0.66,0.54,0.33,positive
0.52,0.81,0.48,0.5,0.72,0.38,0.38,positive
0.64,0.57,0.48,0.5,0.7,0.33,0.26,positive
0.6,0.76,1.0,0.5,0.77,0.59,0.52,positive
0.69,0.59,0.48,0.5,0.77,0.39,0.21,positive
0.63,0.49,0.48,0.5,0.79,0.45,0.28,positive
0.71,0.71,0.48,0.5,0.68,0.43,0.36,positive
0.68,0.63,0.48,0.5,0.73,0.4,0.3,positive
0.66,0.49,1.0,0.5,0.54,0.56,0.36,negative
0.71,0.46,1.0,0.5,0.52,0.59,0.3,negative
0.67,0.55,1.0,0.5,0.66,0.58,0.16,negative
0.68,0.49,1.0,0.5,0.62,0.55,0.28,negative
0.74,0.49,0.48,0.5,0.42,0.54,0.36,negative
0.7,0.61,0.48,0.5,0.56,0.52,0.43,negative
0.66,0.86,0.48,0.5,0.34,0.41,0.36,negative
0.65,0.57,0.48,0.5,0.47,0.47,0.51,negative
0.72,0.86,0.48,0.5,0.17,0.55,0.21,negative
0.67,0.7,0.48,0.5,0.46,0.45,0.33,negative
0.63,1.0,0.48,0.5,0.35,0.51,0.49,negative
0.57,0.59,0.48,0.5,0.39,0.47,0.33,negative
0.71,0.71,0.48,0.5,0.4,0.54,0.39,negative
0.66,0.74,0.48,0.5,0.31,0.38,0.43,negative
0.67,0.81,0.48,0.5,0.25,0.42,0.25,negative
0.64,0.72,0.48,0.5,0.49,0.42,0.19,negative
0.68,0.82,0.48,0.5,0.38,0.65,0.56,negative
0.32,0.39,0.48,0.5,0.53,0.28,0.38,negative
0.7,0.64,0.48,0.5,0.47,0.51,0.47,negative
0.63,0.57,0.48,0.5,0.49,0.7,0.2,negative
0.74,0.82,0.48,0.5,0.49,0.49,0.41,negative
0.63,0.83,0.48,0.5,0.4,0.39,0.19,negative
0.63,0.71,0.48,0.5,0.6,0.4,0.39,negative
0.71,0.86,0.48,0.5,0.4,0.54,0.32,negative
0.68,0.78,0.48,0.5,0.43,0.44,0.42,negative
0.64,0.84,0.48,0.5,0.37,0.45,0.4,negative
0.74,0.47,0.48,0.5,0.5,0.57,0.42,negative
0.75,0.84,0.48,0.5,0.35,0.52,0.33,negative
0.63,0.65,0.48,0.5,0.39,0.44,0.35,negative
0.69,0.67,0.48,0.5,0.3,0.39,0.24,negative
0.7,0.71,0.48,0.5,0.42,0.84,0.85,negative
0.69,0.8,0.48,0.5,0.46,0.57,0.26,negative
0.64,0.66,0.48,0.5,0.41,0.39,0.2,negative
0.63,0.8,0.48,0.5,0.46,0.31,0.29,negative
0.66,0.71,0.48,0.5,0.41,0.5,0.35,negative
0.69,0.59,0.48,0.5,0.46,0.44,0.52,negative
0.68,0.67,0.48,0.5,0.49,0.4,0.34,negative
0.64,0.78,0.48,0.5,0.5,0.36,0.38,negative
0.62,0.78,0.48,0.5,0.47,0.49,0.54,negative
0.76,0.73,0.48,0.5,0.44,0.39,0.39,negative
0.64,0.81,0.48,0.5,0.37,0.39,0.44,negative
0.62,0.83,0.48,0.5,0.46,0.36,0.4,negative
0.56,0.54,0.48,0.5,0.43,0.37,0.3,negative
0.69,0.66,0.48,0.5,0.41,0.5,0.25,negative
0.69,0.65,0.48,0.5,0.63,0.48,0.41,negative
0.74,0.56,0.48,0.5,0.47,0.68,0.3,negative
0.61,0.6,0.48,0.5,0.44,0.39,0.38,negative
0.59,0.61,0.48,0.5,0.42,0.42,0.37,negative
0.74,0.74,0.48,0.5,0.31,0.53,0.52,negative
0.6317874031515486,0.76,0.7933818795149346,0.5,0.797813977757605,0.53437204448479,0.42066436515141087,positive
0.6320479548454306,0.6654245418548321,0.48,0.5,0.6602397742271533,0.3936163612365548,0.2759040903091387,positive
0.6961418780520637,0.7550388963307926,0.48,0.5,0.7007871829219043,0.4681098353568246,0.363464530486984,positive
0.7396306005401015,0.6973011711970993,0.48,0.5,0.7434941440145034,0.4173011711970993,0.3303693994598984,positive
0.6366634610645817,0.6300288504187647,0.48,0.5,0.6533317305322909,0.45331249691978104,0.29665865266145425,positive
0.5816707495996751,0.7714557815002031,0.8808598723978882,0.5,0.7585442184997969,0.5418857176991472,0.48792381179943145,positive
0.6636698435235946,0.7371377809330324,0.48,0.5,0.7779454053896593,0.43693587481887564,0.2732660312952811,positive
0.6959292105882148,0.7557300655883018,0.48,0.5,0.7011061841176778,0.46869467088240924,0.3635176973529463,positive
0.7751197641676184,0.6820915296424492,0.48,0.5,0.8195423517877538,0.40209152964244926,0.29488023583238154,positive
0.6346514475840701,0.6481369717433692,0.48,0.5,0.652325723792035,0.44023440929645563,0.2916286189601753,positive
0.6490064168204762,0.76,0.6814582906669049,0.5,0.8128806147179166,0.5042387705641667,0.366854947436012,positive
0.6576678833237477,0.7287350366532468,0.48,0.5,0.7551379566302413,0.43213430665899816,0.27446642333525045,positive
0.7222295984983146,0.8847682272842696,0.48,0.5,0.6131566893612359,0.532538628785955,0.31030903028764045,positive
0.7043142145922823,0.7194763090128629,0.48,0.5,0.7103241888411612,0.43379052360514514,0.3429426437768468,positive
0.633067758302373,0.6623901752786426,0.48,0.5,0.6515338791511865,0.4299404289654247,0.28766939575593264,positive
0.55204364562552,0.78997272148405,0.6882836965658803,0.5,0.7400272785159501,0.4641145697669901,0.4360763798446601,positive
0.6312209584889189,0.6753484981329726,0.48,0.5,0.6561047924445947,0.40023233208864845,0.2775580830221621,positive
0.6934462720483484,0.7637996158428677,0.48,0.5,0.7048305919274774,0.47552275186704196,0.3641384319879129,positive
0.6729761951361489,0.7007440487840372,0.48,0.5,0.6661160731760559,0.42074404878403726,0.322976195136149,positive
0.6567021857464252,0.5368087429857008,0.48,0.5,0.6756384334083255,0.508723133183349,0.3232978142535748,positive
0.6179076191499094,0.7804658504570393,0.8669719720292443,0.5,0.7623253060786103,0.5772088434643504,0.48162653039305126,positive
0.6361011166907327,0.6826786599711208,0.48,0.5,0.6597617867051723,0.40877977666185344,0.2824404466762931,positive
0.7075189071291605,0.84,0.48,0.5,0.8150378142583211,0.5650126047527737,0.31997479049445254,positive
0.674869145708784,0.7012172864271959,0.48,0.5,0.666825929640794,0.42121728642719597,0.324869145708784,positive
0.6685092167240735,0.584036866896294,0.48,0.5,0.7031881723561715,0.4536236552876571,0.3114907832759265,positive
0.6285321885411,0.7775582698714462,0.8858712458355997,0.5,0.789753053605377,0.5878052162660692,0.46951997411959223,positive
0.6304364722336786,0.6847623331958564,0.48,0.5,0.6521823611683931,0.406508222130571,0.2791270555326428,positive
0.6716439260179913,0.8268485918560705,0.48,0.5,0.7564392601799118,0.5252046658380793,0.3535607398200881,positive
0.697563695300353,0.7068909238250882,0.48,0.5,0.6753363857376324,0.42689092382508825,0.347563695300353,positive
0.6769253836750554,0.6177015347002213,0.48,0.5,0.7228258952417957,0.4143482095164085,0.30307461632494465,positive
0.6091117345329288,0.7656072212510331,0.963553061868285,0.5,0.7763081239074122,0.5892990973436208,0.5038792389032799,positive
0.6427438303968644,0.7078413625556101,0.48,0.5,0.6984265555080847,0.4201950643174915,0.27745123392062715,positive
0.6939671691557838,0.84,0.48,0.5,0.7879343383115676,0.5559781127705226,0.3380437744589549,positive
0.6390927509534784,0.6922731877383695,0.48,0.5,0.6534097816075545,0.4122731877383696,0.2890927509534784,positive
0.6463116753730126,0.5431949216428869,0.48,0.5,0.6581558376865063,0.5160258899245818,0.32077918843253145,positive
0.7012711050632446,0.8223206800389198,0.5949155797470215,0.5,0.8401107650437847,0.582209914995135,0.34082804488810564,positive
0.675596506084905,0.6352841926981141,0.48,0.5,0.7229544097358478,0.400880698783019,0.29823860243396194,positive
0.7233178776648977,0.84,0.48,0.5,0.8466357553297956,0.5755452517765985,0.2989094964468029,positive
0.7598211081470705,0.6886480965083984,0.48,0.5,0.7867595174580082,0.40864809650839834,0.31017889185292946,positive
0.6306464027729378,0.49064640277293775,0.48,0.5,0.7857983819759045,0.45290881247822,0.28161600693234445,positive
0.6158550580708531,0.7781200663666892,0.8822195686165204,0.5,0.7632049751124915,0.5786749585208193,0.4860248755624578,positive
0.6338316801881718,0.6953643522634405,0.48,0.5,0.6645603847150531,0.4130653441505375,0.27923366396236565,positive
0.6810882741055814,0.84,0.48,0.5,0.7621765482111627,0.5473921827370543,0.3552156345258915,positive
0.7797127243500482,0.6801231181356937,0.48,0.5,0.8293844093215318,0.4001231181356937,0.29028727564995177,positive
0.6749171392457806,0.6096685569831223,0.48,0.5,0.718139991573488,0.4237200168530241,0.3050828607542194,positive
0.6078540726262202,0.7689760830013945,0.9416554604909355,0.5,0.7666339688744771,0.5843899481241284,0.5031698443723852,positive
0.6703455676376726,0.7464837946927415,0.48,0.5,0.8033131570231555,0.44227645411013805,0.2719308864724655,positive
0.7152624366489048,0.84,0.48,0.5,0.8305248732978096,0.5701749577659365,0.3096500844681269,positive
0.6988240301442601,0.7286266164262332,0.48,0.5,0.7396051725639461,0.43745064657049326,0.32647209043278036,positive
0.6467017778528957,0.5396839993239391,0.48,0.5,0.6583508889264479,0.5185615560438218,0.3217544446322392,positive
0.6325650541746848,0.7800400333382675,0.8697397833012608,0.5,0.792545037505551,0.5874949958327165,0.4623849041524808,positive
0.6981657124111093,0.7070414281027773,0.48,0.5,0.675562142154166,0.4270414281027773,0.3481657124111093,positive
0.6712195273302395,0.8360365361767218,0.48,0.5,0.7381707090046408,0.5366462998418415,0.3696951181674401,positive
0.7777744806908882,0.6809537939896194,0.48,0.5,0.8252310300519032,0.4009537939896194,0.2922255193091118,positive
0.6477841458520069,0.529942687331938,0.48,0.5,0.6588920729260035,0.5255969480380448,0.32446036463001726,positive
0.5794977678739851,0.7728138950787593,0.8667354911809035,0.5,0.7571861049212407,0.536181640669211,0.48412109377947404,positive
0.6696752357592094,0.6423897170889488,0.48,0.5,0.7134803772147349,0.40206495284815813,0.2958700943036837,positive
0.6790239874527112,0.767808100378311,0.48,0.5,0.8302398745271111,0.45878411292559995,0.27976012547288887,positive
0.6922465834637882,0.7395890275603529,0.48,0.5,0.7746848881931294,0.4418356110241412,0.3067397503913647,positive
0.6414800253014594,0.5866797722868651,0.48,0.5,0.6557400126507298,0.4846201644594863,0.30870006325364857,positive
0.5619099370115632,0.783806289367773,0.7524145905751609,0.5,0.7461937106322271,0.49001358465535344,0.45334238977023567,positive
0.6662117945398163,0.6465458465522206,0.48,0.5,0.7079388712637059,0.40275764109203677,0.2944847178159265,positive
0.682284620688526,0.8000749827622905,0.48,0.5,0.721573068967211,0.5062172931065535,0.36692884482786847,positive
0.7247173576879433,0.7036925609908814,0.48,0.5,0.7115371950455929,0.42369256099088143,0.3452826423120567,positive
0.6418116933748692,0.5018116933748692,0.48,0.5,0.7132239930633502,0.5031526201869114,0.30952923343717303,positive
0.609823991037603,0.7660455329462172,0.960704035849588,0.5,0.7768012245644944,0.5892443083817228,0.5026190927796255,positive
0.6363252513219924,0.6140969841360924,0.48,0.5,0.6816262566099615,0.3593979894240616,0.26734949735601543,positive
0.701545382090378,0.84,0.48,0.5,0.8030907641807559,0.5610302547269186,0.3279394905461628,positive
0.7054359097797862,0.6978290927460967,0.48,0.5,0.6876068170336896,0.4254359097797863,0.35087181955957253,positive
0.6468563128483065,0.5068563128483065,0.48,0.5,0.6804339664860077,0.5258534078173793,0.3221407821207663,positive
0.6197816917078606,0.7826076476661263,0.8530502901701785,0.5,0.7615221321252026,0.575870220208671,0.47761066062601304,positive
0.646963883464303,0.6696433398428364,0.48,0.5,0.6771422135428847,0.4066072233071394,0.2867855533857212,positive
0.6728307936263459,0.8173536509892332,0.48,0.5,0.7683079362634585,0.5145228573628874,0.3416920637365415,positive
0.7050214609501855,0.6967238958671613,0.48,0.5,0.6882975650830242,0.4250214609501855,0.35004292190037095,positive
0.6688834097379203,0.8215762606756845,0.48,0.5,0.7355336389516811,0.54,0.36776681947584056,positive
0.6042871965575487,0.76,0.972133222375933,0.5,0.7737512969878552,0.5824974060242897,0.5066025107576602,positive
0.6377106773470828,0.5974718718350065,0.48,0.5,0.6885533867354139,0.3483145812233377,0.2645786453058344,positive
0.6789307566332818,0.7685539469337456,0.48,0.5,0.829307566332818,0.4596231903004638,0.280692433667182,positive
0.7032658051188707,0.7083164512797177,0.48,0.5,0.6774746769195766,0.4283164512797177,0.3532658051188708,positive
0.6606588409823848,0.5526353639295389,0.48,0.5,0.6848706289588977,0.49025874208220466,0.3193411590176153,positive
0.5229813076878486,0.8081366826950948,0.49937849997101524,0.5,0.7218633173049053,0.38782593268060234,0.3852172884537349,positive
0.6641568225966161,0.698539205649154,0.48,0.5,0.6628088084737311,0.41853920564915403,0.31415682259661615,positive
0.6758401207557466,0.84,0.48,0.5,0.7516802415114933,0.5438934138371645,0.3622131723256712,positive
0.7339986957557665,0.6997148446761001,0.48,0.5,0.7314257766194996,0.4197148446761001,0.3360013042442335,positive
0.6530878901189745,0.5223515604758979,0.48,0.5,0.6672050769442738,0.5255898461114525,0.32691210988102554,positive
0.6380329194411313,0.8034661936470071,0.7174697412944538,0.5,0.7537001773823724,0.5628336289706206,0.4385008869118617,positive
0.6602812536600317,0.7323937551240443,0.48,0.5,0.7650687639081203,0.4342250029280253,0.2739437492679937,positive
0.6760145905251406,0.8204525807932932,0.48,0.5,0.7309781142122892,0.5234598760558635,0.36849635236871486,positive
0.6422844351500459,0.6930711087875114,0.48,0.5,0.6546066631812673,0.4130711087875114,0.2922844351500458,positive
0.6722737950872631,0.5990951803490525,0.48,0.5,0.7119721885369473,0.4360556229261054,0.30772620491273683,positive
0.5320776290709334,0.8024514818306667,0.5585045889610668,0.5,0.7275485181693333,0.41170377631120003,0.4011358508741334,positive
0.7027509627522861,0.7081877406880714,0.48,0.5,0.6772816110321074,0.4281877406880715,0.3527509627522861,positive
0.7226866042786209,0.8851599465245321,0.48,0.5,0.6120468181804922,0.5324733422459114,0.30978673796729045,positive
0.6856344965741968,0.7506091723763387,0.48,0.5,0.8099493516042838,0.44624366895053547,0.28690348972259033,positive
0.6485007638186312,0.5234931256323195,0.48,0.5,0.6592503819093156,0.5302549648211026,0.3262519095465779,positive
0.5517030070412713,0.7901856205992055,0.6860695457682634,0.5,0.7398143794007945,0.4632203934833371,0.43548026232222475,positive
0.7072863923650228,0.7093215980912557,0.48,0.5,0.6789823971368836,0.4293215980912557,0.3572863923650228,positive
0.6742661452405438,0.80587083807565,0.48,0.5,0.7826614524054375,0.5016046928351062,0.3273385475945625,positive
0.6894831832227117,0.6552884885938979,0.48,0.5,0.7141946946288138,0.4094831832227117,0.3189663664454234,positive
0.6587850875599599,0.6549539447393371,0.48,0.5,0.6951403502398393,0.54,0.34757017511991967,positive
0.6150732974272192,0.7772266256311076,0.8880269333978007,0.5,0.7635400153883347,0.5792333589805577,0.4877000769416733,positive
0.6730173142236644,0.700754328555916,0.48,0.5,0.6661314928338742,0.4207543285559161,0.3230173142236644,positive
0.7059237095242097,0.7232479440463182,0.48,0.5,0.6861144357136854,0.44120979880842315,0.36101907261894756,positive
0.7584882007230938,0.6892193425472456,0.48,0.5,0.7839032872637722,0.40921934254724557,0.3115117992769063,positive
0.6685320663061156,0.8157790940509068,0.48,0.5,0.7341282652244623,0.54,0.36706413261223114,positive
0.6547503273598054,0.76,0.644122872161265,0.5,0.8179065364398297,0.49418692712034057,0.34890522700060816,positive
0.6327810906472958,0.6938935269062141,0.48,0.5,0.6605681444597241,0.4122248725178366,0.27944378187054086,positive
0.68645784587744,0.84,0.48,0.5,0.7729156917548797,0.5509718972516267,0.3480562054967468,positive
0.7430196132083255,0.6958487371964319,0.48,0.5,0.7507563140178404,0.41584873719643195,0.32698038679167446,positive
0.6460882164315118,0.5452060521163936,0.48,0.5,0.658044108215756,0.5145734068048269,0.32022054107877956,positive
0.6260659781962925,0.76,0.830571141724099,0.5,0.7928077309217559,0.5443845381564881,0.43854381813658605,positive
0.6311457278991294,0.6762512652104478,0.48,0.5,0.6557286394956467,0.4008341768069652,0.27770854420174135,positive
0.6732199452882477,0.84,0.48,0.5,0.7464398905764953,0.5421466301921651,0.36570673961566985,positive
0.6897589921583326,0.656023979088887,0.48,0.5,0.7137350130694456,0.4097589921583326,0.3195179843166652,positive
0.655081299099893,0.5938414351482332,0.48,0.5,0.6803251963995717,0.54,0.34016259819978584,positive
0.5585289856252452,0.7859193839842218,0.7304384065640941,0.5,0.7440806160157782,0.4811385872662688,0.4474257248441792,positive
0.6397501607866648,0.5729980705600218,0.48,0.5,0.6987508039333241,0.33199871370668127,0.2604996784266703,positive
0.6913286260982469,0.84,0.48,0.5,0.7826572521964937,0.5542190840654979,0.3415618318690042,positive
0.6918782494652693,0.6616753319073848,0.48,0.5,0.7102029175578844,0.41187824946526935,0.32375649893053865,positive
0.6408394674476846,0.5924447929708383,0.48,0.5,0.6554197337238423,0.4804565384099501,0.3070986686192116,positive
0.5508603806698867,0.7907122620813208,0.680592474354264,0.5,0.7392877379186792,0.4610084992584528,0.43400566617230185,positive
0.6457911588411982,0.671050609390562,0.48,0.5,0.6752658541459172,0.4068417682317603,0.2863164635364793,positive
0.6900774491094972,0.774748290394134,0.48,0.5,0.7098838263357542,0.48478701494888266,0.3649806377226257,positive
0.7034266348094671,0.6924710261585789,0.48,0.5,0.6909556086508882,0.42342663480946713,0.3468532696189342,positive
0.6375868393903478,0.6217184454868698,0.48,0.5,0.6537934196951739,0.4593144560372607,0.2989670984758695,positive
0.568560839702703,0.7796494751858107,0.7956454580675691,0.5,0.7503505248141893,0.5074722042195953,0.4649814694797302,positive
0.6365410215624078,0.6991574301873709,0.48,0.5,0.6748558819371497,0.4152328172499262,0.27869179568751845,positive
0.6704260579471135,0.8386153116718812,0.48,0.5,0.7393609130793298,0.538828340645438,0.36989348551322165,positive
0.6897278116469562,0.7437869805884064,0.48,0.5,0.7881183378829006,0.4435147922353626,0.2991834349408684,positive
0.6430720685037552,0.5030720685037552,0.48,0.5,0.705031554725591,0.5088243082668986,0.31268017125938813,positive
0.6583779174384022,0.795924872269786,0.766488330246391,0.5,0.8104154813035093,0.5855093909662767,0.41671599222436523,positive
0.6399202082982046,0.5709575004215454,0.48,0.5,0.6996010414910228,0.33063833361436357,0.2601595834035909,positive
0.6711713140140373,0.8306294878877019,0.48,0.5,0.7517131401403726,0.5294581738736647,0.3582868598596274,positive
0.6821591767423131,0.6357578046461683,0.48,0.5,0.7264013720961449,0.4021591767423131,0.30431835348462616,positive
0.6478495964808205,0.5293536316726152,0.48,0.5,0.6589247982404103,0.5260223771253335,0.3246239912020514,positive
0.5447853186629422,0.7945091758356612,0.6411045713091243,0.5,0.7354908241643389,0.4450614614902233,0.4233743076601489,positive
0.6382500258809947,0.7015500362333925,0.48,0.5,0.6813500983477797,0.4166000207047957,0.2783499948238011,positive
0.6771491607959623,0.782806713632302,0.48,0.5,0.8114916079596224,0.47565755283633987,0.2985083920403776,positive
0.686479194674758,0.7492013422087366,0.48,0.5,0.8054442950679571,0.4456805368834946,0.2894375840242741,positive
0.6560388232626724,0.5341552930506895,0.48,0.5,0.6740905876129022,0.5118188247741956,0.3239611767373276,positive
0.6570144688005588,0.76,0.629405952796368,0.5,0.8198876602004889,0.49022467959902216,0.3418297849982539,positive
0.630786178333437,0.6805658599987567,0.48,0.5,0.6539308916671847,0.4037105733325045,0.27842764333312614,positive
0.6996952437950703,0.84,0.48,0.5,0.7993904875901405,0.5597968291967135,0.33040634160657295,positive
0.6901358915824156,0.7431068473626405,0.48,0.5,0.7859419115604499,0.4432427389450562,0.30040767474724694,positive
0.635388969358365,0.495388969358365,0.48,0.5,0.7549716991706276,0.47425036211264254,0.2934724233959125,positive
0.6004266028532547,0.76,0.9972270814538446,0.5,0.7703732774965979,0.5892534450068043,0.5186668660835791,positive
0.6670183729786644,0.6992545932446661,0.48,0.5,0.6638818898669991,0.4192545932446661,0.3170183729786644,positive
0.6768954893376681,0.7848360852986558,0.48,0.5,0.8089548933766803,0.47794059596098776,0.30104510662331974,positive
0.7548058274668651,0.6907975025142007,0.48,0.5,0.7760124874289965,0.4107975025142007,0.3151941725331349,positive
0.6565175354164902,0.6175393343720865,0.48,0.5,0.6860701416659604,0.54,0.3430350708329802,positive
0.6121394443487195,0.7738736506842508,0.9098212705523692,0.5,0.7647973809934059,0.5813289683223432,0.49398690496702957,positive
0.6386767996248157,0.7021475194747419,0.48,0.5,0.6829718385742994,0.4169414396998525,0.2782646400750369,positive
0.7030230606526212,0.8683054805593896,0.48,0.5,0.6598011384150628,0.5352824199067684,0.33225935925414724,positive
0.6309297835717244,0.690232445892931,0.48,0.5,0.6503486688393967,0.41023244589293106,0.2809297835717244,positive
0.6728317480294765,0.6013269921179059,0.48,0.5,0.7132740787354451,0.43345184252910984,0.30716825197052355,positive
0.6750709152208954,0.8061974862897818,0.6997163391164184,0.5,0.8219721720760045,0.5842253142137772,0.38718222691687737,positive
0.6380440885029744,0.7012617239041642,0.48,0.5,0.6805675363113028,0.4164352708023795,0.2783911822994051,positive
0.6736973645880718,0.8104210832954257,0.48,0.5,0.7769736458807178,0.506723718707354,0.33302635411928216,positive
0.6854682291456639,0.750886284757227,0.48,0.5,0.8108361112231264,0.4463545139028908,0.2864046874369914,positive
0.667478621977913,0.7983972626355627,0.48,0.5,0.7299144879116516,0.54,0.3649572439558258,positive
0.6131041238510898,0.7749761415441027,0.9026550799633327,0.5,0.7643839469209616,0.5806399115349358,0.49191973460480753,positive
0.633435851492843,0.6487697820858838,0.48,0.5,0.667179257464215,0.38251318805725587,0.273128297014314,positive
0.6742458519783333,0.8060331841733337,0.48,0.5,0.7824585197833328,0.5017873321950005,0.3275414802166672,positive
0.7027955173664696,0.7220074710558839,0.48,0.5,0.7184239073788287,0.4348029884223536,0.3383865520994089,positive
0.6508558129864462,0.5241209142763619,0.48,0.5,0.6634232519457848,0.54,0.3317116259728924,positive
0.664526298116124,0.76,0.5805790622451945,0.5,0.8264605108516084,0.47707897829678314,0.31835531838711273,positive
0.6422924081356837,0.6930731020339209,0.48,0.5,0.6546096530508814,0.4130731020339209,0.29229240813568375,positive
0.6825567142132901,0.8507628978971058,0.48,0.5,0.709505122624867,0.5382061836838158,0.3556494694705256,positive
0.6970558436474845,0.6754822497266254,0.48,0.5,0.7015735939208592,0.41705584364748455,0.3341116872949691,positive
0.658214257801687,0.5428570312067479,0.48,0.5,0.6791666015372696,0.5016667969254608,0.321785742198313,positive
0.6273406831221275,0.7912464949967172,0.7968977825213385,0.5,0.7582825643762311,0.5704709406270517,0.46141282188115534,positive
0.6682718865157455,0.7435806411220438,0.48,0.5,0.795433168759833,0.44061750921259646,0.2723456226968509,positive
0.6772438435402686,0.8462090087488016,0.48,0.5,0.7224078085450623,0.5389651652085331,0.3617213216682646,positive
0.6984271996956675,0.7071067999239168,0.48,0.5,0.6756601998858753,0.42710679992391687,0.3484271996956675,positive
0.6488332620245262,0.5088332620245262,0.48,0.5,0.6675837968405798,0.5347496791103679,0.3270831550613155,positive
0.6458464484552348,0.8123959410916968,0.6594263829039708,0.5,0.7503515220906137,0.5572525368176895,0.42175761045306853,positive
0.6769691760927203,0.6336369886887357,0.48,0.5,0.7251506817483524,0.40060616478145594,0.2987876704370881,positive
0.7078291503038748,0.8724249859747498,0.48,0.5,0.6481292064048754,0.5345958356708751,0.32676668536700015,positive
0.6918448894202186,0.7402585176329689,0.48,0.5,0.7768272564255007,0.44210340705318757,0.3055346682606559,positive
0.6565335042536684,0.6178028201855288,0.48,0.5,0.6861340170146737,0.54,0.34306700850733685,positive
0.7120548206713591,0.8289568127208363,0.5517807173145639,0.5,0.8475764143109409,0.5813803984098954,0.3217491634275955,positive
0.6531502315553588,0.6957875578888396,0.48,0.5,0.6586813368332596,0.4157875578888397,0.3031502315553588,positive
0.6747235260116331,0.8022117919069353,0.48,0.5,0.7872352601163309,0.49748826589530215,0.32276473988366905,positive
0.7098041462732217,0.7094777233952579,0.48,0.5,0.6803264228779639,0.4298041462732217,0.3596082925464435,positive
0.6433892783507762,0.5033892783507762,0.48,0.5,0.702969690719955,0.5102517525784928,0.31347319587694045,positive
0.5215684116821457,0.809019742698659,0.4901946759339475,0.5,0.7209802573013411,0.38411708066563266,0.38274472044375507,positive
0.6768554967502008,0.6337734038997591,0.48,0.5,0.7249687948003212,0.4006289006499599,0.2987421987000803,positive
0.6928216468419621,0.8595614115788246,0.48,0.5,0.6845760005266635,0.5367397647368626,0.34391811789490045,positive
0.7082706906650669,0.7128821822248884,0.48,0.5,0.689222983119643,0.43115287288995535,0.3548120719952008,positive
0.6454971272743717,0.5505258545306545,0.48,0.5,0.6577485636371859,0.5107313272834162,0.3187428181859293,positive
0.6164846203431638,0.7701443817496393,0.9340615186273448,0.5,0.7814124294683442,0.588731952281295,0.4908349024697871,positive
0.6320422020975357,0.6905105505243839,0.48,0.5,0.6507658257865759,0.4105105505243839,0.2820422020975358,positive
0.7137792150871163,0.84,0.48,0.5,0.8275584301742326,0.5691861433914108,0.31162771321717825,positive
0.703988393089868,0.7200193448502198,0.48,0.5,0.7120619035207035,0.43400773794008796,0.34196517926960424,positive
0.6759117273248485,0.6136469092993937,0.48,0.5,0.720460697091313,0.41907860581737405,0.3040882726751516,positive
0.5329906569863225,0.8018808393835485,0.5644392704110963,0.5,0.7281191606164515,0.4141004745890966,0.4027336497260644,positive
0.6385315326388629,0.5876216083336452,0.48,0.5,0.6926576631943144,0.3417477388890969,0.2629369347222742,positive
0.7055244816166067,0.7245454347460281,0.48,0.5,0.6867132775750899,0.4423076755543314,0.3611188795958483,positive
0.6908662300228926,0.7052165575057231,0.48,0.5,0.6728248362585848,0.4252165575057232,0.3408662300228927,positive
0.6773317037034665,0.6193268148138659,0.48,0.5,0.7237739753080884,0.4124520493838232,0.3026682962965335,positive
0.6511862873804831,0.8184986141491235,0.619759008030697,0.5,0.7480630196940786,0.5534383661567978,0.4103150984703934,positive
0.6610190186015079,0.733426626042111,0.48,0.5,0.7678722706857298,0.4348152148812063,0.2737961962796985,positive
0.698863022318454,0.7461951774650246,0.48,0.5,0.6967054665223191,0.4606266886242516,0.3627842444203865,positive
0.6676090931419293,0.6994022732854823,0.48,0.5,0.6641034099282236,0.4194022732854823,0.31760909314192937,positive
0.6529972370770746,0.5219889483082981,0.48,0.5,0.6669935531798405,0.5260128936403189,0.3270027629229255,positive
0.6069392306607684,0.7679305493265925,0.9484514293771488,0.5,0.7670260440025278,0.5850434066708796,0.5051302200126391,positive
0.6311809421820294,0.6758286938156471,0.48,0.5,0.655904710910147,0.4005524625437648,0.2776381156359412,positive
0.7108457077356181,0.84,0.48,0.5,0.821691415471236,0.5672304718237453,0.3155390563525093,positive
0.7304714261222502,0.7012265316618927,0.48,0.5,0.7238673416905362,0.4212265316618928,0.33952857387774976,positive
0.6621352115598665,0.5585408462394659,0.48,0.5,0.6883154936396885,0.4833690127206232,0.31786478844013355,positive
0.6617532182274926,0.8305751065457058,0.5412618074529123,0.5,0.7435343350453604,0.545890558408934,0.3876716752268017,positive
0.6674968302734346,0.6450038036718784,0.48,0.5,0.7099949284374955,0.4025006339453131,0.29499873210937383,positive
0.6819017379531643,0.8502014896741409,0.48,0.5,0.7110957792566008,0.5382997517209765,0.35639801376781216,positive
0.7346960283800431,0.6994159878371243,0.48,0.5,0.7329200608143781,0.41941598783712436,0.33530397161995684,positive
0.6388221004407723,0.6106010960330494,0.48,0.5,0.6544110502203861,0.4673436528650199,0.30205525110193077,positive
0.6785487475017902,0.8083376907703325,0.685805009992839,0.5,0.824379902116624,0.5839577886537084,0.38102913903529423,positive
0.671277082505421,0.7003192706263552,0.48,0.5,0.6654789059395328,0.4203192706263552,0.3212770825054209,positive
0.6703270833624608,0.8373833331003135,0.48,0.5,0.743270833624608,0.5370562497378528,0.366729166375392,positive
0.691256762757595,0.7412387287373418,0.48,0.5,0.7799639319594935,0.4424954914949367,0.3037702882727849,positive
0.655947003117232,0.608125551434328,0.48,0.5,0.683788012468928,0.54,0.341894006234464,positive
0.6726144439436625,0.8046858116576384,0.70954222422535,0.5,0.8202715381148433,0.5844142735427952,0.3915282914842894,positive
0.6359703334072153,0.618355999113416,0.48,0.5,0.6798516670360766,0.3622373327422774,0.26805933318556935,positive
0.7258942800923728,0.84,0.48,0.5,0.8517885601847455,0.5772628533949151,0.29547429321016966,positive
0.7583066471850314,0.6892971512064151,0.48,0.5,0.7835142439679244,0.40929715120641513,0.3116933528149686,positive
0.6532342137426141,0.5633645267531326,0.48,0.5,0.6729368549704564,0.54,0.3364684274852282,positive
0.7083073740557387,0.8266506917266084,0.5667705037770451,0.5,0.8449820281924345,0.5816686635341739,0.3283792612860007,positive
0.6698828431673839,0.6421405881991393,0.48,0.5,0.7138125490678141,0.40202343136652324,0.29595313726695355,positive
0.7364069703949484,0.8969202603385272,0.48,0.5,0.5787259290408396,0.5305132899435788,0.2941063195486304,positive
0.7052991547080607,0.6974644125548286,0.48,0.5,0.6878347421532321,0.42529915470806073,0.35059830941612147,positive
0.6678538899430715,0.8045891840606796,0.48,0.5,0.731415559772286,0.54,0.365707779886143,positive
0.6495613688627239,0.76,0.6778511023922951,0.5,0.8133661977548834,0.5032676044902332,0.365120722303988,positive
0.6304543658584169,0.6845476096989979,0.48,0.5,0.6522718292920842,0.4063650731326653,0.2790912682831663,positive
0.671765921078877,0.8258726313689841,0.48,0.5,0.7576592107887697,0.5241067102901072,0.35234078921123024,positive
0.6877133877847229,0.6505690340925943,0.48,0.5,0.7171443536921286,0.4077133877847229,0.3154267755694457,positive
0.6423779503410137,0.5023779503410137,0.48,0.5,0.7095433227834105,0.505700776534562,0.31094487585253444,positive
0.6433787906664264,0.8095757607616302,0.6777575550494036,0.5,0.7514090897143887,0.5590151495239811,0.4270454485719434,positive
0.6370472106049321,0.6054334727408148,0.48,0.5,0.6852360530246604,0.35362231516054327,0.2659055787901358,positive
