@relation glass5
@attribute RI real [1.51115, 1.53393]
@attribute Na real [10.73, 17.38]
@attribute Mg real [0.0, 4.49]
@attribute Al real [0.29, 3.5]
@attribute Si real [69.81, 75.41]
@attribute K real [0.0, 6.21]
@attribute Ca real [5.43, 16.19]
@attribute Ba real [0.0, 3.15]
@attribute Fe real [0.0, 0.51]
@attribute Class {positive, negative}
@data
1.5176423,12.9777,3.53812,1.21127,73.002,0.65205,8.52888,0.0,0.0,negative
1.52212996,14.20795,3.82099,0.46976,71.77,0.11178,9.5726,0.0,0.0,negative
1.52222108,13.21045,3.7716,0.79076,71.9884,0.13041,10.2452,0.0,0.0,negative
1.51755118,13.39,3.65935,1.1888,72.7892,0.57132,8.27064,0.0,0.0561,negative
1.52099096,13.68925,3.592,1.12139,71.9604,0.08694,9.40044,0.0,0.0,negative
1.51755118,13.1506,3.60996,1.05077,73.2372,0.57132,8.23836,0.0,0.0,negative
1.51910022,13.90205,3.73119,1.17917,72.1228,0.0621,8.89472,0.0,0.0,negative
1.51793844,13.21045,3.47975,1.41029,72.638,0.58995,8.43204,0.0,0.0,negative
1.51898632,13.58285,3.34954,1.23053,72.078,0.58995,8.90548,0.0,0.0,negative
1.51215232,12.991,3.47077,1.12139,72.9796,0.621,8.34596,0.0,0.1581,negative
1.51976084,13.80895,3.57853,1.32041,71.7196,0.11799,8.66876,0.68985,0.0,negative
1.51761952,13.88875,3.60098,1.35893,72.7276,0.47817,7.82948,0.0,0.0,negative
1.51784732,12.67845,3.66833,1.15991,73.1084,0.60858,8.70104,0.0,0.0,negative
1.51720948,13.3767,3.5022,1.15028,72.8508,0.50301,8.43204,0.0,0.0,negative
1.51746006,12.83805,3.5022,1.14065,73.2708,0.5589,8.5504,0.0,0.0,negative
1.52210718,13.72915,3.83895,0.72014,71.7588,0.16767,9.74476,0.0,0.0,negative
1.51823458,12.8713,3.47975,1.29152,72.9516,0.60237,8.43204,0.0,0.0,negative
1.51919134,14.417,3.57853,1.36856,72.078,0.5589,8.30292,0.0,0.0,negative
1.51761952,12.79815,3.65935,1.26905,73.0076,0.60237,8.56116,0.0,0.0,negative
1.51782454,12.69175,3.53812,1.33967,72.9516,0.57132,8.75484,0.0,0.0,negative
1.51837126,13.1373,2.84217,1.27868,72.8508,0.55269,9.06688,0.0,0.0,negative
1.5215149,13.05085,3.65037,0.87101,72.218,0.19251,9.85236,0.0,0.0867,negative
1.51595658,12.7915,3.60996,1.61894,72.9684,0.63963,8.0662,0.0,0.1326,negative
1.5177562,12.85135,3.47975,1.23053,72.9684,0.60858,8.56116,0.09135,0.1122,negative
1.51777898,13.21045,3.38995,1.33004,72.7612,0.58995,8.59344,0.0,0.0,negative
1.51755118,13.4831,3.74017,1.16954,72.9908,0.58995,8.03392,0.0,0.0,negative
1.5215149,13.05085,3.65037,0.87101,72.3188,0.19251,9.85236,0.0,0.0867,negative
1.515706,12.71835,3.46179,1.56116,73.198,0.67068,8.08772,0.0,0.1224,negative
1.51720948,12.8713,3.47975,1.33004,73.0412,0.5589,8.43204,0.0,0.0,negative
1.51910022,13.88875,3.52914,1.32041,71.8092,0.50922,8.77636,0.11025,0.0,negative
1.51869018,13.1905,3.37199,1.17917,72.722,0.57132,8.83016,0.0,0.0816,negative
1.51755118,12.99765,3.60098,1.35893,72.9908,0.57132,8.39976,0.0,0.0561,negative
1.51761952,12.81145,3.53812,1.23053,73.2372,0.57753,8.389,0.0,0.0,negative
1.51784732,13.7745,3.48873,1.27868,72.862,0.60237,8.48584,0.0,0.0,negative
1.5175284,12.57205,3.47077,1.3814,73.3884,0.60237,8.5504,0.0,0.0306,negative
1.5178701,12.73165,3.43036,1.1888,72.9516,0.621,8.75484,0.0,0.153,negative
1.52101374,13.6427,4.49,1.09892,71.7812,0.0621,8.75484,0.0,0.0,negative
1.51750562,12.8181,3.55159,1.49054,72.75,0.54027,8.51812,0.0,0.0969,negative
1.52666318,13.9885,3.69976,0.71051,71.5684,0.01863,9.82008,0.0,0.051,negative
1.52171992,13.4831,3.74017,0.8999,72.0108,0.18009,9.60488,0.0,0.0357,negative
1.51618438,13.52965,3.55159,1.53869,72.9908,0.39123,7.77568,0.0,0.0,negative
1.51761952,12.61195,3.592,1.31078,73.2876,0.57753,8.4966,0.0,0.0,negative
1.51768786,12.55875,3.52016,1.42955,73.1476,0.57132,8.53964,0.0,0.0,negative
1.51807512,13.4299,2.86911,1.1888,72.8396,0.55269,9.0346,0.0,0.0,negative
1.5215149,13.11735,3.57853,0.8999,72.2012,0.22977,9.82008,0.0,0.0816,negative
1.51748284,12.858,3.56057,1.26905,73.2092,0.54027,8.37824,0.0,0.0867,negative
1.51736894,12.7782,3.61894,1.29152,72.7892,0.58995,8.70104,0.0,0.0,negative
1.51768786,12.65185,3.56057,1.30115,73.0804,0.60858,8.69028,0.0,0.0714,negative
1.51755118,12.7117,3.42138,1.19843,73.198,0.58995,8.63648,0.0,0.0,negative
1.51768786,12.45235,2.71196,1.29152,73.702,0.5589,9.05612,0.0,0.1224,negative
1.51905466,13.6028,3.61894,1.10855,72.638,0.14283,8.75484,0.0,0.0,negative
1.51766508,13.21045,3.69078,1.29152,72.61,0.57132,8.21684,0.0,0.0,negative
1.51566044,13.29025,3.44832,1.21127,72.7388,0.5589,8.57192,0.0,0.0,negative
1.52226664,14.16805,3.81201,0.78113,71.35,0.0,9.69096,0.0,0.0,negative
1.51966972,14.7732,3.74915,0.29,72.022,0.03105,9.00232,0.0,0.0,negative
1.5219705,14.3609,3.84793,0.89027,71.3612,0.14904,9.15296,0.0,0.0,negative
1.5190091,13.48975,3.47975,1.3493,71.9492,0.55269,9.00232,0.0,0.0,negative
1.51848516,13.6427,3.87038,1.26905,71.9604,0.54027,8.32444,0.0,0.1632,negative
1.51818902,13.7225,0.0,0.55964,74.4524,0.0,10.99292,0.0,0.0,negative
1.51663998,12.93115,3.53812,1.61894,72.9572,0.63963,8.03392,0.0,0.1071,negative
1.51709558,12.99765,3.47077,1.78907,72.722,0.65826,8.18456,0.0,0.0,negative
1.51689056,12.6718,2.87809,1.70882,73.2092,0.73278,8.53964,0.0,0.0,negative
1.5266404,11.22875,0.0,0.7715,73.2092,0.0,14.6836,0.0,0.0,negative
1.51850794,13.19715,3.62792,1.07003,72.8284,0.57132,8.41052,0.09135,0.0867,negative
1.51645774,13.40995,3.55159,1.24979,72.8116,0.6831,8.09848,0.0,0.0,negative
1.51629828,12.7117,3.33158,1.49054,73.282,0.67068,8.23836,0.0,0.0,negative
1.52725546,13.8023,3.15198,0.65915,70.5716,0.08073,11.63852,0.0,0.0,negative
1.51871296,12.93115,3.65935,1.56116,72.5092,0.57753,8.5504,0.0,0.0612,negative
1.5162755,12.99765,3.57853,1.53869,72.8284,0.60858,8.04468,0.0,0.0,negative
1.51618438,13.01095,3.5022,1.48091,72.89,0.60237,8.12,0.0,0.0,negative
1.5160477,12.8979,3.43934,1.44881,73.58,0.44091,8.27064,0.0,0.0,negative
1.5170728,13.7225,3.6818,1.81154,72.0612,0.63963,7.88328,0.0,0.0,negative
1.52613924,13.70255,0.0,1.35893,71.238,0.19251,13.43544,0.0,0.051,negative
1.51689056,13.33015,3.53812,1.60931,72.5428,0.6831,8.10924,0.0,0.0,negative
1.5159338,13.25035,3.44832,1.42955,73.17,0.60858,7.86176,0.0,0.0,negative
1.51743728,12.19965,3.25076,1.15991,73.5508,0.621,8.89472,0.0,0.1224,negative
1.52474966,11.4482,0.0,1.87895,72.19,0.8073,13.24176,0.0,0.1734,negative
1.51789288,13.1905,3.90181,1.30115,72.33,0.55269,8.4428,0.0,0.1428,negative
1.51839404,12.85135,3.66833,1.24016,72.5708,0.621,8.67952,0.0,0.1785,negative
1.5159338,13.09075,3.592,1.51943,73.0972,0.67068,7.82948,0.0,0.0,negative
1.5159338,13.09075,3.52016,1.55153,72.8676,0.6831,8.04468,0.0,0.459,negative
1.51588824,13.11735,3.40791,1.58042,73.2596,0.06831,8.389,0.0,0.0969,negative
1.51818902,12.6186,2.76135,0.82928,73.8084,0.34776,9.42196,0.0,0.102,negative
1.51846238,13.0974,3.96916,1.1888,72.442,0.60237,8.43204,0.0,0.0,negative
1.51711836,12.89125,3.61894,1.57079,72.9572,0.60858,8.10924,0.0,0.0,negative
1.51591102,12.858,3.52016,2.1197,72.6604,0.68931,7.96936,0.0,0.0,negative
1.51841682,13.0176,3.61894,1.0604,72.3412,0.63963,9.13144,0.0,0.0765,negative
1.52408904,13.8289,2.90054,1.16954,71.1484,0.08073,10.78848,0.0,0.0,negative
1.51652608,13.5629,3.56955,1.47128,72.4476,0.63963,7.9586,0.0,0.0,negative
1.5184396,13.25035,3.75813,1.32041,72.4028,0.57753,8.42128,0.0,0.0,negative
1.51812068,13.4299,3.97814,1.17917,72.4924,0.57753,8.15228,0.0,0.0,negative
1.51645774,13.4033,3.48873,1.51943,72.6492,0.67068,8.07696,0.0,0.051,negative
1.52222108,14.4274,0.0,0.99941,72.6716,0.09936,11.52016,0.0,0.0408,negative
1.52739214,11.0226,0.0,0.74903,73.0804,0.0,14.96336,0.0,0.0,negative
1.51686778,13.2304,3.53812,1.48091,72.8396,0.5589,8.09848,0.0,0.0,negative
1.5166172,12.85135,3.51118,1.43918,73.0076,0.6831,8.2276,0.5985,0.1275,negative
1.51625272,13.35675,3.57853,1.49054,72.722,0.44712,8.20608,0.0,0.0,negative
1.51859906,13.35675,3.43036,1.42955,72.2628,0.50922,8.6042,0.0,0.0,negative
1.5173006,12.3526,2.72094,1.62857,72.8676,0.70173,9.22828,0.0,0.0,negative
1.5170728,13.4831,3.47975,1.70882,72.5204,0.621,7.99088,0.0,0.0,negative
1.51805234,12.99765,3.79854,1.07966,73.0692,0.5589,8.37824,0.0,0.0612,negative
1.51568322,13.23705,3.48873,1.47128,73.2484,0.37881,8.03392,0.0,0.0,negative
1.51841682,12.93115,3.74017,1.10855,72.2796,0.63963,8.95928,0.0,0.1122,negative
1.53393,12.2994,0.0,0.99941,70.1628,0.11799,16.19,0.0,0.1224,negative
1.5277794,12.63855,0.0,0.66878,72.022,0.0621,14.40384,0.0,0.0,negative
1.52019366,13.98185,1.35149,1.62857,71.7588,0.39123,10.56252,0.0,0.51,negative
1.5163894,12.5521,3.47975,1.86932,73.2316,0.62721,8.07696,0.0,0.459,negative
1.51654886,12.7516,2.85115,1.43918,73.2708,0.57132,8.78712,0.11025,0.1122,negative
1.5167311,13.2969,3.64139,1.52906,72.5316,0.65205,8.03392,0.0,0.1479,negative
1.52176548,13.19715,3.6818,1.15028,72.75,0.54027,8.51812,0.0,0.0,negative
1.5167311,12.8713,3.56057,1.64141,73.142,0.65205,7.99088,0.0,0.0,negative
1.51595658,13.0176,3.56057,1.53869,73.1084,0.72036,7.9048,0.0,0.0,negative
1.51408862,14.24785,3.08912,2.08118,72.2796,1.09917,7.07628,0.0,0.0,negative
1.53124196,10.73,0.0,2.10044,69.81,0.57753,13.29556,3.15,0.1428,negative
1.51846238,13.40995,3.88834,1.33004,72.3804,0.50922,8.2814,0.0,0.0,negative
1.52067204,13.5496,2.08785,1.6703,72.1788,0.52785,9.5726,0.2709,0.0867,negative
1.51659442,12.991,3.17892,1.23053,72.9684,0.57753,8.80864,0.0,0.1224,negative
1.5177562,13.52965,3.40791,1.51943,72.0388,0.57753,8.78712,0.0,0.0,negative
1.51609326,13.33015,3.52914,1.33967,72.6716,0.5589,8.3352,0.0,0.0,negative
1.51663998,13.1373,3.44832,1.76018,72.4812,0.60237,8.37824,0.0,0.0867,negative
1.52121876,14.0284,3.75813,0.5789,71.7924,0.11178,9.64792,0.0,0.0,negative
1.51645774,13.03755,3.39893,1.25942,73.0076,0.52164,8.58268,0.0,0.0,negative
1.52210718,14.188,3.78058,0.90953,71.3612,0.22977,9.1422,0.0,0.1887,negative
1.51693612,12.858,3.57853,1.31078,72.61,0.60858,8.78712,0.0,0.0,negative
1.51777898,13.6427,3.65037,0.64952,73.002,0.0621,8.927,0.0,0.0,negative
1.51796122,13.50305,3.35852,1.62857,71.938,0.57132,8.80864,0.0,0.459,negative
1.51609326,13.42325,3.39893,1.2209,72.6884,0.58995,8.32444,0.0,0.0,negative
1.5193508,13.6427,3.53812,0.74903,72.6492,0.16146,8.89472,0.1512,0.1224,negative
1.51768786,13.64935,3.65935,1.10855,72.7724,0.11178,8.6042,0.0,0.0,negative
1.5183257,13.33015,3.34056,1.53869,72.1396,0.5589,8.99156,0.0,0.0,negative
1.51670832,13.23705,3.56955,1.3814,72.6996,0.5589,8.4428,0.0,0.051,negative
1.52126432,14.321,3.90181,0.82928,71.5012,0.0,9.48652,0.0,0.0,negative
1.51643496,12.15975,3.52016,1.3493,72.89,0.57132,8.52888,0.0,0.0,negative
1.5196925,12.63855,0.0,1.65104,73.7524,0.37881,11.53092,0.0,0.0,negative
1.51914578,12.73165,1.84988,1.85969,72.6884,0.60237,10.08908,0.0,0.0,negative
1.5151365,14.00845,2.68053,3.5,69.8884,1.68291,5.87116,2.1987,0.0,negative
1.51315464,13.0176,0.0,3.04097,70.482,6.21,6.95792,0.0,0.0,negative
1.52119598,12.97105,0.32777,1.5098,73.3884,0.13041,11.27268,0.0,0.1428,negative
1.5215149,11.02925,1.71069,1.56116,73.4388,0.57753,11.617,0.0,0.0,negative
1.523679,13.4432,0.0,1.58042,72.218,0.32292,12.24108,0.0,0.0,negative
1.52042146,13.3767,0.0,1.40066,72.2516,0.32913,12.49932,0.0,0.0,negative
1.51994308,13.2703,0.0,1.76018,73.03,0.47196,11.31572,0.0,0.0,negative
1.52058092,12.85135,1.61191,2.17106,72.1788,0.75762,9.70172,0.2394,0.2601,negative
1.52171992,11.56125,1.88131,1.56116,72.862,0.47196,11.41256,0.0,0.0,negative
1.51115,17.38,0.0,0.34136,75.41,0.0,6.64588,0.0,0.0,positive
1.51828014,14.46065,2.24051,1.61894,72.3804,0.0,9.26056,0.0,0.0,positive
1.51853072,14.08825,2.19112,1.66067,72.6716,0.0,9.32512,0.0,0.0,positive
1.51299518,14.4008,1.74212,1.53869,74.5476,0.0,7.59276,0.0,0.0,positive
1.51887242,14.99265,0.78126,1.74092,72.498,0.0,9.9492,0.0,0.0,positive
1.51509094,15.15225,0.0,2.25131,73.5004,0.0,8.3352,0.63,0.0,negative
1.51652608,11.94695,0.0,1.1888,75.1804,2.70135,8.927,0.0,0.0,negative
1.52064926,14.3609,0.0,2.02019,73.422,0.0,8.4428,1.64115,0.0,negative
1.51556932,13.8688,0.0,2.54021,73.2316,0.14283,9.4112,0.80955,0.0051,negative
1.5163894,14.36755,0.0,2.73923,72.8508,0.0,9.45424,0.53865,0.0,negative
1.51545542,14.14145,0.0,2.68145,73.3884,0.08073,9.06688,0.6111,0.0255,negative
1.5165033,14.38085,0.0,1.93994,73.6124,0.0,8.47508,1.5687,0.0,negative
1.51682222,14.5604,0.0,1.97846,73.2876,0.0,8.51812,1.5687,0.0357,negative
1.51645774,14.93945,0.0,1.86932,73.1084,0.0,8.66876,1.3797,0.0,negative
1.5151365,14.853,0.0,2.42144,73.7188,0.0,8.389,0.5607,0.0,negative
1.516845,14.9195,0.0,1.9913,73.58,0.0,8.39976,1.59075,0.0,negative
1.51622994,14.2013,0.0,2.79059,73.4612,0.03726,9.04536,0.40005,0.459,negative
1.51531874,14.38085,0.0,2.65898,73.0972,0.03726,9.07764,0.63945,0.0,negative
1.51609326,15.126,0.0,2.51132,73.0524,0.04968,8.83016,0.5292,0.0,negative
1.51727782,14.70005,0.0,2.34119,73.282,0.0,8.94852,0.6615,0.0,negative
1.51837126,14.321,3.25974,2.21921,71.2492,1.45935,5.78508,1.62855,0.0,negative
1.51657164,14.7998,0.0,1.9913,73.1084,0.0,8.2814,1.71045,0.0,negative
1.51732338,14.95275,0.0,1.7987,72.9908,0.0,8.61496,1.5498,0.0,negative
1.5191464984814054,14.257531109797291,0.09811749254507185,2.002874493301085,72.62229544208843,0.0,10.578976642009739,0.0,0.0,positive
1.5134528270401968,14.166612178903296,1.7585424139902794,1.7003252116683107,74.12914354071908,0.0,7.673679315536605,0.012946937528255908,0.0,positive
1.5192996415153377,13.981706190694135,0.0,1.956371920859018,72.81929631940952,0.40808793330064363,11.220531190285284,0.0,0.0,positive
1.5193501060258403,13.932555249886251,2.248290901791013,1.1990228725203724,72.74747977184336,0.0,9.765506621206768,0.0,0.0,positive
1.5202248781419603,13.881135036458357,2.1688849067934495,1.6640530236825526,72.53972581066677,0.4208193567400736,9.548430583455781,0.19521753066166567,0.033755366723848865,positive
1.518319320426876,14.341509420217097,0.0,0.55964,73.78942853413051,0.0,11.197792734633355,0.0,0.0,positive
1.5112825361036013,15.267061754571046,0.0,0.5296681286622036,74.90909809786191,0.0,7.679939763046569,0.2647881069335119,0.0,positive
1.5184049298718043,14.172105542180567,2.3136445180367637,1.4453851191874243,72.71640725520481,0.0,9.717114190856883,0.0,0.0,positive
1.5185596742796357,14.972590850862483,2.134266024416623,1.7373434783835116,72.47741201458679,0.0,9.494051074367125,0.0,0.0,positive
1.5169529074989092,14.20291345806785,1.8214560324618305,1.606647496879714,73.36867347244379,0.0,7.8241296031897205,0.0,0.0,positive
1.5191987402082359,14.318179315387399,0.0,1.2418954637977424,73.45235186520871,0.0,11.189506989754593,0.0,0.0,positive
1.5196266521725164,13.590629565912579,2.2119967249959394,1.2864915330232591,72.61747337356837,0.1057876584665518,9.675409876382577,0.10893715904284415,0.006812054314414494,positive
1.5187572244463923,13.890692888184066,2.3711170137087123,1.3011528657514084,72.75585975645457,0.0,9.655155235673307,0.0,0.0,positive
1.5204289706782042,14.499403912294365,0.0,0.5632117084507986,72.86343737822091,0.0315170435115598,11.286650646724208,0.0,0.04014241482844241,positive
1.5150929331378935,15.078772116210626,0.0,1.371201066277568,75.31478610745377,0.0,7.648056967453223,0.24720393566692136,0.0,positive
1.5204565483090844,14.329002100200713,2.267025321337399,1.5237858254941714,72.37078613690655,0.22455081687331171,9.363115519125097,0.0,0.005692603224054988,positive
1.5184837500074952,14.952142552159534,1.9121030523669758,1.676072601149927,72.47695034083107,0.0,9.760562301107793,0.0,0.0,positive
1.5159803834336154,13.613416259794967,3.2456707683642962,1.53869,73.12425126634957,0.06539819184974187,7.711812046093192,0.0,0.0,positive
1.5194888522571803,13.659082938279717,0.0,1.8296708530725314,72.8610491949145,0.2318664802898711,10.936399762179636,0.0,0.0,positive
1.5204108870011126,13.788199232911742,2.38597763467247,1.2799829529222317,72.11600399877604,0.370007227591955,9.776849810080975,0.0,0.014568902582621219,positive
1.519268818986866,13.88581732439091,2.403020334062526,1.4543126737803196,72.69319018637614,0.0,9.406748696565806,0.0,0.0,positive
1.5188692477803512,14.555012602703492,0.0,0.55964,74.3806583197766,0.0,11.074918866487058,0.0,0.0,positive
1.5111576096424462,16.988056931675832,0.0,0.6762583365500263,73.53031173123243,0.0,7.808998260723462,0.14167399185789165,0.0,positive
1.5190834996280134,14.064244333367919,2.2704387122456993,1.5426386412646922,72.31503832581487,0.2574744265547859,9.62569023609253,0.0,0.0644125821166786,positive
1.5171847281241864,14.51900952354904,0.14005508106985531,2.519723664114907,72.70974915002682,0.0,9.622818973595875,0.13824232177625664,0.0,positive
1.5137590744263425,14.074215365718299,1.7749696228319007,1.6877651815538588,74.14126182462529,0.0,7.702088281519013,0.12431223874935522,0.0,positive
1.5217617824699203,14.160545846304142,0.0,1.1614508936274093,72.70192565614617,0.0990057476283811,11.052093896131144,0.0,0.03692995155757261,positive
1.5195316954403695,13.68484386408223,2.161626169062946,1.4486558058540904,72.21002922071784,0.02621232384056175,9.740195251659022,0.10176617622695713,0.08341223210937297,positive
1.5196094310967156,14.054111526180382,2.1128524332342877,1.6698089125347957,72.64657832800161,0.024606020556654354,9.39826511473243,8.053477826101313E-4,0.003320502434680862,positive
1.5192246073663471,14.530413230556512,0.0,1.59786157063931,73.47151292631794,0.0,11.061296212708132,0.0,0.0,positive
1.5115256895642102,14.89882716842518,0.0,1.396229698993651,73.8604740376707,0.0,7.799128630213422,0.317087160977624,0.0,positive
1.5183755617641443,14.312616149916442,2.2211743494196905,1.6567725512554563,72.49636420147252,0.0,9.302190228276602,0.0,0.0,positive
1.5186236144825271,14.512264772587773,2.240124419515585,1.6831732979347378,72.48072840593959,0.0,9.872103106603195,0.0,0.0,positive
1.5151435033318235,14.104851622451875,1.749902884249874,1.7344589846877612,74.38970428684958,0.0,7.900219451102548,0.5819539513042469,0.0,positive
1.5217825209181344,14.415562097903347,0.0,1.7313514586584278,72.68531954462172,0.05724649869886971,11.10682737234818,0.0,0.00179592124052532,positive
1.5203572526650473,13.582633492103284,2.0910612019917103,1.2472696045715352,72.6419202778843,0.4959677280013279,9.640643447553364,0.11900808078176019,0.054611604903217426,positive
1.5203610530072171,14.017931312605224,2.261862818013532,1.5038890973275674,72.43545726529804,0.20801936009562574,9.801960241412402,0.0,0.07885418079483104,positive
1.5210709725603833,14.475272707949694,0.0,0.9790010607424688,72.73700005286099,0.031125877266723893,11.31824783740999,0.0,0.0017506664921416574,positive
1.5121209030688243,17.363132796973552,0.0,1.6593146918587411,74.62402314254037,0.0,7.326296436537091,0.124379665741679,0.0,positive
1.5203852316983308,14.299142480086386,2.270925037875708,1.5892356358182576,71.9888684898334,0.2767473590870798,9.748938067751762,0.0,0.04680449105115079,positive
1.5188863159533312,14.212441878899677,0.30054642279048643,1.8825356424393846,72.5761571512077,0.0,9.962895209044758,0.0,0.0,positive
1.5160598702763282,14.327299639807304,1.7737362388706897,1.65583136622919,73.49453566390403,0.0,7.986457033646455,0.5116556130265425,0.0,positive
1.5219446526265803,14.3811529094377,0.0,1.5501131774684176,72.70089541197483,0.05727060993518755,11.179205491834479,0.0,0.02421122176244507,positive
1.5187737952522917,13.99067752032525,2.269335177343002,1.4208791353199497,72.51181007507954,0.0,9.537045371948452,0.0,0.0,positive
1.518994169908687,13.99198166681207,2.220254012119747,1.5125694775972645,72.17040335115557,0.07432277070012262,9.463166226588534,0.0,0.028747358848353194,positive
1.5184402436688598,13.898013299415782,0.0,0.55964,74.32846588969547,0.0,11.109304360565895,0.0,0.0,positive
1.5115663302335471,16.26784835345726,0.0,1.7945312675658585,74.96519512048893,0.0,7.1230019109782745,0.2790464987006501,0.0,positive
1.5193000328603457,14.134241510183205,2.4036868629450403,1.5779329046019872,72.64201790183004,0.0,9.657597083599036,0.0,0.0,positive
1.5185149854902218,14.576448163404653,1.380905886322263,1.740135885734039,72.4599478214024,0.0,9.842964304747891,0.0,0.0,positive
1.51371702581298,14.234646520282253,1.7480663912943974,1.72501900437837,73.15162493392485,0.0,7.792886641213982,0.18436428982647224,0.0,positive
1.519587492569888,13.357707429861405,0.0,2.0583059522251634,72.98601394643407,0.18301824465677546,11.140302471638279,0.0,0.0,positive
1.5199135038424527,13.782156371147043,2.1844579397853217,1.2169816297867022,72.53551572908975,0.030047644673811626,9.581826020463076,0.18257540908985212,0.07853386925127881,positive
1.5184505190775377,14.245374063974001,2.205011677485801,1.6565122292033723,72.67082525076782,0.0,9.308995981678349,0.0,0.0,positive
1.5204084017133876,14.477109025964827,0.0,0.9604487108212347,72.73515250510604,0.046439432215686166,11.306464834713571,0.0,1.2433543789178297E-4,positive
1.512817659446558,16.510799947310918,0.0,1.0441731672944812,74.31908159874926,0.0,7.5715199946867315,0.3229517942761775,0.0,positive
1.5183327888041054,14.099637250934927,2.2321921937782845,1.6419467650911064,72.48203402601398,0.0,9.266509841438683,0.0,0.0,positive
1.5194349354547925,14.789187374058937,1.2333105266301279,1.6886482908890847,71.83064712399549,0.0490178692227984,10.380211696620524,0.0,0.382404866198067,positive
1.5160801413862666,14.058403883519993,2.275017672734613,1.53869,73.32889836336608,0.1882060123067048,7.703729670905193,0.0,0.0,positive
1.5194316093200564,14.311649388720864,0.0,1.731360913262756,72.708889595433,0.02959617435355026,11.280430093772873,0.0,4.091219009743654E-4,positive
1.5193458793799919,14.08641337272677,2.2867246373331303,1.5856852473479053,72.70833184480601,0.0,9.606968928571234,0.0,0.0,positive
1.519231517644543,14.000798928772445,2.229831809765226,1.4614563969780667,72.61769373751487,0.15502289616937104,9.643098780535658,0.0,0.07680295888564972,positive
1.519727288862349,13.522628472993388,0.0,1.1506118030964996,73.26227168989872,0.340240934227142,11.313830616898521,0.0,0.0,positive
1.5141778521830247,15.268355735088774,0.0,0.78461855704264,74.6918078485031,0.0,7.289902738115942,0.13972531691661047,0.0,positive
1.5194565672780171,14.276303014905219,2.2190923063945904,1.6666297783217012,72.34956444477277,0.4530010139097965,9.270180656818265,0.09221266802083429,0.01636947935293151,positive
1.519979495028538,14.874067843600654,0.7899447273098085,1.7166568978425083,71.76539557027604,0.08207661190322527,10.308426397328606,0.0,0.036839432769666704,positive
1.51388128021323,14.197336500582965,1.8134252033379377,1.558090846022813,74.37886332697465,0.0,9.025304342846193,0.0,0.0,positive
1.5193896746548785,14.279697805036788,0.0,1.69959669170627,72.86570195669171,0.0,11.129726714657316,0.0,0.0,positive
1.519500452054896,13.705575121212378,2.354204288048685,1.3591349494989216,72.24334119772602,0.30194351833758554,9.652144208433935,0.24160368793150566,0.02115868559586403,positive
1.5185726076603248,13.94153603327256,2.3621436368705817,1.5804600015146533,72.69875137317433,0.0,9.548478158787754,0.0,0.0,positive
1.5182346298053182,14.285974074867887,0.0,0.55964,73.83856486323698,0.0,11.053441739764148,0.0,0.0,positive
1.513016924545445,16.80581759213632,0.0,0.8791059430174873,73.7644932034167,0.0,7.233361743602822,0.3279112882200784,0.0,positive
1.5189362790619825,13.96508235995861,2.3955519687944213,1.252332186968324,72.47960711709405,0.0,9.453727216491194,0.0,0.0,positive
1.5184143526415907,14.701206327595038,0.6002280226866505,2.002426980611412,72.78969102332422,0.0,9.942968659952127,0.1541748332103972,0.0,positive
1.5135792161822432,14.163772928553803,1.7529088049437085,1.6450725907556758,73.58376804219147,0.0,8.25683469088702,0.6664730826069996,0.0,positive
1.5194223933562774,14.469105414157003,0.0,1.5708621942998686,73.17834959278369,0.0,11.13824288339173,0.0,0.0,positive
1.5188695277236461,13.84493603053531,2.298407890170758,1.4543549360940884,72.63191622449429,0.0,9.724742938745885,0.0,0.0,positive
1.5183200121141014,14.36127216423588,2.2345721441431965,1.6548010795412327,72.38805448085833,0.0,9.28321831867457,0.0,0.0,positive
1.5193938513428458,14.43880359420902,0.0,0.55964,74.10525149408473,0.0,11.10738338802216,0.0,0.0,positive
1.5129593584219199,14.959285374802212,0.9680340495913992,0.8081367447318593,75.20895960853807,0.0,6.774273405145597,0.0,0.0,positive
1.518478854723582,14.401276794423318,2.197142027436493,1.65934021091808,72.46864518785594,0.0,9.276492251964422,0.0,0.0,positive
1.5190025774510125,14.428793511057021,0.6998801062564488,1.7686692454527873,72.51644456095204,0.0,10.01367122177981,0.0,0.0,positive
1.513180829305454,14.263666932370025,1.743268996644338,1.5892619601013476,72.93931309333263,0.0,8.819762461476019,0.0,0.0,positive
1.5211371931185589,14.372991559633277,0.0,1.2044851522108315,72.70104974531091,1.6067169080984813E-4,11.040013751087264,0.0,0.037257613851356765,positive
1.518669397365989,14.409975803694657,2.3648962957820316,1.445518490544099,72.54194944924481,0.0,9.261365450972566,0.0,0.0,positive
1.5191045420056974,13.94408402209069,2.1286572510964636,1.6662961569058938,72.284962113381,0.43302466254173533,9.404520554076496,0.2558892488420828,0.07405515465991135,positive
1.519762623515483,14.205438199876175,0.0,0.7206808962466731,73.11957892140484,0.2436948922140622,11.236578492025243,0.0,0.0,positive
1.5143082916936397,15.012020998064914,0.0,1.288597329679389,74.85497396326834,0.0,7.681860215915341,0.052838476750824724,0.0,positive
1.5189120406287704,13.949259896963019,2.2136566226666017,1.665142715502077,72.34889324676082,0.3958756712170002,9.364510552041931,0.03995104996543782,0.07990827935772746,positive
1.5188797824144704,14.238077456787419,0.04373478883312798,1.8036638408574837,72.59899507084258,0.0,10.218796629352598,0.0,0.0,positive
1.5137075656923644,13.92511047207597,1.7689140786622521,1.6139482533219207,73.37134346146777,0.0,8.049408276150759,0.3029320410849665,0.0,positive
1.520645503031061,14.189820081762203,0.0,1.913103968243011,72.72736949698957,0.07526186974458904,10.930560117464294,0.0,0.01267267134584547,positive
1.5195914899475336,13.78511898484506,2.3126136178383905,1.2385748281466193,72.04997410101328,0.3616943834740791,9.840450394025284,0.0,0.005010345160279713,positive
1.5182929045624458,14.452598718879809,2.234075448440106,1.6446565508769329,72.64690088952521,0.0,9.283633455012941,0.0,0.0,positive
1.5216346531627214,14.495685005240313,0.0,0.7544242041438907,73.13325658118019,0.07438030617400228,11.437567163508806,0.0,0.026964197926153753,positive
1.5122280833570612,15.922848260566994,0.43092085957578996,0.9289488530141408,74.98932115529713,0.0,7.350136596393464,0.0,0.0,positive
1.5199872528668674,14.126349845855142,2.229131903632493,1.651469010456125,72.24083565633377,0.0013974695721869963,9.550607060237596,0.09357369341059413,0.0637562589954496,positive
1.5186749979288674,14.500768898576545,1.1689438259496965,1.7267688664848222,72.38144304393273,0.0,9.545254491266373,0.0,0.0,positive
1.5179815755065111,14.427053834568499,2.06126131845466,1.6023656904509949,73.43551603106108,0.0,8.683338386138432,0.0,0.0,positive
1.5192596249553243,13.736611969166283,0.0,1.9004591454190534,72.83134103923184,0.15642920530795879,11.104223153966062,0.0,0.0,positive
1.5201205552016874,13.788614949852834,2.2870262283663485,1.210833295349337,72.25315935430449,0.31159293646734887,9.77501784777246,0.0,0.03925955195160362,positive
1.5207304345765562,13.89827463560139,2.2061801559448204,1.6429533139944026,72.53542239368349,0.08061886447371697,9.805153463941853,0.0,0.03018928664882988,positive
1.5199218364783635,14.214322995052,0.0,1.663486954266745,73.15075023646355,0.08889979201170893,11.229860787929038,0.0,0.0,positive
1.5145323074976103,15.635699208820698,0.0,1.507130056084566,74.26040757387626,0.0,7.940870075568284,0.1701192949933804,0.0,positive
1.519139956699996,14.254369883430947,2.2105573601541306,1.6619399397788825,72.31227783921378,0.10136742088242139,9.34361329370638,0.13190500390947302,0.04387665656711885,positive
1.5197332850717968,14.355644569523541,1.1494829934951298,1.7024966140310884,72.3587322701608,0.3376569360729187,10.105171721052704,0.0,0.1910276885427742,positive
1.5156883940349735,14.408474075334615,1.9257609755092817,1.5911783613772326,73.49576783961753,0.0,8.265834790707089,0.0,0.0,positive
1.519170125078141,13.381808666215626,0.0,2.0744604631458103,72.86611787955955,0.058736441229465614,11.274610800130276,0.0,0.0,positive
1.519222891905299,14.10633270950567,2.3766219164214464,1.5763661053425828,72.45995779286524,0.0,9.445910175037497,0.0,0.0,positive
1.5206279415151576,13.869155639877512,2.1751497148694834,1.6656568361299577,72.66466900150702,0.31330697146205166,9.566199181496604,0.1965399303924276,0.05751284371838486,positive
1.5189023207922716,14.358442735465824,0.0,0.55964,74.34852161762095,0.0,11.163145705582187,0.0,0.0,positive
1.5123775995334374,14.416917309040297,0.47775722189854364,1.423161248642864,74.70744680484145,0.0,6.96053046810922,0.0,0.0,positive
1.518402259419136,14.280377335959288,2.198396445712337,1.6281098258524114,72.39479891670042,0.0,9.275125159233239,0.0,0.0,positive
1.518646117943014,14.479791510485125,1.3890299897107592,1.6753958395526267,72.3981291274448,0.0,9.368308909955308,0.0,0.0,positive
1.5142678150455744,14.198307745871938,1.7715553038119507,1.723854177181589,73.84746835421704,0.0,8.4553987103655,0.07742584417082636,0.0,positive
1.5217503587740677,14.306095288412642,0.0,1.180043226598538,72.72434162859629,0.001490319402971688,11.491985298496507,0.0,0.01996527711595865,positive
1.5200655698181917,13.787699662108345,2.3693914419634825,1.425425678662393,72.73934835374185,0.4311553536722479,9.842349145033685,0.0,0.07984717347077139,positive
1.51910494909647,14.027271463049386,2.1273630796355,1.6624797924927806,72.58091109061671,0.4507931682639799,9.490183000035275,0.08822057449752982,0.04290476260147858,positive
1.519705254196797,13.381058713357113,0.0,1.4398632667531577,73.08915821674451,0.23127291929754315,11.242130952550262,0.0,0.0,positive
1.5125242986345786,16.340135877325046,1.5378792465285964,0.5350138245395923,74.84849043532498,0.0,7.228292855324188,0.0,0.0,positive
1.5201814555631428,14.207828093227567,2.250301652453251,1.5204069086102525,72.04916050893179,0.34005053361166104,9.414758824099076,0.0,0.004447554341883368,positive
1.5189949164655763,14.677217435283882,1.0786267307520734,1.7046485185395173,71.82187134582031,0.3883961099538014,10.289570480127264,0.0,0.2701444069640738,positive
1.514350416518527,14.384800952450236,2.3067415816162264,1.53869,73.05119582729782,0.19849116305512465,7.726365252611936,0.0,0.0,positive
1.5190051812467982,13.97600442055423,0.0,1.695805227381881,73.74662438888888,0.0,10.959945036183633,0.0,0.0,positive
1.518875773981888,13.958221628358695,2.2414339553628824,1.306732950131822,72.70520975958534,0.0,9.37322514039732,0.0,0.0,positive
1.5207721831632077,14.083139020487389,2.2213862310103,1.4846729382594537,72.6670015500681,0.4074365519573898,9.358738952923934,0.0,0.05373423642121239,positive
1.5192752525093676,14.260653134029468,0.0,0.8054286980473172,73.08009243504827,0.0,11.196870240288368,0.0,0.0,positive
1.514844691994371,15.443195166951929,0.0,1.2291451325101916,74.25932281540898,0.0,8.087853444497803,0.9811064412866363,0.0,positive
1.52011047433989,14.104339824043189,2.2597483499723214,1.4439151597468687,72.00728734532314,0.37777132904237726,9.46034718454699,0.0,0.036336953678753156,positive
1.5188414938194768,14.806258685214623,1.3516289211038968,1.642015152589144,72.47873090236092,0.0,9.31169710459042,0.0,0.0,positive
1.5174582887956962,14.407513173442853,2.1619592032029384,1.5966724091300493,73.80572873807046,0.0,8.933609162869262,0.0,0.0,positive
1.5220794407189964,14.169974739932714,0.0,1.3284953682250675,72.67997147229636,0.023265380531268975,11.186091192950034,0.0,0.018027456757171295,positive
1.5190314334494646,14.074393760009832,2.329999054476595,1.3337688635486606,72.52292356349632,0.0,9.584702226952173,0.0,0.0,positive
1.5184828135613218,14.290173892356997,2.222714926202494,1.631585584414723,72.52135218716207,0.0,9.277167670711005,0.0,0.0,positive
1.5197100249416886,14.265270409848188,0.0,0.9268054332079096,73.29432637947427,0.24414167246084414,11.26726769423003,0.0,0.0,positive
1.5123232161780897,14.732621313739434,1.7298465147397737,0.8839376003045045,75.3527956422174,0.0,6.773866079386578,0.0,0.0,positive
1.5188627780623598,13.8789044609905,2.393528120589282,1.424237474953245,72.49832766469818,0.0,9.33133779374824,0.0,0.0,positive
1.5190358482733506,14.673729039693244,0.7280149599055834,1.8234697816607128,72.69792271100059,0.0,10.55458427040314,0.0,0.0,positive
1.5142290242323493,14.418123828250003,2.1685989545735875,1.5855418937272279,73.91670073399732,0.0,7.6901917239988515,0.0,0.0,positive
1.5192390718516362,13.936314462178391,0.0,2.018113648903574,72.84600833770273,0.40880967504036103,11.26077798020274,0.0,0.0,positive
1.5196230329832474,13.594153335824858,2.4045889460464878,1.4090050432540993,72.5144582658305,0.28009288820007244,9.676598303994982,0.2685144624780597,0.001335310524641694,positive
1.5192293437001807,13.986043862483383,2.3432112736241093,1.4784907862558523,72.69287478515979,0.0,9.670156946532057,0.0,0.0,positive
1.5183825961877713,14.023381237021898,0.0,0.55964,74.08341394742818,0.0,11.150737407779985,0.0,0.0,positive
1.5129992695626155,17.048820578775608,0.0,1.110220595308765,75.40227242426279,0.0,7.593836194016804,0.26893737861765904,0.0,positive
1.5191887319905866,13.82923269969364,2.3087339131280853,1.396478339136427,72.47918078707335,0.0,9.535723205490127,0.0,0.0,positive
1.5178081828235617,14.987880300310339,0.24869409171234524,1.7670327706500637,72.67938642862869,0.0,9.820875836457706,0.4610502854690964,0.0,positive
1.5160869736382154,14.254151736826358,1.748934671795766,1.65259382596543,74.31977229659992,0.0,8.003528286119813,0.5073832833705821,0.0,positive
1.5206583817378825,14.20138014682336,0.0,1.0679663899479805,72.7378093538725,0.04592879755790337,10.914089644705287,0.0,0.022185313298725973,positive
1.5188031795438774,13.814016022823987,2.249977171760505,1.2736432007765641,72.41210727330407,0.0,9.652895528351076,0.0,0.0,positive
1.5198735247223363,14.021083983189884,2.1781532018072647,1.6694373771988986,72.58968912257617,0.11701678508290317,9.375050706978294,0.25620201349198213,0.0344150823592288,positive
1.5186105626794353,14.535097178141777,0.0,0.55964,73.58475034679212,0.0,11.159334161660375,0.0,0.0,positive
1.5148615253214976,16.498040057930254,0.0,0.6967812803095537,73.58758876398481,0.0,7.073588174736417,1.1778674531806543,0.0,positive
1.5185863898811152,14.034035127953402,2.242252434257364,1.587935387466804,72.35920971033428,0.009698789443569224,9.374541112605284,0.0,0.013928051311815133,positive
1.518867627418023,14.88052790631326,0.5572193082788586,2.023312283749818,72.67771610902531,0.0,9.632181372528393,0.484252326381356,0.0,positive
1.515508904667215,14.181532182944073,2.1186170275459135,1.6338828467405873,74.43317367865629,0.0,9.26025899394881,0.0,0.0,positive
1.5196739643356152,14.394622844598496,0.0,1.228684180842245,72.86848717460633,0.0,10.972877480500456,0.0,0.0,positive
1.5188937469806671,13.836372842280005,2.2101601438337273,1.2592898560412769,72.72634937833394,0.0,9.421082813517614,0.0,0.0,positive
