@relation glass5
@attribute RI real [1.51115, 1.53393]
@attribute Na real [10.73, 17.38]
@attribute Mg real [0.0, 4.49]
@attribute Al real [0.29, 3.5]
@attribute Si real [69.81, 75.41]
@attribute K real [0.0, 6.21]
@attribute Ca real [5.43, 16.19]
@attribute Ba real [0.0, 3.15]
@attribute Fe real [0.0, 0.51]
@attribute Class {positive, negative}
@data
1.51588824,12.87795,3.43036,1.40066,73.282,0.68931,8.04468,0.0,0.1224,negative
1.52212996,14.20795,3.82099,0.46976,71.77,0.11178,9.5726,0.0,0.0,negative
1.52222108,13.21045,3.7716,0.79076,71.9884,0.13041,10.2452,0.0,0.0,negative
1.51755118,13.39,3.65935,1.1888,72.7892,0.57132,8.27064,0.0,0.0561,negative
1.52099096,13.68925,3.592,1.12139,71.9604,0.08694,9.40044,0.0,0.0,negative
1.51793844,13.21045,3.47975,1.41029,72.638,0.58995,8.43204,0.0,0.0,negative
1.51215232,12.991,3.47077,1.12139,72.9796,0.621,8.34596,0.0,0.1581,negative
1.51761952,13.88875,3.60098,1.35893,72.7276,0.47817,7.82948,0.0,0.0,negative
1.51784732,12.67845,3.66833,1.15991,73.1084,0.60858,8.70104,0.0,0.0,negative
1.51720948,13.3767,3.5022,1.15028,72.8508,0.50301,8.43204,0.0,0.0,negative
1.51746006,12.83805,3.5022,1.14065,73.2708,0.5589,8.5504,0.0,0.0,negative
1.52210718,13.72915,3.83895,0.72014,71.7588,0.16767,9.74476,0.0,0.0,negative
1.51823458,12.8713,3.47975,1.29152,72.9516,0.60237,8.43204,0.0,0.0,negative
1.51919134,14.417,3.57853,1.36856,72.078,0.5589,8.30292,0.0,0.0,negative
1.51750562,12.81145,3.56955,1.3493,73.0188,0.621,8.59344,0.0,0.0,negative
1.51782454,12.69175,3.53812,1.33967,72.9516,0.57132,8.75484,0.0,0.0,negative
1.51793844,12.7915,3.5022,1.12139,73.03,0.63963,8.7656,0.0,0.0,negative
1.51837126,13.1373,2.84217,1.27868,72.8508,0.55269,9.06688,0.0,0.0,negative
1.5215149,13.05085,3.65037,0.87101,72.218,0.19251,9.85236,0.0,0.0867,negative
1.51595658,12.7915,3.60996,1.61894,72.9684,0.63963,8.0662,0.0,0.1326,negative
1.51734616,13.0176,3.53812,1.68956,72.7276,0.54027,8.4428,0.0,0.0357,negative
1.5177562,12.85135,3.47975,1.23053,72.9684,0.60858,8.56116,0.09135,0.1122,negative
1.5215149,13.05085,3.65037,0.87101,72.3188,0.19251,9.85236,0.0,0.0867,negative
1.51743728,13.2969,3.60098,1.14065,73.0916,0.57753,8.1738,0.0,0.0,negative
1.51910022,13.88875,3.52914,1.32041,71.8092,0.50922,8.77636,0.11025,0.0,negative
1.51869018,13.1905,3.37199,1.17917,72.722,0.57132,8.83016,0.0,0.0816,negative
1.52171992,13.5097,3.8614,0.88064,71.7924,0.22977,9.54032,0.0,0.0561,negative
1.51755118,12.99765,3.60098,1.35893,72.9908,0.57132,8.39976,0.0,0.0561,negative
1.51784732,13.7745,3.48873,1.27868,72.862,0.60237,8.48584,0.0,0.0,negative
1.5175284,12.57205,3.47077,1.3814,73.3884,0.60237,8.5504,0.0,0.0306,negative
1.5178701,12.73165,3.43036,1.1888,72.9516,0.621,8.75484,0.0,0.153,negative
1.52320062,13.7225,3.72221,0.51149,71.7476,0.08694,10.568,0.0,0.0816,negative
1.5229956,13.3102,3.57853,0.81965,71.9884,0.11799,10.17516,0.0,0.0153,negative
1.52101374,13.6427,4.49,1.09892,71.7812,0.0621,8.75484,0.0,0.0,negative
1.51750562,12.8181,3.55159,1.49054,72.75,0.54027,8.51812,0.0,0.0969,negative
1.52212996,14.20795,3.82099,0.46976,71.77,0.11178,9.5726,0.0,0.0,negative
1.51925968,13.19715,3.33158,1.27868,72.358,0.60237,9.1422,0.0,0.0561,negative
1.51618438,13.52965,3.55159,1.53869,72.9908,0.39123,7.77568,0.0,0.0,negative
1.51761952,12.61195,3.592,1.31078,73.2876,0.57753,8.4966,0.0,0.0,negative
1.51768786,12.55875,3.52016,1.42955,73.1476,0.57132,8.53964,0.0,0.0,negative
1.51796122,12.7383,3.47975,1.3493,72.9572,0.63963,8.67952,0.0,0.0,negative
1.51807512,13.4299,2.86911,1.1888,72.8396,0.55269,9.0346,0.0,0.0,negative
1.5215149,13.11735,3.57853,0.8999,72.2012,0.22977,9.82008,0.0,0.0816,negative
1.5174145,13.2703,3.61894,1.24016,73.0804,0.55269,8.0662,0.0,0.0,negative
1.51748284,12.858,3.56057,1.26905,73.2092,0.54027,8.37824,0.0,0.0867,negative
1.51736894,12.7782,3.61894,1.29152,72.7892,0.58995,8.70104,0.0,0.0,negative
1.51768786,12.65185,3.56057,1.30115,73.0804,0.60858,8.69028,0.0,0.0714,negative
1.51755118,12.7117,3.42138,1.19843,73.198,0.58995,8.63648,0.0,0.0,negative
1.51768786,12.45235,2.71196,1.29152,73.702,0.5589,9.05612,0.0,0.1224,negative
1.51905466,13.6028,3.61894,1.10855,72.638,0.14283,8.75484,0.0,0.0,negative
1.51766508,13.21045,3.69078,1.29152,72.61,0.57132,8.21684,0.0,0.0,negative
1.52226664,14.16805,3.81201,0.78113,71.35,0.0,9.69096,0.0,0.0,negative
1.51777898,13.21045,2.81074,1.29152,72.9796,0.50922,9.02384,0.0,0.459,negative
1.5219705,14.3609,3.84793,0.89027,71.3612,0.14904,9.15296,0.0,0.0,negative
1.5190091,13.48975,3.47975,1.3493,71.9492,0.55269,9.00232,0.0,0.0,negative
1.51848516,13.6427,3.87038,1.26905,71.9604,0.54027,8.32444,0.0,0.1632,negative
1.51818902,13.7225,0.0,0.55964,74.4524,0.0,10.99292,0.0,0.0,negative
1.51663998,12.93115,3.53812,1.61894,72.9572,0.63963,8.03392,0.0,0.1071,negative
1.51689056,12.6718,2.87809,1.70882,73.2092,0.73278,8.53964,0.0,0.0,negative
1.5266404,11.22875,0.0,0.7715,73.2092,0.0,14.6836,0.0,0.0,negative
1.51850794,13.19715,3.62792,1.07003,72.8284,0.57132,8.41052,0.09135,0.0867,negative
1.51812068,12.95775,2.95891,1.42955,72.918,0.60237,8.78712,0.1386,0.0,negative
1.51645774,13.40995,3.55159,1.24979,72.8116,0.6831,8.09848,0.0,0.0,negative
1.51629828,12.7117,3.33158,1.49054,73.282,0.67068,8.23836,0.0,0.0,negative
1.52725546,13.8023,3.15198,0.65915,70.5716,0.08073,11.63852,0.0,0.0,negative
1.51891798,13.46315,3.82997,1.25942,72.5484,0.57132,8.20608,0.0,0.0714,negative
1.51871296,12.93115,3.65935,1.56116,72.5092,0.57753,8.5504,0.0,0.0612,negative
1.52176548,13.7491,1.01025,1.35893,72.19,0.32913,11.14356,0.0,0.0,negative
1.51618438,13.01095,3.5022,1.48091,72.89,0.60237,8.12,0.0,0.0,negative
1.5160477,12.8979,3.43934,1.44881,73.58,0.44091,8.27064,0.0,0.0,negative
1.5170728,13.7225,3.6818,1.81154,72.0612,0.63963,7.88328,0.0,0.0,negative
1.51666276,12.9378,3.60996,1.25942,72.75,0.5589,8.6042,0.0,0.0,negative
1.51689056,13.33015,3.53812,1.60931,72.5428,0.6831,8.10924,0.0,0.0,negative
1.51645774,13.4432,3.60996,1.53869,72.3916,0.65826,8.03392,0.0,0.0,negative
1.5159338,13.25035,3.44832,1.42955,73.17,0.60858,7.86176,0.0,0.0,negative
1.51743728,12.19965,3.25076,1.15991,73.5508,0.621,8.89472,0.0,0.1224,negative
1.52474966,11.4482,0.0,1.87895,72.19,0.8073,13.24176,0.0,0.1734,negative
1.51828014,13.23705,3.90181,1.41029,72.33,0.55269,8.31368,0.0,0.051,negative
1.51789288,13.1905,3.90181,1.30115,72.33,0.55269,8.4428,0.0,0.1428,negative
1.51818902,12.6186,2.76135,0.82928,73.8084,0.34776,9.42196,0.0,0.102,negative
1.51846238,13.0974,3.96916,1.1888,72.442,0.60237,8.43204,0.0,0.0,negative
1.51711836,12.89125,3.61894,1.57079,72.9572,0.60858,8.10924,0.0,0.0,negative
1.51613882,13.922,3.52016,1.24979,72.8788,0.3726,7.93708,0.0,0.0714,negative
1.51591102,12.858,3.52016,2.1197,72.6604,0.68931,7.96936,0.0,0.0,negative
1.51841682,13.0176,3.61894,1.0604,72.3412,0.63963,9.13144,0.0,0.0765,negative
1.52408904,13.8289,2.90054,1.16954,71.1484,0.08073,10.78848,0.0,0.0,negative
1.5184396,13.25035,3.75813,1.32041,72.4028,0.57753,8.42128,0.0,0.0,negative
1.51812068,13.4299,3.97814,1.17917,72.4924,0.57753,8.15228,0.0,0.0,negative
1.51632106,13.3368,3.56955,1.57079,72.8676,0.60858,7.89404,0.0,0.0,negative
1.51645774,13.4033,3.48873,1.51943,72.6492,0.67068,8.07696,0.0,0.051,negative
1.52222108,14.4274,0.0,0.99941,72.6716,0.09936,11.52016,0.0,0.0408,negative
1.52739214,11.0226,0.0,0.74903,73.0804,0.0,14.96336,0.0,0.0,negative
1.51812068,13.33015,3.84793,1.24979,72.778,0.52164,8.12,0.0,0.0,negative
1.5166172,12.85135,3.51118,1.43918,73.0076,0.6831,8.2276,0.5985,0.1275,negative
1.51572878,14.85965,3.66833,1.74092,71.8708,0.16146,7.35604,0.0,0.0612,negative
1.51625272,13.35675,3.57853,1.49054,72.722,0.44712,8.20608,0.0,0.0,negative
1.51859906,13.35675,3.43036,1.42955,72.2628,0.50922,8.6042,0.0,0.0,negative
1.5173006,12.3526,2.72094,1.62857,72.8676,0.70173,9.22828,0.0,0.0,negative
1.51805234,12.99765,3.79854,1.07966,73.0692,0.5589,8.37824,0.0,0.0612,negative
1.51591102,13.0176,3.57853,1.5098,73.1196,0.68931,7.9586,0.0,0.0,negative
1.51568322,13.23705,3.48873,1.47128,73.2484,0.37881,8.03392,0.0,0.0,negative
1.53393,12.2994,0.0,0.99941,70.1628,0.11799,16.19,0.0,0.1224,negative
1.5277794,12.63855,0.0,0.66878,72.022,0.0621,14.40384,0.0,0.0,negative
1.51800678,13.7092,3.92875,1.53869,71.8092,0.54027,8.20608,0.0,0.0765,negative
1.51591102,12.8181,3.52016,1.90142,72.862,0.68931,7.96936,0.0,0.0,negative
1.5163894,12.5521,3.47975,1.86932,73.2316,0.62721,8.07696,0.0,0.459,negative
1.51591102,13.23705,3.34056,1.47128,73.0972,0.39123,8.21684,0.0,0.0,negative
1.51654886,12.7516,2.85115,1.43918,73.2708,0.57132,8.78712,0.11025,0.1122,negative
1.5167311,13.2969,3.64139,1.52906,72.5316,0.65205,8.03392,0.0,0.1479,negative
1.52176548,13.19715,3.6818,1.15028,72.75,0.54027,8.51812,0.0,0.0,negative
1.5167311,12.8713,3.56057,1.64141,73.142,0.65205,7.99088,0.0,0.0,negative
1.51595658,13.0176,3.56057,1.53869,73.1084,0.72036,7.9048,0.0,0.0,negative
1.51408862,14.24785,3.08912,2.08118,72.2796,1.09917,7.07628,0.0,0.0,negative
1.53124196,10.73,0.0,2.10044,69.81,0.57753,13.29556,3.15,0.1428,negative
1.5167311,12.7915,3.52016,1.53869,73.3604,0.65826,7.9048,0.0,0.0,negative
1.5177562,13.52965,3.40791,1.51943,72.0388,0.57753,8.78712,0.0,0.0,negative
1.51609326,13.33015,3.52914,1.33967,72.6716,0.5589,8.3352,0.0,0.0,negative
1.51663998,13.1373,3.44832,1.76018,72.4812,0.60237,8.37824,0.0,0.0867,negative
1.52121876,14.0284,3.75813,0.5789,71.7924,0.11178,9.64792,0.0,0.0,negative
1.51645774,13.03755,3.39893,1.25942,73.0076,0.52164,8.58268,0.0,0.0,negative
1.51693612,12.858,3.57853,1.31078,72.61,0.60858,8.78712,0.0,0.0,negative
1.51796122,13.50305,3.35852,1.62857,71.938,0.57132,8.80864,0.0,0.459,negative
1.5193508,13.6427,3.53812,0.74903,72.6492,0.16146,8.89472,0.1512,0.1224,negative
1.51768786,13.64935,3.65935,1.10855,72.7724,0.11178,8.6042,0.0,0.0,negative
1.5183257,13.33015,3.34056,1.53869,72.1396,0.5589,8.99156,0.0,0.0,negative
1.51654886,13.40995,3.38995,1.27868,72.638,0.52164,8.64724,0.0,0.0,negative
1.51643496,12.15975,3.52016,1.3493,72.89,0.57132,8.52888,0.0,0.0,negative
1.5196925,12.63855,0.0,1.65104,73.7524,0.37881,11.53092,0.0,0.0,negative
1.51914578,12.73165,1.84988,1.85969,72.6884,0.60237,10.08908,0.0,0.0,negative
1.5151365,14.00845,2.68053,3.5,69.8884,1.68291,5.87116,2.1987,0.0,negative
1.51315464,13.0176,0.0,3.04097,70.482,6.21,6.95792,0.0,0.0,negative
1.52119598,12.97105,0.32777,1.5098,73.3884,0.13041,11.27268,0.0,0.1428,negative
1.5215149,11.02925,1.71069,1.56116,73.4388,0.57753,11.617,0.0,0.0,negative
1.5132002,12.99765,0.0,3.0185,70.7004,6.21,6.92564,0.0,0.0,negative
1.51666276,12.858,0.0,1.8308,73.8812,0.96876,10.17516,0.0,0.0,negative
1.523679,13.4432,0.0,1.58042,72.218,0.32292,12.24108,0.0,0.0,negative
1.52042146,13.3767,0.0,1.40066,72.2516,0.32913,12.49932,0.0,0.0,negative
1.51994308,13.2703,0.0,1.76018,73.03,0.47196,11.31572,0.0,0.0,negative
1.52058092,12.85135,1.61191,2.17106,72.1788,0.75762,9.70172,0.2394,0.2601,negative
1.51937358,13.789,2.41113,1.1888,72.7612,0.0,9.76628,0.0,0.0,positive
1.51828014,14.46065,2.24051,1.61894,72.3804,0.0,9.26056,0.0,0.0,positive
1.51853072,14.08825,2.19112,1.66067,72.6716,0.0,9.32512,0.0,0.0,positive
1.51299518,14.4008,1.74212,1.53869,74.5476,0.0,7.59276,0.0,0.0,positive
1.51905466,14.0018,2.38868,1.56116,72.3692,0.0,9.5726,0.0,0.0,positive
1.51509094,15.15225,0.0,2.25131,73.5004,0.0,8.3352,0.63,0.0,negative
1.52247166,14.85965,2.2001,2.05871,70.258,0.75762,9.75552,0.0,0.0,negative
1.51130946,13.68925,3.20137,1.81154,72.8116,1.75743,5.43,1.1907,0.0,negative
1.51556932,13.8688,0.0,2.54021,73.2316,0.14283,9.4112,0.80955,0.0051,negative
1.52315506,13.4432,3.34056,1.23053,72.3804,0.60237,8.83016,0.0,0.0,negative
1.51545542,14.14145,0.0,2.68145,73.3884,0.08073,9.06688,0.6111,0.0255,negative
1.5165033,14.38085,0.0,1.93994,73.6124,0.0,8.47508,1.5687,0.0,negative
1.51645774,14.93945,0.0,1.86932,73.1084,0.0,8.66876,1.3797,0.0,negative
1.5171867,14.75325,0.0,2.00093,73.0188,0.0,8.52888,1.59075,0.0408,negative
1.5161616,14.95275,0.0,2.27057,73.2988,0.0,8.7118,0.67095,0.0,negative
1.51711836,14.2279,0.0,2.08118,73.3604,0.0,8.61496,1.6695,0.0,negative
1.52365622,15.79065,1.83192,1.31078,70.4316,0.3105,8.61496,1.67895,0.0,negative
1.5151365,14.853,0.0,2.42144,73.7188,0.0,8.389,0.5607,0.0,negative
1.51622994,14.2013,0.0,2.79059,73.4612,0.03726,9.04536,0.40005,0.459,negative
1.51531874,14.38085,0.0,2.65898,73.0972,0.03726,9.07764,0.63945,0.0,negative
1.51609326,15.126,0.0,2.51132,73.0524,0.04968,8.83016,0.5292,0.0,negative
1.51830292,14.3875,0.0,1.82117,72.862,1.40967,6.47372,2.8791,0.0,negative
1.51602492,14.853,0.0,2.37971,73.282,0.0,8.75484,0.63945,0.459,negative
1.51727782,14.70005,0.0,2.34119,73.282,0.0,8.94852,0.6615,0.0,negative
1.51622994,14.14145,0.0,2.88047,72.61,0.08073,9.18524,1.06155,0.0,negative
1.51837126,14.321,3.25974,2.21921,71.2492,1.45935,5.78508,1.62855,0.0,negative
1.51657164,14.7998,0.0,1.9913,73.1084,0.0,8.2814,1.71045,0.0,negative
1.5201324431806886,13.782845404533846,2.2977917361988105,1.3993145005117043,72.1826226401924,0.2532313161717772,9.7847489950843,0.0,0.0022161602909254404,positive
1.518330892081241,14.406436490256766,2.2182109128899823,1.638018712021558,72.56838695438059,0.0,9.30193068893459,0.0,0.0,positive
1.5193490572483956,13.997087656565773,2.171544369233292,1.6696685775932167,72.47122167558697,0.14591340041316248,9.539107629742443,0.2109867831047468,0.00787876454373214,positive
1.5156846033379652,14.392095362665673,1.9575128394283254,1.6289727744172187,74.506957219471,0.0,8.94019478034113,0.0,0.0,positive
1.5186061018309216,13.897474744947738,0.0,0.55964,73.82030719379847,0.0,11.038737266554916,0.0,0.0,positive
1.5194564275835856,13.346375315076918,0.0,1.8620754451025583,72.73963386190124,0.15084340206099514,10.947441349919265,0.0,0.0,positive
1.5191310497646817,13.994643412270584,2.4099729923060846,1.5488685448156683,72.40784854390722,0.0,9.659869498894203,0.0,0.0,positive
1.518809135825353,13.865652690040084,2.337830728961287,1.373175111876296,72.60755305106842,0.0,9.37449507792438,0.0,0.0,positive
1.518488254591366,14.264009042575141,2.2386477417746202,1.6576317535712906,72.38893814637417,0.0,9.275989565756348,0.0,0.0,positive
1.5188887027259368,14.026441117347051,2.316202275553081,1.6430870855450408,72.50312691378566,0.0,9.481700792509724,0.0,0.0,positive
1.5150786446485613,14.370921628407858,1.7569374848622736,1.7632048112443652,73.74346613941773,0.0,8.01321336818186,0.6922998958873939,0.0,positive
1.519923983622693,14.308957206411069,0.0,1.2991458833623328,73.38710528183921,0.11647187261447692,11.238287931885765,0.0,0.0,positive
1.5199511646630088,14.223157176609813,0.0,1.1979017650939123,72.68760040811769,0.093438051354087,10.942985191063467,0.0,0.028725011622613927,positive
1.5193246700703062,13.93788329958636,2.3392594104424123,1.4505253098329671,72.36610723201206,0.3738817914417235,9.661340017036975,0.0,0.06919072280652944,positive
1.5189355114515832,14.453309806112152,2.2557538616809882,1.4247885633102078,72.57266711759235,0.0,9.651320163980008,0.0,0.0,positive
1.5202003797967667,13.676487825976931,2.210880973929885,1.652640245085098,72.27911122244905,0.012945606208868143,9.403385652575771,0.046945404073992454,0.049252846831610964,positive
1.5183365715818096,14.332628849882976,2.194880644452708,1.6283314147162764,72.51679132197785,0.0,9.2622310554832,0.0,0.0,positive
1.51806399165787,14.456821706227856,2.1925868338182712,1.6053724811470955,72.58601383902807,0.0,7.871550236860669,0.0,0.0,positive
1.5191383108804672,14.213897802133767,0.0,0.55964,74.24760343818203,0.0,11.107869427311002,0.0,0.0,positive
1.5199258670790519,14.349975667468488,0.0,1.8799867796753993,72.71334830971392,0.08295377158593815,11.364121827115262,0.0,0.0027216754222778644,positive
1.5191474788034416,13.81544940274176,2.403866678587883,1.2025253543406114,72.54062872375466,0.0,9.689250811843607,0.0,0.0,positive
1.5188954877943441,14.156771671939183,2.410032974428058,1.5211668065326,72.39603983576097,0.0,9.52811299915697,0.0,0.0,positive
1.5185518426703526,14.459353097142062,2.2705283262562985,1.4848698822621347,72.44717100791028,0.0,9.589444495448944,0.0,0.0,positive
1.5182924225699146,14.206565863240327,2.2199840363776477,1.6297636609251909,72.5542814738702,0.0,9.291237228279465,0.0,0.0,positive
1.5131811191765208,14.188361881988257,2.0823288848607917,1.6388028638495495,73.08409099590351,0.0,8.222382739902153,0.0,0.0,positive
1.5196569687630144,14.46021242382048,0.0,1.9599283349532723,73.0378834802915,0.0,11.18591923016146,0.0,0.0,positive
1.5190195833679945,13.786537919096972,0.0,1.557698153192788,74.19798065299621,0.0,10.99253636921109,0.0,0.0,positive
1.5204252165796257,13.975077241201815,2.341796686689646,1.459584897334739,72.16368994627365,0.4642837785165428,9.586492506806167,0.0,0.032569684307409315,positive
1.5186338895221108,14.127350320414061,2.400316472843027,1.514799914482459,72.39981911804254,0.0,9.742705581669203,0.0,0.0,positive
1.5184208550135696,14.128086697384575,2.2369178424865055,1.6279969981467342,72.57785039503788,0.0,9.278956015774579,0.0,0.0,positive
1.5187263489660834,14.08010291287446,2.3850972475686274,1.6013520137539037,72.51824407283581,0.0,9.429676630687247,0.0,0.0,positive
1.5136368746271167,14.06906295061697,2.4614078912746913,1.53869,73.1362001487061,0.1557990197187373,7.744575206691834,0.0,0.0,positive
1.519290779157136,14.387200643523318,0.0,2.0904054159531804,73.12805441739103,0.0,11.03294390421883,0.0,0.0,positive
1.5192901121179352,14.429860541827543,0.0,1.7590472250311828,73.3167712176739,0.0,10.997133248218159,0.0,0.0,positive
1.518943142653931,14.075829628429208,2.1994934190412274,1.6297349284234044,72.46879708896985,0.0,9.430013813425964,0.0,0.0,positive
1.5191054007363396,13.950210621137405,2.3917777522878807,1.557461276993216,72.71359857737895,0.0,9.584298320433271,0.0,0.0,positive
1.5192668179227304,13.920991016550722,2.279731230609012,1.2800834772790581,72.63871675206673,0.0,9.474994763830408,0.0,0.0,positive
1.5189383139351775,13.794601294145155,2.12502153796966,1.6615606390223574,72.20166996672377,0.48504070200560556,9.402646490599524,0.089347939306845,0.007273777954805922,positive
1.5131062186488886,14.273011345060015,1.742391964956889,1.620644056223023,73.54675626845105,0.0,8.045682234145202,0.30576689898724485,0.0,positive
1.5185112481942604,13.862832063042713,0.0,0.55964,73.63082714218643,0.0,11.09141341230087,0.0,0.0,positive
1.5195253898304841,14.167446598090336,0.0,1.148672673097444,73.03798626680154,0.0,11.168732970679935,0.0,0.0,positive
1.5192671424260806,13.787861291642752,2.373410289542385,1.4453188753404382,72.19104107252946,0.35619334848684414,9.618560055628922,0.0,0.058434488110915145,positive
1.5192831595751655,14.399827320588438,2.2687616240305752,1.4671792778630066,72.57254565693601,0.0,9.474785506678511,0.0,0.0,positive
1.5188454006141623,14.092229761305461,2.291742365842171,1.261469451308867,72.58585807116249,0.0,9.322351927683576,0.0,0.0,positive
1.5192831681015875,14.027368794918948,2.2603583000479786,1.507580174844711,72.72901522502286,0.0,9.391954288350895,0.0,0.0,positive
1.5147495814588843,14.450649377057713,2.1361132064735275,1.601773146772447,73.71775031928107,0.0,8.62144199957538,0.0,0.0,positive
1.5189817313726734,14.472893891210544,0.0,0.55964,74.15872866578025,0.0,11.165132071162189,0.0,0.0,positive
1.5194600966807188,14.53266781014102,0.0,0.6264358513916448,72.80927111386575,0.0,10.968296998514996,0.0,0.0,positive
1.5183345669932073,14.278710962402322,2.2727615298339616,1.5849033882554056,72.36927199606312,0.0,9.558319686334212,0.0,0.0,positive
1.5193092306440656,13.837863352356546,2.4039386647008607,1.250442490600831,72.46947953623963,0.0,9.593986979437524,0.0,0.0,positive
1.5194717998689369,13.967869287046815,2.1030512055623625,1.6414596329595803,72.36058081834253,0.4481177253613436,9.381563926313035,0.16048966442102644,0.03421299971181959,positive
1.5201887564590701,13.864269301528596,2.1881678631927954,1.6674222022391343,72.6427569944779,0.20454574587908161,9.339207697459269,0.2579955754675358,0.058432218413031305,positive
1.5137427861158028,14.121978730932105,2.5055767133164215,1.53869,74.3924881481862,0.001040883042940762,7.720430111962907,0.0,0.0,positive
1.5193911865049716,14.323170390635207,0.0,0.55964,74.36607332884056,0.0,11.113269552098869,0.0,0.0,positive
1.519304550451976,14.266289387157297,0.0,1.7919403050669125,72.7140721040644,0.056762490756322344,11.018352679400694,0.0,0.02091497334360007,positive
1.5193231302442778,13.955691850662724,2.284215086360762,1.5389954631131817,72.15925568783386,0.17122471436194137,9.725792533085754,0.0,0.06299911420472362,positive
1.518996782109136,13.916405126885884,2.3668444713758476,1.5628755168983717,72.7195129048835,0.0,9.711006316523964,0.0,0.0,positive
1.5191740850344002,13.810952798480532,2.3075703517118966,1.492261688146216,72.62376366672345,0.0,9.503842837573158,0.0,0.0,positive
1.518518389447523,14.12034137590876,2.2200412470781363,1.6220760332881585,72.57569421471698,0.0,9.305889635504577,0.0,0.0,positive
1.5138719631098247,14.383752908432971,1.7778195433528674,1.680268176921644,73.32768272881641,0.0,8.38220325233916,0.2741431677285965,0.0,positive
1.5199206693474365,14.16351718998027,0.0,1.077179822890248,73.09184694464423,0.03723887535492289,11.249480740465648,0.0,0.0,positive
1.5183641417433797,14.08901252368213,0.0,1.547609461871767,73.58232814715558,0.0,10.962889973139335,0.0,0.0,positive
1.5194658246365411,13.833195006885477,2.2865362289364453,1.437924756175819,72.28082446214727,0.1845087387949647,9.756073615543414,0.0,0.019228865042333534,positive
1.5188451413959394,14.119342983101426,2.3766057888185372,1.2491472208006744,72.40761223549642,0.0,9.33227095812359,0.0,0.0,positive
1.5184026458555926,14.148613775977454,2.234715804605695,1.619575557004434,72.4432875420406,0.0,9.274104119992005,0.0,0.0,positive
1.5183671031445638,14.147861839026879,2.223271854859086,1.654042903930307,72.62528481421673,0.0,9.287923256062006,0.0,0.0,positive
1.5168606762688035,14.42605806789801,1.9011959884848042,1.598516053876235,73.99388128703268,0.0,7.920440358347213,0.0,0.0,positive
1.5183818764805168,14.47852909539192,0.0,0.55964,73.82270275138472,0.0,11.089625178737215,0.0,0.0,positive
1.5201974660423363,14.161980387642917,0.0,1.2424158484589216,72.72737712527133,0.030108933466542726,11.406920616649376,0.0,5.388172280224708E-4,positive
1.5187335585456334,14.446730254363002,2.3401519067587717,1.5915407085645108,72.37151222478872,0.0,9.336745058414232,0.0,0.0,positive
1.5193597435349235,13.889808828165533,2.405343715606985,1.497988766100359,72.65083249840946,0.0,9.716972348909792,0.0,0.0,positive
1.5186790455937855,14.185308501069395,2.3498351801160315,1.5664354579947155,72.37085425325255,0.0,9.54169472855402,0.0,0.0,positive
1.5187285710027532,14.033044380631681,2.293696423557536,1.5513292438690702,72.69507069093045,0.0,9.672057429746568,0.0,0.0,positive
1.513027999086966,14.30443414139994,1.7585341361217417,1.613893256731786,73.93134746532458,0.0,8.267837462709348,0.46852444385397823,0.0,positive
1.5186506730466527,14.154462355947441,0.0,0.55964,73.80888235915947,0.0,11.061164538745768,0.0,0.0,positive
1.518553410804977,13.951907571685517,0.0,1.0792245299071603,73.79672285881533,0.0,10.96604749101423,0.0,0.0,positive
1.5190618905536435,13.822860586961502,2.405139042929902,1.2335665520720662,72.42433100454917,0.0,9.679710630747802,0.0,0.0,positive
1.5192241335743617,13.831270222578558,2.4078720464136443,1.2892202193302489,72.52908067957149,0.0,9.703232339888148,0.0,0.0,positive
1.5185174832749846,14.095479622951189,2.2003787247118294,1.6421278750542152,72.4939237470588,0.0,9.270362030234395,0.0,0.0,positive
1.5185075415862386,14.383570309130532,2.1989944431348882,1.6240280584111126,72.38967952505763,0.0,9.293289296895125,0.0,0.0,positive
1.5151111056101396,14.017918040624119,2.950196965304185,1.53869,74.42413255217097,0.029967049756071912,7.638410740559587,0.0,0.0,positive
1.5194051282521934,14.546572404383559,0.0,0.5635582832781986,73.17153342427515,0.0,10.934098342930026,0.0,0.0,positive
1.5192528919203832,14.414000775353419,0.0,0.5611681254511698,73.33910358025082,0.0,10.88585938857877,0.0,0.0,positive
1.520135635364402,13.860472740128706,2.2890502038172618,1.5254970190357122,72.14192887618172,0.2824635706275965,9.706853741134534,0.0,0.03410978177893931,positive
1.5186493380769817,13.968985966659172,2.36546472727952,1.448969718343829,72.53872434581886,0.0,9.351409805170775,0.0,0.0,positive
1.52047404949276,14.20569737496646,2.198506691413919,1.664078114619014,72.35335729864616,0.4223048355724419,9.421680760586652,0.0495097221152219,0.024511171921915806,positive
1.5186729675198773,14.019760267925463,2.376247792490026,1.5688046829797797,72.53389156162501,0.0,9.393957578857721,0.0,0.0,positive
1.5150922532866369,14.416611385355539,2.021876010595028,1.5528062290777231,72.59801812624413,0.0,8.84357262566205,0.0,0.0,positive
1.5198416752849404,14.528326484404781,0.0,1.692973995103137,73.39766263481621,0.1979469835334669,11.288809973888906,0.0,0.0,positive
1.5189848328593496,14.051654048596447,0.0,0.9486527220133494,73.25386726932041,0.0,10.928505787222203,0.0,0.0,positive
1.5189199703650171,14.223811750882007,2.36654729497062,1.590333684084502,72.37102362796013,0.0,9.336240158664436,0.0,0.0,positive
1.5194373213803987,13.787990271923924,2.3351379724323746,1.370950518434894,72.60142435226706,0.45150144123174735,9.829743691737395,0.0,0.01664394744044934,positive
1.5183168934316154,14.107220081630016,2.192187810887557,1.6552333967079496,72.4921449409211,0.0,9.30031702201751,0.0,0.0,positive
1.5184699234927854,14.374283203536168,2.2151521322645182,1.6593896372608363,72.54262085124792,0.0,9.276790767244428,0.0,0.0,positive
1.518024548827224,14.218186404985191,1.9617296707187903,1.5688622765659397,73.62695432315692,0.0,8.776701253450687,0.0,0.0,positive
1.5209331413402736,14.465477130610235,0.0,0.5924170564623252,72.96726413489448,0.06878528366406382,11.219677631207178,0.0,0.014093047955526914,positive
1.5195775328998324,14.28553013427421,0.0,1.6840189472130223,72.82455600831628,0.0,11.021716958772855,0.0,0.0,positive
1.5197416254637666,13.794747440679984,2.341409937959877,1.4768842542550658,72.067047938645,0.25174292835074746,9.800203704086663,0.0,0.04884455094649973,positive
1.5199223925458398,13.788218119670368,2.3500912024437706,1.2786975106733363,72.3162822961614,0.15590559215917815,9.794810862769957,0.0,0.07723432113694731,positive
1.5187073407399432,13.986458104089301,2.2316706382757157,1.667891460802583,72.36194968912802,0.3470099053188103,9.45874883363964,0.027498640352688373,0.053633417245921515,positive
1.518979396378764,14.004770928383108,2.313812164075153,1.6439814018032401,72.64841928933846,0.0,9.365788494221153,0.0,0.0,positive
1.5169701374972426,14.455576072432203,1.8758160844089873,1.5866243721492157,72.55494909350217,0.0,7.906911777941199,0.0,0.0,positive
1.5200592114330398,14.446252893679645,0.0,0.5772761445536232,72.98580021821168,0.059815408179542146,11.50976692467509,0.0,0.011017249580523684,positive
1.519424254084776,14.296309551155298,0.0,1.7903869451539365,73.35767763793905,0.0,10.9493762980194,0.0,0.0,positive
1.518783233062849,14.300767589683932,2.295303372938567,1.5984711280784045,72.37303036869473,0.0,9.303289184540567,0.0,0.0,positive
1.5200243197664245,13.785611161989385,2.394434238106598,1.2775087719534093,72.25574198539158,0.2381037004254506,9.776297230504888,0.0,0.016738111109939266,positive
1.5183960369679743,14.459897488638498,2.1973941091642626,1.6448058326647605,72.39479973726503,0.0,9.268594631421676,0.0,0.0,positive
1.5189210067268832,14.07633623629381,2.2844606537481433,1.640543992516107,72.3991305940959,0.0,9.432457321101797,0.0,0.0,positive
1.516260808715247,14.094686675245878,1.9247494768309605,1.5575537104698403,73.57612496575277,0.0,8.621007542070664,0.0,0.0,positive
1.5195034516804886,14.343708798689464,0.0,1.4032516963620196,72.9800469947056,0.0,11.12263372936627,0.0,0.0,positive
1.5198747878317045,13.564099051338486,0.0,2.0001383641331736,73.00190250608003,0.384481685977537,10.913004074368231,0.0,0.0,positive
1.5189505416966478,14.043931150867268,2.293044480376254,1.6460095603799425,72.43564992422165,0.0,9.475010363251705,0.0,0.0,positive
1.5184246358531353,14.04562824436854,2.24664895586273,1.3679510593621285,72.55664515249745,0.0,9.603143979998595,0.0,0.0,positive
1.5184329656517972,14.274894445718427,2.2983532182266337,1.5715911176432487,72.37211723466558,0.0,9.264382319661449,0.0,0.0,positive
1.5185727300380119,13.632663825412587,2.132701906787062,1.6643550671870309,72.26036134695597,0.11356921645007464,9.328831999253698,0.25887724365620246,0.0026564526685895944,positive
1.5141290450830596,14.42965822332231,1.8395749476424104,1.5644139788221374,72.4175266010503,0.0,9.058507159246162,0.0,0.0,positive
1.5198660645081703,14.214439117294027,0.0,1.3008304054846236,73.3938061228696,0.0868537696277074,11.30158306036693,0.0,0.0,positive
1.5198112573324551,14.10342111920972,0.0,1.9953669258245945,72.95230476891942,0.4096378750563899,11.09622741686936,0.0,0.0,positive
1.5193494528711706,13.843305571576597,2.3965159793078854,1.2324543332047229,72.43260131728056,0.0,9.73288885065976,0.0,0.0,positive
1.5205491109966967,13.783999664438182,2.3625969902980413,1.2471355686246006,72.35913878754951,0.4145479130692604,9.825946014254859,0.0,0.07671541419132175,positive
1.5183733706821134,14.426123582558292,2.2250972433999516,1.640701593873146,72.47441206409695,0.0,9.324652357075422,0.0,0.0,positive
1.5192435067477184,13.961085028167187,2.1951605790637934,1.5134291030980074,72.7053217381899,0.0,9.548943228007563,0.0,0.0,positive
1.5171619520860842,14.348669378163986,1.9236776014359758,1.58870947985593,74.063637439715,0.0,9.085130834664362,0.0,0.0,positive
1.5193533080726602,14.372693842124374,0.0,2.0825182831263356,73.27533101609373,0.0,10.95616545636473,0.0,0.0,positive
1.5184103853427293,13.729326197427026,0.0,1.574743798039631,74.0437003331542,0.0,10.974682141483958,0.0,0.0,positive
1.518503545062557,14.367212091225474,2.2809586972329523,1.5892927689058964,72.37099786269202,0.0,9.300240931861524,0.0,0.0,positive
1.519205887800083,13.927056269780882,2.393458279413969,1.3868051195810747,72.55027610461957,0.0,9.691924369850952,0.0,0.0,positive
1.5185209686211303,14.191085063088721,2.2145654922740574,1.6388067741733474,72.64951259032532,0.0,9.310273440964911,0.0,0.0,positive
1.5189504786211512,14.083735972333656,2.260337045392855,1.621775080459792,72.4264054938757,0.0,9.505045528709251,0.0,0.0,positive
1.5140365786479024,13.962761768428214,1.746149025732118,1.7496078348240367,73.49965375448943,0.0,8.410004002397455,0.6103283619092217,0.0,positive
1.5197461496886113,13.330161634460351,0.0,1.5625611461479902,73.16508360359614,0.4131653561757659,11.241555316532288,0.0,0.0,positive
1.5195932947421258,13.87342901479742,0.0,1.9335932345656823,72.8369423096326,0.29531761284735825,11.241830022833204,0.0,0.0,positive
1.5190616719687924,13.96111642529039,2.4008529091928428,1.3229602283709128,72.64241090125638,0.0,9.746217042067649,0.0,0.0,positive
1.5191117138200503,13.803882702495658,2.4059942281226974,1.379639518556792,72.64131324086037,0.0,9.66609066378037,0.0,0.0,positive
1.5190117223634485,14.16890055370403,2.3721769239873884,1.561567068386986,72.37532464974284,0.0,9.272623228735233,0.0,0.0,positive
1.5196099981439934,13.801231057680166,2.1016733212037355,1.6693065285504325,72.44853447634947,0.16346669593207308,9.526815932782053,0.037913676197101565,0.007492744097073423,positive
1.5163326568800521,14.22831567895004,1.911672437603141,1.547003275978185,74.10499406557634,0.0,8.557410841166929,0.0,0.0,positive
1.5209506357837623,14.529349380335432,0.0,0.9359570405763091,73.00720414826621,0.02892494973700021,11.289881891077483,0.0,0.0013959998628257464,positive
1.5204113491963744,14.173527310026877,0.0,1.0581801626340912,72.72402458701968,0.03658042731505344,11.435215614252527,0.0,0.03348694614848393,positive
1.5183061496247612,14.08995173464192,2.268085053338217,1.5623290859237626,72.37432211107881,0.0,9.40702230778829,0.0,0.0,positive
1.5192911860468874,13.965384124763842,2.4034624050551443,1.4462096934079056,72.60985693562273,0.0,9.692422627590703,0.0,0.0,positive
1.5183871932695712,14.136197277200916,2.208855438950366,1.6307199688424894,72.5799979469534,0.0,9.316762714491965,0.0,0.0,positive
1.5197582198439918,13.913340597031977,2.17722002079665,1.6651653337175893,72.44195861827208,0.0022289622146892513,9.512134374396036,0.146418987022574,0.014657784520604141,positive
1.5146538051711644,13.676919482916738,3.4432004174575295,1.53869,73.74244745982142,0.1014863637781127,7.712831235392222,0.0,0.0,positive
1.5196248357107203,14.38368576175563,0.0,1.6034012853503423,73.45866476338558,0.0,10.92681867562765,0.0,0.0,positive
1.5192784506186616,13.284777082736744,0.0,2.0280835262852417,72.87127381628378,0.07413510955371233,11.08975731712435,0.0,0.0,positive
1.5189573663733862,14.043993036979261,2.3509928327732794,1.5669825939959976,72.65260471658395,0.0,9.458203272749296,0.0,0.0,positive
1.5189261165766759,13.945105809641744,2.402935590439209,1.634487405118806,72.74352679874092,0.0,9.45537692695333,0.0,0.0,positive
1.5184277163142974,14.227120925131212,2.2343514005936105,1.6241797064838082,72.64551528975278,0.0,9.274872027365639,0.0,0.0,positive
1.518698930010339,14.02603867602974,2.197085897465462,1.60060445407616,72.38783441204875,0.0,9.547216724213893,0.0,0.0,positive
1.5167286002037412,14.197106015937829,1.9030629034705613,1.644628342714816,74.14348207943276,0.0,8.785782726457658,0.0,0.0,positive
1.5199306358303069,14.404149071958692,0.0,0.611405949599993,73.40465892383509,0.025512676302616867,11.22079449228422,0.0,0.0,positive
1.5198740317885804,14.148639088749235,0.0,1.777830952122912,72.71979111351385,0.050613924582637006,10.989063998537027,0.0,0.03667965268051486,positive
1.5186698105726615,14.041057506490917,2.25008281574926,1.6446014681761556,72.60519210406913,0.0,9.36072621667712,0.0,0.0,positive
1.5201497689574404,13.782585260083518,2.3332747014427113,1.2553115718701622,72.32607468207638,0.08607038824421183,9.832404106740485,0.0,0.02097010786640974,positive
1.5185566634137195,14.078285375465738,2.2675200395983772,1.2260252509824077,72.4372854497648,0.0,9.725466696100547,0.0,0.0,positive
1.5194444254032828,13.771975736239874,2.097756897478499,1.6643638679501012,72.44351512787868,0.2267131415105685,9.506061360734058,0.15989611680157825,0.016925262611286247,positive
