@relation glass4
@attribute RI real [1.51115, 1.53393]
@attribute Na real [10.73, 17.38]
@attribute Mg real [0.0, 4.49]
@attribute Al real [0.29, 3.5]
@attribute Si real [69.81, 75.41]
@attribute K real [0.0, 6.21]
@attribute Ca real [5.43, 16.19]
@attribute Ba real [0.0, 3.15]
@attribute Fe real [0.0, 0.51]
@attribute Class {positive, negative}
@data
1.51588824,12.87795,3.43036,1.40066,73.282,0.68931,8.04468,0.0,0.1224,negative
1.52212996,14.20795,3.82099,0.46976,71.77,0.11178,9.5726,0.0,0.0,negative
1.52222108,13.21045,3.7716,0.79076,71.9884,0.13041,10.2452,0.0,0.0,negative
1.51755118,13.39,3.65935,1.1888,72.7892,0.57132,8.27064,0.0,0.0561,negative
1.52099096,13.68925,3.592,1.12139,71.9604,0.08694,9.40044,0.0,0.0,negative
1.51755118,13.1506,3.60996,1.05077,73.2372,0.57132,8.23836,0.0,0.0,negative
1.51910022,13.90205,3.73119,1.17917,72.1228,0.0621,8.89472,0.0,0.0,negative
1.51898632,13.58285,3.34954,1.23053,72.078,0.58995,8.90548,0.0,0.0,negative
1.51215232,12.991,3.47077,1.12139,72.9796,0.621,8.34596,0.0,0.1581,negative
1.51761952,13.88875,3.60098,1.35893,72.7276,0.47817,7.82948,0.0,0.0,negative
1.51784732,12.67845,3.66833,1.15991,73.1084,0.60858,8.70104,0.0,0.0,negative
1.51720948,13.3767,3.5022,1.15028,72.8508,0.50301,8.43204,0.0,0.0,negative
1.51746006,12.83805,3.5022,1.14065,73.2708,0.5589,8.5504,0.0,0.0,negative
1.52210718,13.72915,3.83895,0.72014,71.7588,0.16767,9.74476,0.0,0.0,negative
1.51823458,12.8713,3.47975,1.29152,72.9516,0.60237,8.43204,0.0,0.0,negative
1.51919134,14.417,3.57853,1.36856,72.078,0.5589,8.30292,0.0,0.0,negative
1.51761952,12.79815,3.65935,1.26905,73.0076,0.60237,8.56116,0.0,0.0,negative
1.51750562,12.81145,3.56955,1.3493,73.0188,0.621,8.59344,0.0,0.0,negative
1.51793844,12.7915,3.5022,1.12139,73.03,0.63963,8.7656,0.0,0.0,negative
1.51837126,13.1373,2.84217,1.27868,72.8508,0.55269,9.06688,0.0,0.0,negative
1.5215149,13.05085,3.65037,0.87101,72.218,0.19251,9.85236,0.0,0.0867,negative
1.51595658,12.7915,3.60996,1.61894,72.9684,0.63963,8.0662,0.0,0.1326,negative
1.51734616,13.0176,3.53812,1.68956,72.7276,0.54027,8.4428,0.0,0.0357,negative
1.5177562,12.85135,3.47975,1.23053,72.9684,0.60858,8.56116,0.09135,0.1122,negative
1.51777898,13.21045,3.38995,1.33004,72.7612,0.58995,8.59344,0.0,0.0,negative
1.51755118,13.4831,3.74017,1.16954,72.9908,0.58995,8.03392,0.0,0.0,negative
1.5215149,13.05085,3.65037,0.87101,72.3188,0.19251,9.85236,0.0,0.0867,negative
1.515706,12.71835,3.46179,1.56116,73.198,0.67068,8.08772,0.0,0.1224,negative
1.51910022,13.88875,3.52914,1.32041,71.8092,0.50922,8.77636,0.11025,0.0,negative
1.51869018,13.1905,3.37199,1.17917,72.722,0.57132,8.83016,0.0,0.0816,negative
1.52171992,13.5097,3.8614,0.88064,71.7924,0.22977,9.54032,0.0,0.0561,negative
1.51755118,12.99765,3.60098,1.35893,72.9908,0.57132,8.39976,0.0,0.0561,negative
1.51761952,12.81145,3.53812,1.23053,73.2372,0.57753,8.389,0.0,0.0,negative
1.51784732,13.7745,3.48873,1.27868,72.862,0.60237,8.48584,0.0,0.0,negative
1.5178701,12.73165,3.43036,1.1888,72.9516,0.621,8.75484,0.0,0.153,negative
1.52320062,13.7225,3.72221,0.51149,71.7476,0.08694,10.568,0.0,0.0816,negative
1.5229956,13.3102,3.57853,0.81965,71.9884,0.11799,10.17516,0.0,0.0153,negative
1.52101374,13.6427,4.49,1.09892,71.7812,0.0621,8.75484,0.0,0.0,negative
1.51750562,12.8181,3.55159,1.49054,72.75,0.54027,8.51812,0.0,0.0969,negative
1.52666318,13.9885,3.69976,0.71051,71.5684,0.01863,9.82008,0.0,0.051,negative
1.52171992,13.4831,3.74017,0.8999,72.0108,0.18009,9.60488,0.0,0.0357,negative
1.51761952,12.61195,3.592,1.31078,73.2876,0.57753,8.4966,0.0,0.0,negative
1.51768786,12.55875,3.52016,1.42955,73.1476,0.57132,8.53964,0.0,0.0,negative
1.51807512,13.4299,2.86911,1.1888,72.8396,0.55269,9.0346,0.0,0.0,negative
1.5215149,13.11735,3.57853,0.8999,72.2012,0.22977,9.82008,0.0,0.0816,negative
1.5174145,13.2703,3.61894,1.24016,73.0804,0.55269,8.0662,0.0,0.0,negative
1.51736894,12.7782,3.61894,1.29152,72.7892,0.58995,8.70104,0.0,0.0,negative
1.51768786,12.65185,3.56057,1.30115,73.0804,0.60858,8.69028,0.0,0.0714,negative
1.51755118,12.7117,3.42138,1.19843,73.198,0.58995,8.63648,0.0,0.0,negative
1.51905466,13.6028,3.61894,1.10855,72.638,0.14283,8.75484,0.0,0.0,negative
1.51766508,13.21045,3.69078,1.29152,72.61,0.57132,8.21684,0.0,0.0,negative
1.52226664,14.16805,3.81201,0.78113,71.35,0.0,9.69096,0.0,0.0,negative
1.51966972,14.7732,3.74915,0.29,72.022,0.03105,9.00232,0.0,0.0,negative
1.5190091,13.48975,3.47975,1.3493,71.9492,0.55269,9.00232,0.0,0.0,negative
1.51848516,13.6427,3.87038,1.26905,71.9604,0.54027,8.32444,0.0,0.1632,negative
1.51818902,13.7225,0.0,0.55964,74.4524,0.0,10.99292,0.0,0.0,negative
1.51663998,12.93115,3.53812,1.61894,72.9572,0.63963,8.03392,0.0,0.1071,negative
1.51709558,12.99765,3.47077,1.78907,72.722,0.65826,8.18456,0.0,0.0,negative
1.51689056,12.6718,2.87809,1.70882,73.2092,0.73278,8.53964,0.0,0.0,negative
1.51850794,13.19715,3.62792,1.07003,72.8284,0.57132,8.41052,0.09135,0.0867,negative
1.51812068,12.95775,2.95891,1.42955,72.918,0.60237,8.78712,0.1386,0.0,negative
1.51645774,13.40995,3.55159,1.24979,72.8116,0.6831,8.09848,0.0,0.0,negative
1.51629828,12.7117,3.33158,1.49054,73.282,0.67068,8.23836,0.0,0.0,negative
1.52725546,13.8023,3.15198,0.65915,70.5716,0.08073,11.63852,0.0,0.0,negative
1.51871296,12.93115,3.65935,1.56116,72.5092,0.57753,8.5504,0.0,0.0612,negative
1.52176548,13.7491,1.01025,1.35893,72.19,0.32913,11.14356,0.0,0.0,negative
1.5162755,12.99765,3.57853,1.53869,72.8284,0.60858,8.04468,0.0,0.0,negative
1.51618438,13.01095,3.5022,1.48091,72.89,0.60237,8.12,0.0,0.0,negative
1.5170728,13.7225,3.6818,1.81154,72.0612,0.63963,7.88328,0.0,0.0,negative
1.51666276,12.9378,3.60996,1.25942,72.75,0.5589,8.6042,0.0,0.0,negative
1.52613924,13.70255,0.0,1.35893,71.238,0.19251,13.43544,0.0,0.051,negative
1.51689056,13.33015,3.53812,1.60931,72.5428,0.6831,8.10924,0.0,0.0,negative
1.51645774,13.4432,3.60996,1.53869,72.3916,0.65826,8.03392,0.0,0.0,negative
1.5159338,13.25035,3.44832,1.42955,73.17,0.60858,7.86176,0.0,0.0,negative
1.51743728,12.19965,3.25076,1.15991,73.5508,0.621,8.89472,0.0,0.1224,negative
1.52474966,11.4482,0.0,1.87895,72.19,0.8073,13.24176,0.0,0.1734,negative
1.51828014,13.23705,3.90181,1.41029,72.33,0.55269,8.31368,0.0,0.051,negative
1.51789288,13.1905,3.90181,1.30115,72.33,0.55269,8.4428,0.0,0.1428,negative
1.51839404,12.85135,3.66833,1.24016,72.5708,0.621,8.67952,0.0,0.1785,negative
1.5159338,13.09075,3.52016,1.55153,72.8676,0.6831,8.04468,0.0,0.459,negative
1.51588824,13.11735,3.40791,1.58042,73.2596,0.06831,8.389,0.0,0.0969,negative
1.51818902,12.6186,2.76135,0.82928,73.8084,0.34776,9.42196,0.0,0.102,negative
1.51846238,13.0974,3.96916,1.1888,72.442,0.60237,8.43204,0.0,0.0,negative
1.52080872,13.78235,2.28092,1.42955,71.9884,0.49059,9.85236,0.0,0.0867,negative
1.51613882,13.922,3.52016,1.24979,72.8788,0.3726,7.93708,0.0,0.0714,negative
1.51591102,12.858,3.52016,2.1197,72.6604,0.68931,7.96936,0.0,0.0,negative
1.52408904,13.8289,2.90054,1.16954,71.1484,0.08073,10.78848,0.0,0.0,negative
1.51652608,13.5629,3.56955,1.47128,72.4476,0.63963,7.9586,0.0,0.0,negative
1.51632106,13.3368,3.56955,1.57079,72.8676,0.60858,7.89404,0.0,0.0,negative
1.51645774,13.4033,3.48873,1.51943,72.6492,0.67068,8.07696,0.0,0.051,negative
1.52739214,11.0226,0.0,0.74903,73.0804,0.0,14.96336,0.0,0.0,negative
1.51686778,13.2304,3.53812,1.48091,72.8396,0.5589,8.09848,0.0,0.0,negative
1.51812068,13.33015,3.84793,1.24979,72.778,0.52164,8.12,0.0,0.0,negative
1.5166172,12.85135,3.51118,1.43918,73.0076,0.6831,8.2276,0.5985,0.1275,negative
1.51572878,14.85965,3.66833,1.74092,71.8708,0.16146,7.35604,0.0,0.0612,negative
1.51625272,13.35675,3.57853,1.49054,72.722,0.44712,8.20608,0.0,0.0,negative
1.51859906,13.35675,3.43036,1.42955,72.2628,0.50922,8.6042,0.0,0.0,negative
1.5173006,12.3526,2.72094,1.62857,72.8676,0.70173,9.22828,0.0,0.0,negative
1.5170728,13.4831,3.47975,1.70882,72.5204,0.621,7.99088,0.0,0.0,negative
1.51591102,13.0176,3.57853,1.5098,73.1196,0.68931,7.9586,0.0,0.0,negative
1.51568322,13.23705,3.48873,1.47128,73.2484,0.37881,8.03392,0.0,0.0,negative
1.51841682,12.93115,3.74017,1.10855,72.2796,0.63963,8.95928,0.0,0.1122,negative
1.53393,12.2994,0.0,0.99941,70.1628,0.11799,16.19,0.0,0.1224,negative
1.5277794,12.63855,0.0,0.66878,72.022,0.0621,14.40384,0.0,0.0,negative
1.52019366,13.98185,1.35149,1.62857,71.7588,0.39123,10.56252,0.0,0.51,negative
1.51800678,13.7092,3.92875,1.53869,71.8092,0.54027,8.20608,0.0,0.0765,negative
1.51591102,12.8181,3.52016,1.90142,72.862,0.68931,7.96936,0.0,0.0,negative
1.51654886,12.7516,2.85115,1.43918,73.2708,0.57132,8.78712,0.11025,0.1122,negative
1.5167311,13.2969,3.64139,1.52906,72.5316,0.65205,8.03392,0.0,0.1479,negative
1.52176548,13.19715,3.6818,1.15028,72.75,0.54027,8.51812,0.0,0.0,negative
1.5167311,12.8713,3.56057,1.64141,73.142,0.65205,7.99088,0.0,0.0,negative
1.51408862,14.24785,3.08912,2.08118,72.2796,1.09917,7.07628,0.0,0.0,negative
1.53124196,10.73,0.0,2.10044,69.81,0.57753,13.29556,3.15,0.1428,negative
1.51846238,13.40995,3.88834,1.33004,72.3804,0.50922,8.2814,0.0,0.0,negative
1.52067204,13.5496,2.08785,1.6703,72.1788,0.52785,9.5726,0.2709,0.0867,negative
1.5167311,12.7915,3.52016,1.53869,73.3604,0.65826,7.9048,0.0,0.0,negative
1.51659442,12.991,3.17892,1.23053,72.9684,0.57753,8.80864,0.0,0.1224,negative
1.51609326,13.33015,3.52914,1.33967,72.6716,0.5589,8.3352,0.0,0.0,negative
1.51663998,13.1373,3.44832,1.76018,72.4812,0.60237,8.37824,0.0,0.0867,negative
1.52121876,14.0284,3.75813,0.5789,71.7924,0.11178,9.64792,0.0,0.0,negative
1.51645774,13.03755,3.39893,1.25942,73.0076,0.52164,8.58268,0.0,0.0,negative
1.52210718,14.188,3.78058,0.90953,71.3612,0.22977,9.1422,0.0,0.1887,negative
1.51796122,13.50305,3.35852,1.62857,71.938,0.57132,8.80864,0.0,0.459,negative
1.51609326,13.42325,3.39893,1.2209,72.6884,0.58995,8.32444,0.0,0.0,negative
1.5193508,13.6427,3.53812,0.74903,72.6492,0.16146,8.89472,0.1512,0.1224,negative
1.51768786,13.64935,3.65935,1.10855,72.7724,0.11178,8.6042,0.0,0.0,negative
1.5183257,13.33015,3.34056,1.53869,72.1396,0.5589,8.99156,0.0,0.0,negative
1.51670832,13.23705,3.56955,1.3814,72.6996,0.5589,8.4428,0.0,0.051,negative
1.51654886,13.40995,3.38995,1.27868,72.638,0.52164,8.64724,0.0,0.0,negative
1.51643496,12.15975,3.52016,1.3493,72.89,0.57132,8.52888,0.0,0.0,negative
1.5196925,12.63855,0.0,1.65104,73.7524,0.37881,11.53092,0.0,0.0,positive
1.51914578,12.73165,1.84988,1.85969,72.6884,0.60237,10.08908,0.0,0.0,positive
1.51315464,13.0176,0.0,3.04097,70.482,6.21,6.95792,0.0,0.0,positive
1.5215149,11.02925,1.71069,1.56116,73.4388,0.57753,11.617,0.0,0.0,positive
1.5132002,12.99765,0.0,3.0185,70.7004,6.21,6.92564,0.0,0.0,positive
1.51666276,12.858,0.0,1.8308,73.8812,0.96876,10.17516,0.0,0.0,positive
1.523679,13.4432,0.0,1.58042,72.218,0.32292,12.24108,0.0,0.0,positive
1.52042146,13.3767,0.0,1.40066,72.2516,0.32913,12.49932,0.0,0.0,positive
1.51994308,13.2703,0.0,1.76018,73.03,0.47196,11.31572,0.0,0.0,positive
1.52058092,12.85135,1.61191,2.17106,72.1788,0.75762,9.70172,0.2394,0.2601,positive
1.52171992,11.56125,1.88131,1.56116,72.862,0.47196,11.41256,0.0,0.0,positive
1.5196925,14.5604,0.0,0.55964,73.478,0.0,11.21888,0.0,0.0,negative
1.51115,17.38,0.0,0.34136,75.41,0.0,6.64588,0.0,0.0,negative
1.51937358,13.789,2.41113,1.1888,72.7612,0.0,9.76628,0.0,0.0,negative
1.51828014,14.46065,2.24051,1.61894,72.3804,0.0,9.26056,0.0,0.0,negative
1.51853072,14.08825,2.19112,1.66067,72.6716,0.0,9.32512,0.0,0.0,negative
1.51299518,14.4008,1.74212,1.53869,74.5476,0.0,7.59276,0.0,0.0,negative
1.51905466,14.0018,2.38868,1.56116,72.3692,0.0,9.5726,0.0,0.0,negative
1.51916856,14.1481,0.0,2.09081,72.7388,0.0,10.88532,0.0,0.0,negative
1.51509094,15.15225,0.0,2.25131,73.5004,0.0,8.3352,0.63,0.0,negative
1.52247166,14.85965,2.2001,2.05871,70.258,0.75762,9.75552,0.0,0.0,negative
1.51652608,11.94695,0.0,1.1888,75.1804,2.70135,8.927,0.0,0.0,negative
1.52064926,14.3609,0.0,2.02019,73.422,0.0,8.4428,1.64115,0.0,negative
1.51130946,13.68925,3.20137,1.81154,72.8116,1.75743,5.43,1.1907,0.0,negative
1.5163894,14.36755,0.0,2.73923,72.8508,0.0,9.45424,0.53865,0.0,negative
1.52315506,13.4432,3.34056,1.23053,72.3804,0.60237,8.83016,0.0,0.0,negative
1.51545542,14.14145,0.0,2.68145,73.3884,0.08073,9.06688,0.6111,0.0255,negative
1.5165033,14.38085,0.0,1.93994,73.6124,0.0,8.47508,1.5687,0.0,negative
1.51682222,14.5604,0.0,1.97846,73.2876,0.0,8.51812,1.5687,0.0357,negative
1.51645774,14.93945,0.0,1.86932,73.1084,0.0,8.66876,1.3797,0.0,negative
1.5171867,14.75325,0.0,2.00093,73.0188,0.0,8.52888,1.59075,0.0408,negative
1.5161616,14.95275,0.0,2.27057,73.2988,0.0,8.7118,0.67095,0.0,negative
1.51711836,14.2279,0.0,2.08118,73.3604,0.0,8.61496,1.6695,0.0,negative
1.52365622,15.79065,1.83192,1.31078,70.4316,0.3105,8.61496,1.67895,0.0,negative
1.516845,14.9195,0.0,1.9913,73.58,0.0,8.39976,1.59075,0.0,negative
1.51830292,14.3875,0.0,1.82117,72.862,1.40967,6.47372,2.8791,0.0,negative
1.51602492,14.853,0.0,2.37971,73.282,0.0,8.75484,0.63945,0.459,negative
1.51727782,14.70005,0.0,2.34119,73.282,0.0,8.94852,0.6615,0.0,negative
1.51622994,14.14145,0.0,2.88047,72.61,0.08073,9.18524,1.06155,0.0,negative
1.51837126,14.321,3.25974,2.21921,71.2492,1.45935,5.78508,1.62855,0.0,negative
1.51732338,14.95275,0.0,1.7987,72.9908,0.0,8.61496,1.5498,0.0,negative
1.5180202184772882,12.855696087226155,0.558451133727446,1.9486841143501195,73.29139832989584,0.8956099032978186,10.011135268624226,0.08294085985839819,0.09011243796645516,positive
1.520861724683614,12.017264942312163,1.0849622128271645,1.5992056910934904,73.23890123887008,0.4325301365669934,11.462661112570377,0.0,0.0,positive
1.5210206943766977,12.906637697280782,0.0,1.627511318980962,73.24117926712529,0.36018895805502643,11.767526175481168,0.0,0.0,positive
1.5148561168207866,12.979509526511825,0.3693137751598463,2.8416600223031674,70.8707634009909,4.960774521278457,7.5865674656051425,0.054850281822972254,0.05959297536405632,positive
1.5177408342899674,13.181251656734162,0.0,2.17115124994781,72.26914534945132,2.34602182135747,9.881906133121241,0.0,0.0,positive
1.5223648164105181,13.382379012767558,0.0,1.6436541276165626,72.50363702505925,0.3753477613483116,11.915566357747762,0.0,0.0,positive
1.5203077550738713,12.851813622404077,1.4995314151346546,2.147337870795341,72.29748733544352,0.7723401856235578,9.734727126464039,0.22270959345325503,0.24196643799996503,positive
1.5172402418690099,12.828614479887637,0.4302309928409793,1.8375190160351893,73.60378766608606,0.8835478059836279,10.155140169598162,0.0,0.0,positive
1.5181189547637108,13.058954644940238,0.0,1.664155251639495,73.2498607106331,0.7209546798860145,11.075585578531527,0.0,0.0,positive
1.5210977449933343,11.843076995915986,1.666570670294396,1.8335671592169256,72.87603065975844,0.6579658178445255,10.761554871446151,0.10692617464589596,0.11617167094986441,positive
1.5203941537172037,12.836435647336351,0.47759477213051116,1.7096562099019226,72.98735103639595,0.47196,11.34030408116319,0.0,0.0,positive
1.5229234538824044,13.290697759055996,0.0,1.5938043388497676,72.50880897098673,0.3335126182145781,12.106486087828506,0.0,0.0,positive
1.5194418183937126,12.876850740888475,1.3646624857410938,2.3044936812408667,71.91853138562666,1.5939492006346345,9.280854238497444,0.20267893312059476,0.22020380327763867,positive
1.5176246052982352,12.90994981693767,0.9662665897470997,2.510498338111134,71.58663342884039,2.9415466566959125,8.589773453148828,0.14350939046563124,0.15591809716002794,positive
1.5200014882121928,13.283290998322098,0.0,1.7162841004063862,72.93496059122255,0.4545210499027707,11.460232646748446,0.0,0.0,positive
1.5185855418781409,13.099672449138351,0.0,1.789405606698641,73.38226333081116,0.6775573011595132,10.843707001186607,0.0,0.0,positive
1.5203370857131528,12.18999173484186,1.8644257273358855,1.721531044174932,72.76874165655455,0.5420165700963149,10.701583315765118,0.0,0.0,positive
1.5203145869460875,13.352929581219344,0.0,1.4809789939851596,72.42549937950058,0.3610391063387304,12.234896431684373,0.0,0.0,positive
1.5202137779921885,12.820727971253655,1.6727882304157706,2.0914043517898957,72.30916746741134,0.717903458956808,9.800815647912984,0.17815594250730976,0.19356040370155084,positive
1.5216949029811213,11.496334118410603,1.8604905494045438,1.56116,72.93238248214429,0.48484189778081294,11.437506245925068,0.0,0.0,positive
1.5216420109878412,13.401616544598513,0.0,1.468013354241035,72.23901058799233,0.3268032068878681,12.402561376283908,0.0,0.0,positive
1.5146951806569513,12.947513945689025,0.0,2.5095411757799893,71.97470999883377,3.908384515683838,8.370724870748397,0.0,0.0,positive
1.515336509115337,12.911489596149439,0.0,2.2857201098939304,72.66287055186444,2.9762917645705684,8.930508997640377,0.0,0.0,positive
1.5207630336447266,13.308247810759664,0.0,1.7207265675988606,72.85178356080482,0.4392489432294957,11.518816507603018,0.0,0.0,positive
1.5167711369285668,12.852485173327471,0.08074212556374215,1.8320609682830975,73.82913759196683,0.9527680938302486,10.171402847012494,0.0,0.0,positive
1.5195352458007743,12.45178803469718,1.8269981937555806,1.8106138765849091,72.81176020839006,0.5982864877713099,10.34025874414091,0.0,0.0,positive
1.520347094006972,13.36015971474947,0.0,1.4565487533202135,72.37260524472757,0.3513334675031322,12.315324871968723,0.0,0.0,positive
1.5170643212899915,12.85731846004797,0.1652001600113857,1.8656722983575225,73.70672577228048,0.9471208503050393,10.12663845490394,0.024535438273058513,0.02665692353727034,positive
1.5215394978436108,11.643283646902614,1.8791070629510005,1.5820840470008863,72.84983232988526,0.48110047154184027,11.319796935233533,0.0,0.0,positive
1.5218907245483262,13.294046209035098,0.0,1.6442360050953382,72.6419107743213,0.4875295084702179,11.714525318130198,0.0,0.0,positive
1.5131728390704455,13.009630916255702,0.0,3.031994295151159,70.56924049572706,6.21,6.945025662994188,0.0,0.0,positive
1.5162692075532316,12.873872533383166,0.0,1.965793253843079,73.51967222208971,1.5644761250926145,9.80582154902066,0.0,0.0,positive
1.520031301036753,13.289921887015574,0.0,1.693878676505274,72.88645040551765,0.44561982967636926,11.533995051425117,0.0,0.0,positive
1.519218157164316,13.179185204750583,0.0,1.7757864196956437,73.2181079643859,0.5817485769583082,11.06366593531488,0.0,0.0,positive
1.5204545273948538,12.840808035567262,1.6328679889395037,2.143637681993137,72.22368040998265,0.7439471513936297,9.735834748059025,0.21831607113452461,0.23719302465367526,positive
1.5233162119868084,13.435793981078595,0.0,1.5604003614840338,72.22174198850766,0.32361159966168307,12.26983985453028,0.0,0.0,positive
1.5212456616941028,11.554506554931754,1.6822147008966803,1.7369758020157384,73.07557994664727,0.6294445233399153,11.06488245731316,0.06901181013701879,0.07497899672781366,positive
1.5215215262748252,11.046444313760144,1.7162044620559322,1.56116,73.42015774402847,0.574117962963048,11.61039247085503,0.0,0.0,positive
1.522941164487598,13.428137694832689,0.0,1.5397042108740495,72.22561042787402,0.32432657015171423,12.299571574231672,0.0,0.0,positive
1.5136748626211318,13.03696531167102,0.0,2.9428184466358274,70.67726242238923,5.770273316261246,7.291873918480307,0.0,0.0,positive
1.5131917803038626,13.001336851140106,0.0,3.02265255865254,70.66003868225569,6.21,6.931605491468803,0.0,0.0,positive
1.5166762222294292,12.859692053578216,0.0,1.8305101799085772,73.8777067280966,0.9667211636729135,10.179840787361558,0.0,0.0,positive
1.5193872996736906,13.200444550367845,0.0,1.7721450542154327,73.1742177024664,0.5561321740898738,11.12247641127225,0.0,0.0,positive
1.5193068041969826,12.745080464190837,1.8231795191019768,1.8946260370518029,72.63122235128112,0.6197892110745812,10.045617806107247,0.02686092838167315,0.02918348985828399,positive
1.5173885222984056,12.958155081326785,0.0,1.7477448492733691,73.56654274044703,0.8452547085616895,10.62392891038454,0.0,0.0,positive
1.5194982877777947,12.761051438885435,1.791428367488998,1.9361705850105086,72.56322896193804,0.6405034451709588,9.99393429100533,0.0588028777708699,0.06388733712699776,positive
1.5210579896573841,12.197926376065075,1.1804612050232666,1.6353013840229784,72.92458543119214,0.47196,11.37648396930567,0.0,0.0,positive
1.5230215818705284,13.310504277466624,0.0,1.5920660224014254,72.47103960312585,0.33213688179008305,12.12396672800062,0.0,0.0,positive
1.514033425521933,12.977620133490156,0.0,2.7378219106878596,71.333501016543,4.897067195826732,7.763839960715099,0.0,0.0,positive
1.5161505483645776,12.878658228272357,0.0,2.006494792116569,73.41066872546571,1.7440892685299696,9.694463072426847,0.0,0.0,positive
1.5200569814135898,13.27557140688496,0.0,1.754699444177904,73.00524359519613,0.46741604116752783,11.34393254525776,0.0,0.0,positive
1.5204563494180545,12.851561424334365,1.5606623310064223,2.1602420685697377,72.23292462959759,0.7643328020989409,9.716772140881513,0.23178872396283756,0.2518306061100002,positive
1.5188706794916724,12.745648658579947,1.6449267864355257,1.856489198683224,72.82055354138632,0.6429633400641597,10.098617036252962,0.0,0.0,positive
1.5202346436608676,13.187528466952276,0.0,1.464826860996395,72.63622187468404,0.3418618861502552,12.251140480114591,0.0,0.0,positive
1.5194421296430505,12.756367485592452,1.8007403170723808,1.9239864368330999,72.58317000285786,0.6344283929676551,10.009091986473745,0.04943497118490578,0.05370942358059311,positive
1.5198903787358624,12.533404168280569,0.18361821653400545,1.6422675992249676,73.6654958427894,0.38790155687799593,11.519367915490289,0.0,0.0,positive
1.5213198668326129,12.96702377947124,0.0,1.6222115425262424,73.1260280777721,0.3559946150069625,11.820821123754795,0.0,0.0,positive
1.516318225885214,12.946777710318381,0.6866716208162266,2.670389440499629,71.20483465342419,3.887293017658568,8.12677532889278,0.10198409714153063,0.11080227095452012,positive
1.5167143511212502,12.927992797309896,0.7674719178961391,2.6150119627634894,71.40430436402632,3.6139812795388386,8.247403275761744,0.11398451349289707,0.12384031729115508,positive
1.5197616009704842,12.812763975989423,0.0,1.6811368948784893,73.55318800751127,0.4044974267723224,11.47157556369937,0.0,0.0,positive
1.5176701971734246,12.984623727746982,0.0,1.8091115021744073,73.61978327174818,0.8161850110485072,10.52544367431263,0.0,0.0,positive
1.5196438826635092,12.37372386102922,1.8206155854773596,1.7969246744202614,72.84617007441476,0.5971474405004498,10.410322073693747,0.0,0.0,positive
1.5217551468181814,13.40392611952856,0.0,1.4742564999466756,72.23784364486978,0.3265875307928969,12.393592584856313,0.0,0.0,positive
1.520284827932893,12.851852534926154,1.4900993123582873,2.145346836996502,72.3074489410955,0.7735756728283038,9.737497463975714,0.22130874265844494,0.24044446100861125,positive
1.5205960240441032,12.642267077185094,0.6913341435422666,1.687045151810291,72.96826422220947,0.47196,11.351306266197827,0.0,0.0,positive
1.5219663276004218,13.408237201516497,0.0,1.4859100352572276,72.23566541397061,0.3261849470463541,12.376851324516988,0.0,0.0,positive
1.513161571331681,13.014564880003558,0.0,3.03755149642506,70.51522657680316,6.21,6.9530090389230494,0.0,0.0,positive
1.5131930386806685,13.000785827933814,0.0,3.0220319325149276,70.66607093630351,6.21,6.930713911062833,0.0,0.0,positive
1.5198722671955978,13.09177023233656,0.0,1.729337516671487,73.23414705842512,0.4456362202487541,11.37653457222188,0.0,0.0,positive
1.5176906831257426,12.783545515475176,0.0,1.7698114461691379,73.83750103619596,0.7686031390046891,10.635139092911269,0.0,0.0,positive
1.5198164289796048,12.249735693050882,1.8104781835148922,1.7751823178726975,72.90082275372099,0.5953383086321569,10.521602619756635,0.0,0.0,positive
1.520962053003211,13.387735761560421,0.0,1.4304914059864886,72.2460240362642,0.32809944241668837,12.456464735859198,0.0,0.0,positive
1.521462756351351,11.130976955826773,1.7051751606955883,1.5952104200421213,73.36845481348898,0.5875843370148969,11.510070850142199,0.01336558543709429,0.014521256358346807,positive
1.5216112706494411,11.61898246064309,1.7804906780539742,1.565976665332406,72.90971649768551,0.46696809550830415,11.418902907306892,0.0,0.0,positive
1.5206051384755854,12.822760347266984,0.0,1.6348728034250988,73.40112633213639,0.3660149756928457,11.693498537519568,0.0,0.0,positive
1.5192172305559635,13.243280220123031,0.0,1.8971276211659,72.75755679016021,1.0854961207963685,10.849765125651544,0.0,0.0,positive
1.513491669422845,12.985894621060629,0.0,2.9185224592460353,70.9681515884737,5.768805855265379,7.199176261876587,0.0,0.0,positive
1.5212704325734303,13.331730453528477,0.0,1.6963122248335507,72.74150070407678,0.41900687799951264,11.64449550304865,0.0,0.0,positive
1.5190532469173115,12.736358602829496,1.7809417316800351,1.8586133752612257,72.73285129762583,0.6160240165468851,10.092287887072125,0.0,0.0,positive
1.5202448355414857,12.231935685411505,1.8632993616776456,1.7322295468779023,72.76252030503466,0.5466901095646911,10.654153394627118,0.0,0.0,positive
1.520738533782778,13.383172800504285,0.0,1.4181570017842169,72.24832953237677,0.3285255475017802,12.474184120267267,0.0,0.0,positive
1.5209011243123138,12.226663949477398,1.6457755880964944,1.961962792265115,72.61077652360379,0.6958782125906289,10.358351742958634,0.15732446051527876,0.1709277033417878,positive
1.521454964617638,11.681718886508257,1.878074920452021,1.591887594573915,72.8441314091782,0.485383058347182,11.276334639511322,0.0,0.0,positive
1.521909089194339,13.407068726530925,0.0,1.482751462875175,72.23625580133174,0.3262940632818489,12.38138887309254,0.0,0.0,positive
1.5172658894719182,13.170641455997801,0.0,2.2652914624953615,72.0251326865152,2.73489910497184,9.597112943993718,0.0,0.0,positive
1.5137208470142183,12.976651560829103,0.0,2.839911770832265,71.17868023855918,5.421902188900312,7.414253305081366,0.0,0.0,positive
1.523105329162928,13.416650264531963,0.0,1.608023125782153,72.34268701677297,0.34580590268453537,12.098985938619421,0.0,0.0,positive
1.5190982658500216,13.16411619048262,0.0,1.7783674863645826,73.24921818739072,0.5999059533549225,11.021979990824295,0.0,0.0,positive
1.5170376224316964,12.838924894586095,0.27927705582172746,1.8351615337982408,73.70112255055238,0.913445968558759,10.162164471119675,0.0,0.0,positive
1.519986427430482,13.27994121953946,0.0,1.727602826608774,72.95946686757975,0.4590177501238628,11.422969506079928,0.0,0.0,positive
1.5214382063181906,11.880335883145017,1.8146781598951494,1.7120091435781308,72.69302125775934,0.5426134945967024,10.98941071520051,0.0592118133671167,0.06433163181615312,positive
1.5202767999630966,12.949312120995634,0.3533411583334045,1.7228007497267788,72.9984468191845,0.47196,11.333908154941508,0.0,0.0,positive
1.5233801647481486,13.382881980333078,0.0,1.5857138029564133,72.33302139983462,0.3271096155088352,12.187845121671955,0.0,0.0,positive
1.5176379774108693,12.917232811507642,0.9731300740013049,2.515794535690904,71.50637922065464,2.918330519146085,8.614386116001997,0.14452875142899566,0.1570255983570667,positive
1.5165453096343429,12.862736941327807,0.0,1.8710868973507797,73.77330696043332,1.1465433610093463,10.064935971474863,0.0,0.0,positive
1.518543647844454,13.094406831732382,0.0,1.79030751768872,73.39313428287508,0.6839020955502135,10.829140538444543,0.0,0.0,positive
1.5187347806820939,12.707919485274136,0.0,1.7078632338704887,73.79311446663617,0.565296798074626,11.102355983799212,0.0,0.0,positive
1.5201864263320024,11.98386334689622,1.7887401831264595,1.7285593905362597,73.01801648524969,0.5914589212505299,10.760225549230691,0.0,0.0,positive
1.5211229152757293,13.391019632555858,0.0,1.4393682277930988,72.24436481723494,0.32779278318538524,12.443712452462785,0.0,0.0,positive
1.5184740610012677,12.854925814244842,0.7451595128716642,1.9880966082781995,73.09420844667957,0.8711534465648062,9.956296465575646,0.11067068718568432,0.12023995713031116,positive
1.5194081035591336,12.612377740678378,1.8530829452413522,1.8292676251065585,72.70609110066493,0.5890802739763048,10.223952222972471,0.0,0.0,positive
1.518818930665123,13.037838641954936,0.0,1.7538553671006885,73.37007964918071,0.7702859936428976,10.810040805173518,0.0,0.0,positive
1.5194448310097544,13.251752657777772,0.0,1.8541857397895125,72.84298524739913,0.8931131126428333,10.99587192743952,0.0,0.0,positive
1.5178148860918486,13.184245959433138,0.0,2.157332100957621,72.29472953271754,2.2830053949542783,9.93011896419668,0.0,0.0,positive
1.5197606226545572,13.247367126522398,0.0,1.7641080124302406,73.07734528717957,0.49959291667153133,11.252279985026407,0.0,0.0,positive
1.5174938098994786,12.797805428703263,0.0,1.7814922937511901,73.84587049084976,0.8069382304100723,10.547041485446632,0.0,0.0,positive
1.5202633146577729,11.928613006773524,1.7842228576790453,1.7188707838416941,73.04237025359325,0.5906527543986456,10.809813248760925,0.0,0.0,positive
1.5202788833124956,13.232325847946022,0.0,1.4496316184939035,72.54514023897934,0.3388468703841246,12.309911439613803,0.0,0.0,positive
1.5208852337789471,12.257664764106694,1.6440949665778721,1.9723394987260154,72.5893391565916,0.6989422248328712,10.325765583997438,0.16139756024759483,0.17535298838930413,positive
1.521516342483971,11.757060626600701,1.6657630646088968,1.5839622766484724,72.88124822870537,0.47196,11.40146477102483,0.0,0.0,positive
1.5235041816570953,13.439631227305524,0.0,1.57077304391641,72.21980316936143,0.3232532643373336,12.254938644520617,0.0,0.0,positive
1.513185379343909,13.004139729785292,0.0,3.025809485126591,70.62935453708734,6.21,6.936140675562365,0.0,0.0,positive
1.5149133295037343,13.06692080997929,0.0,2.698804985831137,71.29226971915553,4.752165125642522,8.041005477622894,0.0,0.0,positive
1.5201910662982074,13.325456449118423,0.0,1.5738092613998522,72.62648703013363,0.39791868771067224,11.929283657674498,0.0,0.0,positive
1.5190837444236502,12.73480671846049,1.8036627436035555,1.8589682145126747,72.71820082136662,0.6115238589373868,10.091230615948389,0.0,0.0,positive
1.5196559394076439,12.774200609066003,1.7652871141233366,1.9703749051368522,72.50724886900555,0.6575578200292137,9.951382389909718,0.08510121813200493,0.09245959413590009,positive
1.5223892042412301,13.416869880351985,0.0,1.5092455292041063,72.2313036394011,0.3253787976393107,12.343327971397038,0.0,0.0,positive
1.5211026123288545,12.260449847712897,1.735302373479688,1.891709559817143,72.49172379198708,0.6267801135552795,10.485330275590162,0.129748425348785,0.1409672741571386,positive
1.5206285044848684,12.611025830201626,0.7257242844758085,1.6834070879884893,72.96519320059323,0.47196,11.353076490800898,0.0,0.0,positive
1.5226501933685688,13.422197758741206,0.0,1.523647625734124,72.22861165874129,0.3248812619280768,12.322638177183022,0.0,0.0,positive
1.5149154925192503,12.937490978053106,0.0,2.4335418352789935,72.18818162532507,3.5792317657334682,8.572769309325972,0.0,0.0,positive
1.5131902172493974,13.002021287851704,0.0,3.023423450527709,70.65254590141292,6.21,6.932712940945013,0.0,0.0,positive
1.5202399903886221,13.33633801444335,0.0,1.537041024880892,72.54687978907234,0.38331141350616876,12.050330844879218,0.0,0.0,positive
1.5176385607975174,12.808345776205456,0.7269834231345483,1.8421534667623614,73.41244211996731,0.8247725757334167,10.141331463520109,0.0,0.0,positive
1.5194557093000784,12.508941297843139,1.831671104174569,1.820636176659488,72.78656765160862,0.5991204204877958,10.288963153312682,0.0,0.0,positive
1.5204163645599813,13.375566685860678,0.0,1.4044894088286557,72.25989108765083,0.3306513464146554,12.486712945344914,0.0,0.0,positive
1.521350587417804,11.979578326857936,1.793954251410334,1.7589264107826184,72.64046530275998,0.5645882225023162,10.857802357397386,0.07762793694270992,0.08434012697910964,positive
1.521648901774232,11.376967022199889,1.822207816405536,1.56116,73.0618015443517,0.5085290864029279,11.483377315754614,0.0,0.0,positive
1.5220013443898732,13.365557369806925,0.0,1.6611431879902092,72.58263745353833,0.3898480370386113,11.825537002455386,0.0,0.0,positive
1.520521664448079,12.852676537042349,1.59904829579589,2.178001159930888,72.16526094403935,0.801125467903546,9.679826752861365,0.237489786659017,0.25802461783630043,positive
1.513990002983897,13.029585876592726,0.0,2.871111214985663,70.97326931271012,5.537895333489362,7.439856222674471,0.0,0.0,positive
1.5197105348836029,12.68401866356521,0.0,1.658895084988535,73.70040702404509,0.3855142437848821,11.515431505501807,0.0,0.0,positive
1.5169297347473096,12.844414825767585,0.1988994231029856,1.8339062578834546,73.75294993411615,0.9293656827303917,10.165904663253452,0.0,0.0,positive
1.5174320405243307,12.818854687336716,0.5731233161025444,1.839750598202155,73.51165089873554,0.8552463386885575,10.148490997118675,0.0,0.0,positive
1.519801272554422,13.29111423151056,0.0,1.4716333226490208,72.52048484351337,0.4346692810852122,12.11583239696855,0.0,0.0,positive
1.5212486373200211,11.54870141136772,1.682529410342515,1.735032683054263,73.07959426029124,0.6288707632255159,11.070984468929057,0.06824909054466397,0.07415032769702212,positive
1.5203268297421966,12.901191078036826,0.4063124577856345,1.7171970225276554,72.99371650982135,0.47196,11.336634840410118,0.0,0.0,positive
1.5229269813132171,13.40839624859613,0.0,1.616604628989933,72.38145081630967,0.3529208739689564,12.054810483521782,0.0,0.0,positive
1.5179926312573058,13.197694453323765,0.0,2.1281754813116542,72.2979108312978,2.1206087180455224,10.063640651738437,0.0,0.0,positive
1.5137804562149164,12.986148210981817,0.1267248717450334,2.95187610331122,70.81662860481532,5.781345697833511,7.143889394788761,0.018821109302480286,0.02044849845269475,positive
1.519819062763497,12.957633828874407,0.0,1.7061643515367673,73.38753073529264,0.42585813400815337,11.42222694107832,0.0,0.0,positive
1.5183068592827675,12.774338996714608,1.2248738959840317,1.8499291364061339,73.09140304931685,0.7261596438960423,10.118163251580478,0.0,0.0,positive
1.5201942237257517,12.819097018390185,1.676030651910506,2.0871618305442947,72.31611093925113,0.7157881253556917,9.806093558532814,0.17489403678037094,0.19001645349446317,positive
1.5204014165981934,13.37393401375021,0.0,1.402953736891237,72.2602899001208,0.3325408497878411,12.486926333907245,0.0,0.0,positive
1.518767871146624,12.854427152253852,0.8660314301495132,2.013611605128496,72.96655097698599,0.85532074088394,9.920794731287735,0.1286225188613468,0.13974401485311735,positive
1.5203219147007023,12.304101066346977,0.5840546954151757,1.6231366581669604,73.47597437062596,0.4077285168196223,11.494175011800639,0.0,0.0,positive
1.5191880223013412,13.068623282377008,0.0,1.740684044016481,73.28258646061272,0.7363113658742877,10.918719213137916,0.0,0.0,positive
1.515366834906136,13.099949059987352,0.0,2.623590290695683,71.31233401206083,4.34010605393816,8.378025791899026,0.0,0.0,positive
1.5131922989559352,13.001109741639386,0.0,3.022396761635939,70.662524933632,6.21,6.931238018051094,0.0,0.0,positive
