@relation glass4
@attribute RI real [1.51115, 1.53393]
@attribute Na real [10.73, 17.38]
@attribute Mg real [0.0, 4.49]
@attribute Al real [0.29, 3.5]
@attribute Si real [69.81, 75.41]
@attribute K real [0.0, 6.21]
@attribute Ca real [5.43, 16.19]
@attribute Ba real [0.0, 3.15]
@attribute Fe real [0.0, 0.51]
@attribute Class {positive, negative}
@data
1.5176423,12.9777,3.53812,1.21127,73.002,0.65205,8.52888,0.0,0.0,negative
1.52212996,14.20795,3.82099,0.46976,71.77,0.11178,9.5726,0.0,0.0,negative
1.52222108,13.21045,3.7716,0.79076,71.9884,0.13041,10.2452,0.0,0.0,negative
1.51755118,13.39,3.65935,1.1888,72.7892,0.57132,8.27064,0.0,0.0561,negative
1.52099096,13.68925,3.592,1.12139,71.9604,0.08694,9.40044,0.0,0.0,negative
1.51755118,13.1506,3.60996,1.05077,73.2372,0.57132,8.23836,0.0,0.0,negative
1.51910022,13.90205,3.73119,1.17917,72.1228,0.0621,8.89472,0.0,0.0,negative
1.51793844,13.21045,3.47975,1.41029,72.638,0.58995,8.43204,0.0,0.0,negative
1.51976084,13.80895,3.57853,1.32041,71.7196,0.11799,8.66876,0.68985,0.0,negative
1.51761952,13.88875,3.60098,1.35893,72.7276,0.47817,7.82948,0.0,0.0,negative
1.51784732,12.67845,3.66833,1.15991,73.1084,0.60858,8.70104,0.0,0.0,negative
1.51720948,13.3767,3.5022,1.15028,72.8508,0.50301,8.43204,0.0,0.0,negative
1.51746006,12.83805,3.5022,1.14065,73.2708,0.5589,8.5504,0.0,0.0,negative
1.52210718,13.72915,3.83895,0.72014,71.7588,0.16767,9.74476,0.0,0.0,negative
1.51823458,12.8713,3.47975,1.29152,72.9516,0.60237,8.43204,0.0,0.0,negative
1.51919134,14.417,3.57853,1.36856,72.078,0.5589,8.30292,0.0,0.0,negative
1.51761952,12.79815,3.65935,1.26905,73.0076,0.60237,8.56116,0.0,0.0,negative
1.51750562,12.81145,3.56955,1.3493,73.0188,0.621,8.59344,0.0,0.0,negative
1.51782454,12.69175,3.53812,1.33967,72.9516,0.57132,8.75484,0.0,0.0,negative
1.51793844,12.7915,3.5022,1.12139,73.03,0.63963,8.7656,0.0,0.0,negative
1.5215149,13.05085,3.65037,0.87101,72.218,0.19251,9.85236,0.0,0.0867,negative
1.51595658,12.7915,3.60996,1.61894,72.9684,0.63963,8.0662,0.0,0.1326,negative
1.51734616,13.0176,3.53812,1.68956,72.7276,0.54027,8.4428,0.0,0.0357,negative
1.5177562,12.85135,3.47975,1.23053,72.9684,0.60858,8.56116,0.09135,0.1122,negative
1.51777898,13.21045,3.38995,1.33004,72.7612,0.58995,8.59344,0.0,0.0,negative
1.51755118,13.4831,3.74017,1.16954,72.9908,0.58995,8.03392,0.0,0.0,negative
1.51743728,13.2969,3.60098,1.14065,73.0916,0.57753,8.1738,0.0,0.0,negative
1.515706,12.71835,3.46179,1.56116,73.198,0.67068,8.08772,0.0,0.1224,negative
1.51720948,12.8713,3.47975,1.33004,73.0412,0.5589,8.43204,0.0,0.0,negative
1.51910022,13.88875,3.52914,1.32041,71.8092,0.50922,8.77636,0.11025,0.0,negative
1.52171992,13.5097,3.8614,0.88064,71.7924,0.22977,9.54032,0.0,0.0561,negative
1.51761952,12.81145,3.53812,1.23053,73.2372,0.57753,8.389,0.0,0.0,negative
1.51784732,13.7745,3.48873,1.27868,72.862,0.60237,8.48584,0.0,0.0,negative
1.5175284,12.57205,3.47077,1.3814,73.3884,0.60237,8.5504,0.0,0.0306,negative
1.5178701,12.73165,3.43036,1.1888,72.9516,0.621,8.75484,0.0,0.153,negative
1.52320062,13.7225,3.72221,0.51149,71.7476,0.08694,10.568,0.0,0.0816,negative
1.5229956,13.3102,3.57853,0.81965,71.9884,0.11799,10.17516,0.0,0.0153,negative
1.52101374,13.6427,4.49,1.09892,71.7812,0.0621,8.75484,0.0,0.0,negative
1.51750562,12.8181,3.55159,1.49054,72.75,0.54027,8.51812,0.0,0.0969,negative
1.52212996,14.20795,3.82099,0.46976,71.77,0.11178,9.5726,0.0,0.0,negative
1.52666318,13.9885,3.69976,0.71051,71.5684,0.01863,9.82008,0.0,0.051,negative
1.51925968,13.19715,3.33158,1.27868,72.358,0.60237,9.1422,0.0,0.0561,negative
1.52171992,13.4831,3.74017,0.8999,72.0108,0.18009,9.60488,0.0,0.0357,negative
1.51618438,13.52965,3.55159,1.53869,72.9908,0.39123,7.77568,0.0,0.0,negative
1.51768786,12.55875,3.52016,1.42955,73.1476,0.57132,8.53964,0.0,0.0,negative
1.51796122,12.7383,3.47975,1.3493,72.9572,0.63963,8.67952,0.0,0.0,negative
1.51807512,13.4299,2.86911,1.1888,72.8396,0.55269,9.0346,0.0,0.0,negative
1.51748284,12.858,3.56057,1.26905,73.2092,0.54027,8.37824,0.0,0.0867,negative
1.51736894,12.7782,3.61894,1.29152,72.7892,0.58995,8.70104,0.0,0.0,negative
1.51755118,12.7117,3.42138,1.19843,73.198,0.58995,8.63648,0.0,0.0,negative
1.51768786,12.45235,2.71196,1.29152,73.702,0.5589,9.05612,0.0,0.1224,negative
1.51905466,13.6028,3.61894,1.10855,72.638,0.14283,8.75484,0.0,0.0,negative
1.51766508,13.21045,3.69078,1.29152,72.61,0.57132,8.21684,0.0,0.0,negative
1.51566044,13.29025,3.44832,1.21127,72.7388,0.5589,8.57192,0.0,0.0,negative
1.52226664,14.16805,3.81201,0.78113,71.35,0.0,9.69096,0.0,0.0,negative
1.51966972,14.7732,3.74915,0.29,72.022,0.03105,9.00232,0.0,0.0,negative
1.51777898,13.21045,2.81074,1.29152,72.9796,0.50922,9.02384,0.0,0.459,negative
1.5219705,14.3609,3.84793,0.89027,71.3612,0.14904,9.15296,0.0,0.0,negative
1.5190091,13.48975,3.47975,1.3493,71.9492,0.55269,9.00232,0.0,0.0,negative
1.51663998,12.93115,3.53812,1.61894,72.9572,0.63963,8.03392,0.0,0.1071,negative
1.51709558,12.99765,3.47077,1.78907,72.722,0.65826,8.18456,0.0,0.0,negative
1.51689056,12.6718,2.87809,1.70882,73.2092,0.73278,8.53964,0.0,0.0,negative
1.5266404,11.22875,0.0,0.7715,73.2092,0.0,14.6836,0.0,0.0,negative
1.51812068,12.95775,2.95891,1.42955,72.918,0.60237,8.78712,0.1386,0.0,negative
1.51629828,12.7117,3.33158,1.49054,73.282,0.67068,8.23836,0.0,0.0,negative
1.52725546,13.8023,3.15198,0.65915,70.5716,0.08073,11.63852,0.0,0.0,negative
1.51891798,13.46315,3.82997,1.25942,72.5484,0.57132,8.20608,0.0,0.0714,negative
1.5162755,12.99765,3.57853,1.53869,72.8284,0.60858,8.04468,0.0,0.0,negative
1.51618438,13.01095,3.5022,1.48091,72.89,0.60237,8.12,0.0,0.0,negative
1.5160477,12.8979,3.43934,1.44881,73.58,0.44091,8.27064,0.0,0.0,negative
1.5170728,13.7225,3.6818,1.81154,72.0612,0.63963,7.88328,0.0,0.0,negative
1.52613924,13.70255,0.0,1.35893,71.238,0.19251,13.43544,0.0,0.051,negative
1.51645774,13.4432,3.60996,1.53869,72.3916,0.65826,8.03392,0.0,0.0,negative
1.51743728,12.19965,3.25076,1.15991,73.5508,0.621,8.89472,0.0,0.1224,negative
1.52474966,11.4482,0.0,1.87895,72.19,0.8073,13.24176,0.0,0.1734,negative
1.51828014,13.23705,3.90181,1.41029,72.33,0.55269,8.31368,0.0,0.051,negative
1.51789288,13.1905,3.90181,1.30115,72.33,0.55269,8.4428,0.0,0.1428,negative
1.51839404,12.85135,3.66833,1.24016,72.5708,0.621,8.67952,0.0,0.1785,negative
1.5159338,13.09075,3.592,1.51943,73.0972,0.67068,7.82948,0.0,0.0,negative
1.5159338,13.09075,3.52016,1.55153,72.8676,0.6831,8.04468,0.0,0.459,negative
1.51818902,12.6186,2.76135,0.82928,73.8084,0.34776,9.42196,0.0,0.102,negative
1.51846238,13.0974,3.96916,1.1888,72.442,0.60237,8.43204,0.0,0.0,negative
1.51711836,12.89125,3.61894,1.57079,72.9572,0.60858,8.10924,0.0,0.0,negative
1.51613882,13.922,3.52016,1.24979,72.8788,0.3726,7.93708,0.0,0.0714,negative
1.51841682,13.0176,3.61894,1.0604,72.3412,0.63963,9.13144,0.0,0.0765,negative
1.52408904,13.8289,2.90054,1.16954,71.1484,0.08073,10.78848,0.0,0.0,negative
1.51652608,13.5629,3.56955,1.47128,72.4476,0.63963,7.9586,0.0,0.0,negative
1.5184396,13.25035,3.75813,1.32041,72.4028,0.57753,8.42128,0.0,0.0,negative
1.51812068,13.4299,3.97814,1.17917,72.4924,0.57753,8.15228,0.0,0.0,negative
1.51632106,13.3368,3.56955,1.57079,72.8676,0.60858,7.89404,0.0,0.0,negative
1.51645774,13.4033,3.48873,1.51943,72.6492,0.67068,8.07696,0.0,0.051,negative
1.52222108,14.4274,0.0,0.99941,72.6716,0.09936,11.52016,0.0,0.0408,negative
1.52739214,11.0226,0.0,0.74903,73.0804,0.0,14.96336,0.0,0.0,negative
1.51812068,13.33015,3.84793,1.24979,72.778,0.52164,8.12,0.0,0.0,negative
1.5166172,12.85135,3.51118,1.43918,73.0076,0.6831,8.2276,0.5985,0.1275,negative
1.51572878,14.85965,3.66833,1.74092,71.8708,0.16146,7.35604,0.0,0.0612,negative
1.51859906,13.35675,3.43036,1.42955,72.2628,0.50922,8.6042,0.0,0.0,negative
1.5170728,13.4831,3.47975,1.70882,72.5204,0.621,7.99088,0.0,0.0,negative
1.51805234,12.99765,3.79854,1.07966,73.0692,0.5589,8.37824,0.0,0.0612,negative
1.51568322,13.23705,3.48873,1.47128,73.2484,0.37881,8.03392,0.0,0.0,negative
1.51841682,12.93115,3.74017,1.10855,72.2796,0.63963,8.95928,0.0,0.1122,negative
1.53393,12.2994,0.0,0.99941,70.1628,0.11799,16.19,0.0,0.1224,negative
1.5277794,12.63855,0.0,0.66878,72.022,0.0621,14.40384,0.0,0.0,negative
1.52019366,13.98185,1.35149,1.62857,71.7588,0.39123,10.56252,0.0,0.51,negative
1.51800678,13.7092,3.92875,1.53869,71.8092,0.54027,8.20608,0.0,0.0765,negative
1.51591102,12.8181,3.52016,1.90142,72.862,0.68931,7.96936,0.0,0.0,negative
1.5163894,12.5521,3.47975,1.86932,73.2316,0.62721,8.07696,0.0,0.459,negative
1.51591102,13.23705,3.34056,1.47128,73.0972,0.39123,8.21684,0.0,0.0,negative
1.51654886,12.7516,2.85115,1.43918,73.2708,0.57132,8.78712,0.11025,0.1122,negative
1.52176548,13.19715,3.6818,1.15028,72.75,0.54027,8.51812,0.0,0.0,negative
1.5167311,12.8713,3.56057,1.64141,73.142,0.65205,7.99088,0.0,0.0,negative
1.51595658,13.0176,3.56057,1.53869,73.1084,0.72036,7.9048,0.0,0.0,negative
1.51408862,14.24785,3.08912,2.08118,72.2796,1.09917,7.07628,0.0,0.0,negative
1.53124196,10.73,0.0,2.10044,69.81,0.57753,13.29556,3.15,0.1428,negative
1.52067204,13.5496,2.08785,1.6703,72.1788,0.52785,9.5726,0.2709,0.0867,negative
1.5167311,12.7915,3.52016,1.53869,73.3604,0.65826,7.9048,0.0,0.0,negative
1.5177562,13.52965,3.40791,1.51943,72.0388,0.57753,8.78712,0.0,0.0,negative
1.51609326,13.33015,3.52914,1.33967,72.6716,0.5589,8.3352,0.0,0.0,negative
1.52121876,14.0284,3.75813,0.5789,71.7924,0.11178,9.64792,0.0,0.0,negative
1.51645774,13.03755,3.39893,1.25942,73.0076,0.52164,8.58268,0.0,0.0,negative
1.52210718,14.188,3.78058,0.90953,71.3612,0.22977,9.1422,0.0,0.1887,negative
1.51693612,12.858,3.57853,1.31078,72.61,0.60858,8.78712,0.0,0.0,negative
1.51777898,13.6427,3.65037,0.64952,73.002,0.0621,8.927,0.0,0.0,negative
1.51609326,13.42325,3.39893,1.2209,72.6884,0.58995,8.32444,0.0,0.0,negative
1.5193508,13.6427,3.53812,0.74903,72.6492,0.16146,8.89472,0.1512,0.1224,negative
1.51768786,13.64935,3.65935,1.10855,72.7724,0.11178,8.6042,0.0,0.0,negative
1.51670832,13.23705,3.56955,1.3814,72.6996,0.5589,8.4428,0.0,0.051,negative
1.51654886,13.40995,3.38995,1.27868,72.638,0.52164,8.64724,0.0,0.0,negative
1.52126432,14.321,3.90181,0.82928,71.5012,0.0,9.48652,0.0,0.0,negative
1.51643496,12.15975,3.52016,1.3493,72.89,0.57132,8.52888,0.0,0.0,negative
1.5196925,12.63855,0.0,1.65104,73.7524,0.37881,11.53092,0.0,0.0,positive
1.51914578,12.73165,1.84988,1.85969,72.6884,0.60237,10.08908,0.0,0.0,positive
1.5151365,14.00845,2.68053,3.5,69.8884,1.68291,5.87116,2.1987,0.0,positive
1.52119598,12.97105,0.32777,1.5098,73.3884,0.13041,11.27268,0.0,0.1428,positive
1.5215149,11.02925,1.71069,1.56116,73.4388,0.57753,11.617,0.0,0.0,positive
1.5132002,12.99765,0.0,3.0185,70.7004,6.21,6.92564,0.0,0.0,positive
1.51666276,12.858,0.0,1.8308,73.8812,0.96876,10.17516,0.0,0.0,positive
1.52042146,13.3767,0.0,1.40066,72.2516,0.32913,12.49932,0.0,0.0,positive
1.51994308,13.2703,0.0,1.76018,73.03,0.47196,11.31572,0.0,0.0,positive
1.52171992,11.56125,1.88131,1.56116,72.862,0.47196,11.41256,0.0,0.0,positive
1.51937358,13.789,2.41113,1.1888,72.7612,0.0,9.76628,0.0,0.0,negative
1.51828014,14.46065,2.24051,1.61894,72.3804,0.0,9.26056,0.0,0.0,negative
1.51853072,14.08825,2.19112,1.66067,72.6716,0.0,9.32512,0.0,0.0,negative
1.51299518,14.4008,1.74212,1.53869,74.5476,0.0,7.59276,0.0,0.0,negative
1.51887242,14.99265,0.78126,1.74092,72.498,0.0,9.9492,0.0,0.0,negative
1.51916856,14.1481,0.0,2.09081,72.7388,0.0,10.88532,0.0,0.0,negative
1.51613882,13.8821,1.77804,1.78907,73.0972,0.0,8.66876,0.75915,0.0,negative
1.52247166,14.85965,2.2001,2.05871,70.258,0.75762,9.75552,0.0,0.0,negative
1.51652608,11.94695,0.0,1.1888,75.1804,2.70135,8.927,0.0,0.0,negative
1.52064926,14.3609,0.0,2.02019,73.422,0.0,8.4428,1.64115,0.0,negative
1.51130946,13.68925,3.20137,1.81154,72.8116,1.75743,5.43,1.1907,0.0,negative
1.51556932,13.8688,0.0,2.54021,73.2316,0.14283,9.4112,0.80955,0.0051,negative
1.5163894,14.36755,0.0,2.73923,72.8508,0.0,9.45424,0.53865,0.0,negative
1.52315506,13.4432,3.34056,1.23053,72.3804,0.60237,8.83016,0.0,0.0,negative
1.51545542,14.14145,0.0,2.68145,73.3884,0.08073,9.06688,0.6111,0.0255,negative
1.5165033,14.38085,0.0,1.93994,73.6124,0.0,8.47508,1.5687,0.0,negative
1.51682222,14.5604,0.0,1.97846,73.2876,0.0,8.51812,1.5687,0.0357,negative
1.5171867,14.75325,0.0,2.00093,73.0188,0.0,8.52888,1.59075,0.0408,negative
1.5161616,14.95275,0.0,2.27057,73.2988,0.0,8.7118,0.67095,0.0,negative
1.51711836,14.2279,0.0,2.08118,73.3604,0.0,8.61496,1.6695,0.0,negative
1.52365622,15.79065,1.83192,1.31078,70.4316,0.3105,8.61496,1.67895,0.0,negative
1.5151365,14.853,0.0,2.42144,73.7188,0.0,8.389,0.5607,0.0,negative
1.516845,14.9195,0.0,1.9913,73.58,0.0,8.39976,1.59075,0.0,negative
1.51622994,14.2013,0.0,2.79059,73.4612,0.03726,9.04536,0.40005,0.459,negative
1.51531874,14.38085,0.0,2.65898,73.0972,0.03726,9.07764,0.63945,0.0,negative
1.51609326,15.126,0.0,2.51132,73.0524,0.04968,8.83016,0.5292,0.0,negative
1.51830292,14.3875,0.0,1.82117,72.862,1.40967,6.47372,2.8791,0.0,negative
1.51602492,14.853,0.0,2.37971,73.282,0.0,8.75484,0.63945,0.459,negative
1.51622994,14.14145,0.0,2.88047,72.61,0.08073,9.18524,1.06155,0.0,negative
1.51657164,14.7998,0.0,1.9913,73.1084,0.0,8.2814,1.71045,0.0,negative
1.51732338,14.95275,0.0,1.7987,72.9908,0.0,8.61496,1.5498,0.0,negative
1.5197835899530285,12.730788324226461,0.0,1.6197528204025995,73.56486186141153,0.37260204775781264,11.651930083561478,0.0,0.0,positive
1.518639669321174,13.106475671007708,0.0,1.7882403301320295,73.36821796953248,0.6693597735711163,10.862526993268373,0.0,0.0,positive
1.5202675970135595,12.947897870472406,0.26064418403131956,1.575539350538324,73.48932321478283,0.3021002944666786,11.047912859804295,0.0,0.11355520480725032,positive
1.519945050414379,12.894284317896728,0.0,1.5642950856668933,73.23244326451344,0.3615982125406632,11.866425132359536,0.0,0.0,positive
1.5185545392633757,13.095775762818802,0.0,1.7900730430020282,73.39030810256764,0.6822526049760351,10.832927460685454,0.0,0.0,positive
1.518173106748359,12.895665213667549,0.10920413165689716,1.7238514499134638,73.7170123193687,0.6894443708253967,10.540824089379985,0.0,0.04757711200111332,positive
1.5205989146377505,13.283759244688852,0.07509723004643114,1.4256656798586433,72.51205864818861,0.2836001420055929,12.218277603611819,0.0,0.03271771196457994,positive
1.5177341227778536,12.99265847030444,0.0,1.807735286992725,73.60319541614568,0.8065035652504355,10.54767046541458,0.0,0.0,positive
1.5202213787616206,12.755513436985465,0.11529956613752071,1.6013560425869866,73.62435581635275,0.291430397752814,11.440078983557514,0.0,0.05023271820007309,positive
1.5169248077489024,12.894162547517947,0.0,1.8008116479865628,73.76758810982216,0.9241664964933396,10.337194984459828,0.0,0.0,positive
1.5203102020252366,13.351954298852746,0.0,1.484274421771244,72.43263433997201,0.36234831292163655,12.224047331974733,0.0,0.0,positive
1.5207215243755525,13.219543162290327,0.1269845844844066,1.4429429958526654,72.69201881698103,0.25214193938206275,12.02409538910836,0.0,0.055323545975450056,positive
1.5183415545390206,13.089673378399441,0.0,1.6386812666575368,73.15335165328759,0.6830741642073749,11.21322824588557,0.0,0.0,positive
1.5203000170761374,13.349688989717437,0.0,1.4919287821126563,72.44920686469874,0.3653892349497961,12.19884789689436,0.0,0.0,positive
1.5203368161291342,12.949624065321917,0.2656490038970787,1.5706379038625797,73.48179850163078,0.28929927321867194,11.064671226644053,0.0,0.11573566145926362,positive
1.5210771779919823,13.03327180776788,0.2774940430615595,1.4930592429439504,73.21402861809312,0.1608912464923785,11.460831752201143,0.0,0.12089620572105653,positive
1.5202298470100708,13.334081951318058,0.0,1.544664143441087,72.5633846719363,0.38633992380866283,12.025234262970432,0.0,0.0,positive
1.5206424926558861,12.957247064282772,0.2877506436087038,1.548992767494298,73.44856883433393,0.23276905491851965,11.138677363924167,0.0,0.1253647127782375,positive
1.5199941751381907,12.944028357187792,0.0,1.5474219398866367,73.13130412725403,0.3582502698840487,11.931685753709486,0.0,0.0,positive
1.5198271121872151,12.977927640965778,0.0,1.7096702742144914,73.36432495792057,0.42885040721165346,11.41531403508376,0.0,0.0,positive
1.520860093259132,12.896767441310454,0.2545441525964737,1.54135389049417,73.46971985372329,0.18590409798040067,11.330372414905227,0.0,0.11089759584701606,positive
1.5202990793307294,13.349480418892137,0.0,1.4926335319539348,72.45073272494699,0.3656692177597366,12.196527742488104,0.0,0.0,positive
1.5200959617820364,13.233784816605965,0.03999526035442889,1.7296280480594872,73.07373280443917,0.43028327188560517,11.310468158752618,0.0,0.01742478926873248,positive
1.5204125226876313,13.158175549306689,0.12281046350458391,1.666366399449987,73.16428706141515,0.34398637883274663,11.299593562713985,0.0,0.05350500103259781,positive
1.5201013476556984,13.052551998811737,0.0,1.5106107912179334,72.9106548265032,0.3509462605148451,12.074061008804831,0.0,0.0,positive
1.5197884786824427,12.880526744485554,0.0,1.6928434695578207,73.47570193871569,0.4144888820717518,11.448492781300688,0.0,0.0,positive
1.520865998655171,12.898073440846801,0.25583157355295105,1.5407991254580382,73.46829012791508,0.1849284279508404,11.329358095145027,0.0,0.11145848827946855,positive
1.5204552656474428,13.358994503840826,0.01430625040328441,1.4054236579583685,72.30121816352458,0.3204564237723383,12.445780569928045,0.0,0.006232823496930818,positive
1.5194038196604662,13.202520930278224,0.0,1.7717894055390537,73.16993098265141,0.5536302445738022,11.128220374091997,0.0,0.0,positive
1.520962258307627,12.919361608592093,0.27681690510745893,1.5317562959472268,73.44498518638339,0.16902472609240382,11.31282439157046,0.0,0.12060119611113017,positive
1.5197672090772076,12.714200934675263,0.0,1.6253792521520118,73.5985871939841,0.3737184353658916,11.630168614969215,0.0,0.0,positive
1.5199255167812364,13.22602047468325,0.0,1.7525303484082781,73.08063320789682,0.46543109175582836,11.33080342516528,0.0,0.0,positive
1.5209985729696203,13.074440696009761,0.24422909421639516,1.4819827670097245,73.09865627209689,0.18105907952929784,11.585321842360194,0.0,0.1064036203865553,positive
1.5202303697603208,13.33419822003041,0.0,1.5442712775814567,72.56253407451436,0.38618384617534335,12.02652764312024,0.0,0.0,positive
1.5197209807691738,12.71035431768575,0.0,1.663444785488283,73.67029245889009,0.3893973718914564,11.506460499935143,0.0,0.0,positive
1.5203599806517223,12.950201745045954,0.2673238918506165,1.5689976102631482,73.47928031880897,0.2850153475517456,11.070279497769437,0.0,0.11646536216330974,positive
1.5198535939634852,12.801674875365892,0.0,1.5957081483518092,73.42073595753013,0.36783114230416913,11.744928168128876,0.0,0.0,positive
1.5210856372494754,12.997404911081844,0.29890333598898555,1.5318509361292303,73.3568357556166,0.16049026693401464,11.276470527562113,0.0,0.1302236213784884,positive
1.5200826138512276,13.236972914853679,0.03650332062960748,1.7322955034956187,73.06991454408168,0.43392201860743074,11.31092669091162,0.0,0.01590345115754324,positive
1.517746280011537,13.007525588630207,0.0,1.7068035922625846,73.41143539766381,0.7843739343444388,10.845145332698637,0.0,0.0,positive
1.5211554860982892,12.980721801490082,0.3171764281557093,1.517892316314408,73.37681646230897,0.1414489433548448,11.274071058767362,0.0,0.13818468420122432,positive
1.5209121971106145,13.038830373252896,0.2535298230873787,1.5665112777111454,73.30722210267723,0.20777135834428354,11.282428595705278,0.0,0.11045568153545986,positive
1.5201334172735343,13.336950149727905,0.0,1.4336231783228048,72.3764821206929,0.3781471519752074,12.32121124347717,0.0,0.0,positive
1.5201746216437813,13.214997232898414,0.060573393393106655,1.713908632157409,73.096233957324,0.40883999965397816,11.30776601137493,0.0,0.026390092371283615,positive
1.5204246385819484,13.375035237608529,0.0013451477112100263,1.4011079037776535,72.25626535655522,0.32831446546916543,12.494285945667759,0.0,5.860423259016756E-4,positive
1.5198160067391797,12.763613788857569,0.0,1.6086184441452847,73.49812141933558,0.3703927825910126,11.694994745146204,0.0,0.0,positive
1.5200836566799056,13.23672383952291,0.036776134067088594,1.7320871042263855,73.07021285184625,0.4336377356359212,11.31089086734525,0.0,0.01602230815748925,positive
1.5205710110190653,13.298373590244436,0.06328866590800147,1.4217336949604884,72.47110317418988,0.29075942401916566,12.262469741741493,0.0,0.02757305882680726,positive
1.5200605825925984,13.29643461234261,0.0,1.6718725204002376,72.83880467812513,0.4368772304427178,11.606442999705939,0.0,0.0,positive
1.5201212920153195,13.309937439755025,0.0,1.6262471772488132,72.7400208354764,0.4187512075168224,11.756649264041792,0.0,0.0,positive
1.5204484016699151,12.952406799313493,0.27371708634218056,1.5627364654610247,73.46966819370465,0.26866322685124605,11.091686761455502,0.0,0.11925069386967505,positive
1.5202388552162216,13.191793117391972,0.0,1.463380294340443,72.6275510254259,0.34157486070306414,12.256735396440272,0.0,0.0,positive
1.5197295679473002,12.732003889803522,0.0,1.6671849268431442,73.64553638307231,0.3925895486113146,11.499085766385884,0.0,0.0,positive
1.521150141626238,12.960912679067384,0.3177768881741854,1.5141061510030756,73.39949769870519,0.13798326472078698,11.280553268444026,0.0,0.13844628743104517,positive
1.5167822608489594,12.874491098080519,0.0,1.8171245017768376,73.82938991048388,0.9484241583473256,10.24905232796379,0.0,0.0,positive
1.5199960810153659,13.282088344067324,0.0,1.720347805835676,72.9437589565601,0.4561354776021072,11.446854248478232,0.0,0.0,positive
1.5200342158910212,12.942077783226926,0.24376979220070144,1.5920652064056346,73.51469374989625,0.3452605787855568,10.991409877463202,0.0,0.1062035156550635,positive
1.5200418632143502,13.292271098304402,0.0,1.6859408152030189,72.86926407029937,0.44246627846975733,11.560127819107997,0.0,0.0,positive
1.5169829233479122,12.898240997324722,0.0,1.823907399391046,73.79812181197478,0.9202716966506881,10.286480087093581,0.0,0.0,positive
1.5185133085696572,12.904149208686043,0.13380208873086227,1.699761556937466,73.68002945563484,0.6265292251044379,10.623189009439228,0.0,0.058293737287631986,positive
1.5207514045401755,13.20389361317685,0.13962960534703214,1.447153501929936,72.73587536186504,0.24447553139530087,11.97677291178911,0.0,0.060832619347579685,positive
1.520170849054155,13.32095978377462,0.0,1.5890032569299652,72.65938368712251,0.4039549537920197,11.879262481913923,0.0,0.0,positive
1.5202885848524212,13.1877775903208,0.09038720207368889,1.6911341823375836,73.1288338567386,0.37777276850148445,11.303851112739874,0.0,0.039379114794284936,positive
1.5201975850725722,13.150002680969113,0.0,1.4775555831998286,72.7125189682335,0.34438749889514925,12.201909333130786,0.0,0.0,positive
1.519253399388987,13.183614763218015,0.0,1.775027711427465,73.20896306948539,0.5764111899910034,11.075919578791991,0.0,0.0,positive
1.5206830235314686,13.09356753787852,0.19357593687404406,1.6123094106400124,73.24166554527766,0.2702458063906711,11.290301235857282,0.0,0.08433549069656616,positive
1.520366373103794,13.32091862319687,0.0,1.4195810067384234,72.36501419807104,0.33288427595960085,12.426138823686042,0.0,0.0,positive
1.5202456673727414,13.337600674065998,0.0,1.5327745644717328,72.53764243709611,0.38161643536798395,12.064376746471009,0.0,0.0,positive
1.520537259846316,13.12838259317576,0.15544283520394717,1.6414388794631471,73.19996891764681,0.3099820875494763,11.295308554086164,0.0,0.06772199062490056,positive
1.5203486810173483,13.360512693352309,0.0,1.4553560571990414,72.37002292758048,0.3508596335384376,12.319251427178502,0.0,0.0,positive
1.5201400162816179,13.223262580992786,0.05152031688552888,1.7208241805479492,73.08633487375835,0.4182736826669543,11.308954785249556,0.0,0.02244592626309157,positive
1.520841915977989,13.055616732051105,0.23514364155592193,1.580556285283059,73.28711773845576,0.22693052575456835,11.284842914444376,0.0,0.10244534891596441,positive
1.5202591563485668,13.340600855987963,0.0,1.5226371076617242,72.51569373777227,0.37758902950412787,12.09775095063302,0.0,0.0,positive
1.5190144891051625,13.15358637878576,0.0,1.7801710645892543,73.27095715347455,0.6125938273568617,10.992851002153499,0.0,0.0,positive
1.5209880596141494,13.0207109270219,0.2733761418547433,1.5513508869097519,73.32892305348489,0.1870906670821382,11.279822544023467,0.0,0.11910215412288294,positive
1.516872606390904,12.886958768447037,0.0,1.8067854932334513,73.79022022544575,0.9330497685332972,10.304916721175761,0.0,0.0,positive
1.5197672877923543,13.248204860741534,0.0,1.7639645227611762,73.07561577137233,0.4985834906223778,11.254597438679028,0.0,0.0,positive
1.5177005603236657,12.88388079259123,0.07503712859466738,1.7573127428413575,73.76838217966424,0.7768346353926857,10.42641773980297,0.0,0.03269152748365775,positive
1.5170646565042483,12.913461653431673,0.0,1.7848075658239835,73.7069561009596,0.9003679865346039,10.423669266319177,0.0,0.0,positive
1.5199219868180835,13.217120904798083,0.0,1.7509928746334196,73.09080977977659,0.46411887183528516,11.333834984230238,0.0,0.0,positive
1.5206618015253266,12.852914512445237,0.2113150563734586,1.5599818233450673,73.51772727058626,0.21866520333414552,11.364431303176367,0.0,0.09206391692384872,positive
1.5211671164696199,12.986167093294696,0.3155552097394237,1.5057327509868528,73.34603561775567,0.13781556829661568,11.318392390777781,0.0,0.13747836577719044,positive
1.5198360922924217,13.000567841557348,0.0,1.7135815547725666,73.33843610804745,0.43218864968906506,11.407601852784898,0.0,0.0,positive
1.5210740285450852,13.000177602269286,0.2958663936648155,1.5341708239137306,73.35351501201902,0.16365488740208767,11.276869313288788,0.0,0.12890051260132304,positive
1.5191328328894684,13.19886966444977,0.0,1.5481285570340768,72.81028963719424,0.5484197966608698,11.702508446746828,0.0,0.0,positive
1.5199172878831329,13.20527418057793,0.0,1.7489462557471709,73.10435639406491,0.46237210118058425,11.33787046512011,0.0,0.0,positive
1.5205152450747457,13.133640730610836,0.14968357135400603,1.6458383195667206,73.19367145246142,0.31598348050169095,11.29606481218209,0.0,0.06521284434009234,positive
1.5181450970373607,13.062562274530832,0.0,1.6611635689865203,73.23852661928775,0.7165059655713208,11.091750429870018,0.0,0.0,positive
1.5199054015976552,13.175307060893562,0.0,1.7437691897521541,73.13862350488404,0.457953522314579,11.348078497025256,0.0,0.0,positive
1.5199233675319923,12.68960718359238,0.05033086636413148,1.6293518297425942,73.69650582006729,0.3406668288591077,11.491265843335652,0.0,0.021927716742831782,positive
1.5198802364777728,12.82865327187789,0.0,1.5865570937982982,73.36588372223214,0.3660154046645077,11.780321894583146,0.0,0.0,positive
1.520349238797563,13.360636753335658,0.0,1.4549368650447745,72.36911533086018,0.3506930970025176,12.320631477895542,0.0,0.0,positive
1.5198287347815147,12.668678811060811,0.02970021173353976,1.6382418247391612,73.7194168805229,0.35630173934584836,11.50752010776438,0.0,0.012939531487169281,positive
1.5210044146963695,13.071381128205392,0.24670126120576508,1.482805942728124,73.1072304534848,0.1795602571107495,11.576070053252465,0.0,0.10748067272838653,positive
1.5203316123176278,13.356716318816849,0.0,1.4681838069451743,72.39779640444516,0.35595583818975085,12.277020328492691,0.0,0.0,positive
1.5208561616278946,12.962575567484812,0.3031997678416368,1.53386274071097,73.42534117950893,0.19325423263252822,11.190407915311203,0.0,0.1320954536650265,positive
1.5208890473373298,13.131804060078647,0.19787881727603135,1.4665491726439457,72.93790026994354,0.20916026949051786,11.758782206963813,0.0,0.08621013243133074,positive
1.5197009996975146,12.659979020292461,0.0,1.6547420392160177,73.72789612305615,0.3819696568899765,11.523620395461911,0.0,0.0,positive
1.5208655585188293,13.144106181682657,0.18793855745069749,1.4632392908447056,72.903424609055,0.21518683822008539,11.795982439786059,0.0,0.08187944596503524,positive
1.5200942988396693,13.303933689829885,0.0,1.6465335322590229,72.78394300598137,0.4268105646766695,11.68986318874672,0.0,0.0,positive
1.5185021850787657,13.089195419951428,0.0,1.7912001441742182,73.4038933265519,0.6901815749894021,10.81472402663061,0.0,0.0,positive
1.5209261895093347,13.035488346501362,0.2571903614611483,1.563715031568959,73.31122471717264,0.20395692480380995,11.281947924589536,0.0,0.11205047324847296,positive
1.5200294862327939,12.979784618822526,0.0,1.5352934391915136,73.05860481483595,0.35584375213289554,11.978595411322543,0.0,0.0,positive
1.5197180359216855,12.702929912702013,0.0,1.6621621585631938,73.67878219400723,0.3883026614454965,11.508989557240248,0.0,0.0,positive
1.5206594788396564,13.252039123190327,0.10072746355702256,1.4341999681868793,72.60095162025695,0.2680610749670454,12.122359521928225,0.0,0.043884070524888866,positive
1.5169386361187602,12.896070860350893,0.0,1.7992291500456274,73.7615927626223,0.9218132785690347,10.345745638698922,0.0,0.0,positive
1.5176980975769385,12.988130500369403,0.0,1.8085108514768682,73.61254348310834,0.8119595329043914,10.535144582831254,0.0,0.0,positive
1.521152899793437,12.99361298842151,0.30953883837071694,1.5037294353350827,73.32516912304308,0.14146316666861253,11.340907940631979,0.0,0.13485720511132313,positive
1.5202902415948192,13.347514753310673,0.0,1.49927541249762,72.46511312051665,0.36830790211124564,12.17466156032437,0.0,0.0,positive
1.5183957243200066,13.075814478202963,0.0,1.7934920726395993,73.43151849661324,0.7063049120270872,10.777707856558747,0.0,0.0,positive
1.5203093312245828,12.94893864337912,0.2636617349878316,1.5725841262742353,73.48478634712755,0.294382187732103,11.058016964895643,0.0,0.11486986532099444,positive
1.51919678259692,13.207694713869788,0.0,1.5408102482669155,72.78256397585848,0.5375372704211818,11.742051201441312,0.0,0.0,positive
1.5199978893312385,13.282490544846738,0.0,1.7189887905705017,72.94081654033177,0.45559556841673554,11.45132835414095,0.0,0.0,positive
1.5211287421758057,12.987109477125134,0.31017997554785126,1.5232368316878573,73.36916619347821,0.1487395385533496,11.27498977408677,0.0,0.13513653021397068,positive
1.5200986968889567,13.30491189218822,0.0,1.6432282379745422,72.77678668346513,0.42549743833417847,11.700744770620084,0.0,0.0,positive
1.519109665646832,13.165549019055709,0.0,1.778122067121722,73.24626008969145,0.5981794696413401,11.025943674931307,0.0,0.0,positive
1.518846014602701,12.912446272811675,0.15785807022983298,1.6762024451787034,73.64386144854849,0.5650003112634455,10.703739153792739,0.0,0.06877423934106278,positive
1.5211766294532487,12.981184727688941,0.3195810201045135,1.50707325482566,73.35999827822806,0.13537480484739628,11.303326277264544,0.0,0.13923229603357393,positive
1.5203884572606414,13.163923477334993,0.11651472960370617,1.671175643292016,73.15740299322687,0.3505467959357298,11.300420265545524,0.0,0.050762130113827506,positive
1.5204391552918346,13.151814461583939,0.12977779424104416,1.6610441299628622,73.17190548694509,0.33672612983790884,11.298678671433827,0.0,0.05654046745468197,positive
1.520776210783621,13.190901498507664,0.15012738773362044,1.450649026137985,72.7722846702736,0.23811094856019446,11.937486217501394,0.0,0.06540620242353175,positive
1.5202369226386891,13.33565569370905,0.0,1.539346550730471,72.551871503918,0.38422735213849907,12.042740667989026,0.0,0.0,positive
1.5208002851417572,13.065560085664572,0.2242526373324091,1.5888758070131843,73.27520897342629,0.23827940604422515,11.286273029530504,0.0,0.09770045034953785,positive
1.5200555685674284,13.006195773495616,0.0,1.526334792700898,73.00490589058833,0.35406619179399557,12.013244957059072,0.0,0.0,positive
1.520217605641574,13.204730682224435,0.07181839695003217,1.7053186941198126,73.10852980280957,0.39712223730578305,11.306289412073316,0.0,0.03128921830693655,positive
1.5183824006030555,12.900884609653941,0.12433691734871483,1.709031227784918,73.69426027742183,0.6507386598550963,10.591495398384726,0.0,0.05417003324708326,positive
1.520725838230418,13.217283807817518,0.12881016963306316,1.4435508744355876,72.6983504678246,0.2510351258215141,12.017263355161544,0.0,0.05611890113067523,positive
1.519513947122968,13.216362736196386,0.0,1.7694185388547448,73.14135435107843,0.536951590244084,11.166511448935603,0.0,0.0,positive
1.5211799657599416,12.967508393314619,0.32427877466686555,1.5113044106112576,73.39227712731874,0.13305581985157458,11.275430630106564,0.0,0.14127897312880497,positive
1.5209448338441065,13.102586226486258,0.22148717254923966,1.4744102212283736,73.019780790658,0.1948470243494374,11.670430762620741,0.0,0.09649561656048883,positive
1.5203770802685823,13.166640824987438,0.11353840532620735,1.6734492255985118,73.1541485324127,0.35364824987288,11.300811091420082,0.0,0.04946543088318763,positive
1.5205208259129976,12.821737249628702,0.180581307701653,1.5732253619923073,73.55185816882752,0.24195672839768553,11.388645487686869,0.0,0.07867410299843199,positive
1.5211897999731123,12.974286750383332,0.3251546673902506,1.5089291533666045,73.3793292793399,0.13199562069807913,11.282467569309036,0.0,0.14166057449836103,positive
1.5195588515213474,13.222006723201245,0.0,1.7684518195671313,73.12970224887485,0.5301508802173712,11.182124608814966,0.0,0.0,positive
1.5200332544180148,13.248762211995427,0.023590445360932022,1.742159510908655,73.05579496481484,0.44737777278876556,11.312622301100362,0.0,0.010277681293410307,positive
1.5205047365266837,13.333084440622242,0.03524188807407269,1.4123947520041624,72.37382893603016,0.3077635906334328,12.367431451361686,0.0,0.015353881126941395,positive
1.5202732499907252,13.343735526178287,0.0,1.5120452220712624,72.49276115059043,0.37338108830785044,12.132621210381771,0.0,0.0,positive
1.521068183799093,13.03798245997251,0.2736877803397276,1.4917918435069648,73.2008274115697,0.16319890286142516,11.475076234933265,0.0,0.11923792608387927,positive
1.5177343049316216,13.005873029513438,0.0,1.7081740024775198,73.41662724331002,0.7864117719921326,10.83774064444564,0.0,0.0,positive
1.5203181427617163,13.353720456220191,0.0,1.4783066689823003,72.41971350449438,0.35997744584652297,12.243694172765213,0.0,0.0,positive
1.5208933383333678,12.904119708838714,0.2617918299731291,1.5382307799206616,73.46167105558709,0.1804114566149273,11.324662190645084,0.0,0.11405520126967947,positive
1.5177427064514917,13.007032437914377,0.0,1.7072125451234044,73.41298472946738,0.7849820584862675,10.842935652406167,0.0,0.0,positive
1.519980689199115,13.27866493746777,0.0,1.7319153165562753,72.96880387852526,0.4607310148635202,11.408772067545597,0.0,0.0,positive
1.5205758938174858,13.119155028427913,0.16554983235483026,1.6337182523568283,73.21102041039745,0.29945017530343754,11.293981388215665,0.0,0.07212531976773275,positive
1.5209342983083862,13.108104147346896,0.21702862720105418,1.4729256264231718,73.004317281637,0.1975501458419212,11.68711633502181,0.0,0.09455315606770155,positive
1.5208583880145452,13.051682454024537,0.2394528756704352,1.5772645073973715,73.2918296690981,0.22244012421747827,11.284277062059202,0.0,0.1043227587812739,positive
1.521191849844476,12.973213143092785,0.3260221547848589,1.5092180070574472,73.38233797345525,0.1314696814874846,11.279221101548954,0.0,0.14203851390694042,positive
1.5200841485854184,13.035136099822486,0.0,1.516518252829975,72.94606467707973,0.35211840961975055,12.051212595093268,0.0,0.0,positive
1.517681138841586,12.985998974607948,0.0,1.8088759457026116,73.61694405242231,0.8145279102953478,10.529248068102936,0.0,0.0,positive
1.5207002227215765,13.230699770170483,0.11796991330265194,1.4399413141466622,72.6607533619381,0.25760734334593466,12.057831717199363,0.0,0.05139611196759526,positive
1.5191965869815018,13.20766771897333,0.0,1.5408326342024523,72.78264878573562,0.5375705589224777,11.741930244320521,0.0,0.0,positive
