@relation glass2
@attribute RI real [1.51115, 1.53393]
@attribute Na real [10.73, 17.38]
@attribute Mg real [0.0, 4.49]
@attribute Al real [0.29, 3.5]
@attribute Si real [69.81, 75.41]
@attribute K real [0.0, 6.21]
@attribute Ca real [5.43, 16.19]
@attribute Ba real [0.0, 3.15]
@attribute Fe real [0.0, 0.51]
@attribute Class {positive, negative}
@data
1.51673,13.3,3.64,1.53,72.53,0.65,8.03,0.0,0.29,negative
1.51775,12.85,3.48,1.23,72.97,0.61,8.56,0.09,0.22,negative
1.51761,12.81,3.54,1.23,73.24,0.58,8.39,0.0,0.0,negative
1.51846,13.41,3.89,1.33,72.38,0.51,8.28,0.0,0.0,negative
1.51811,13.33,3.85,1.25,72.78,0.52,8.12,0.0,0.0,negative
1.5159,13.24,3.34,1.47,73.1,0.39,8.22,0.0,0.0,negative
1.52152,13.05,3.65,0.87,72.22,0.19,9.85,0.0,0.17,negative
1.51735,13.02,3.54,1.69,72.73,0.54,8.44,0.0,0.07,negative
1.51841,13.02,3.62,1.06,72.34,0.64,9.13,0.0,0.15,negative
1.51747,12.84,3.5,1.14,73.27,0.56,8.55,0.0,0.0,negative
1.51593,13.09,3.59,1.52,73.1,0.67,7.83,0.0,0.0,negative
1.51721,12.87,3.48,1.33,73.04,0.56,8.43,0.0,0.0,negative
1.51778,13.21,2.81,1.29,72.98,0.51,9.02,0.0,0.09,negative
1.52475,11.45,0.0,1.88,72.19,0.81,13.24,0.0,0.34,negative
1.51707,13.48,3.48,1.71,72.52,0.62,7.99,0.0,0.0,negative
1.51766,13.21,3.69,1.29,72.61,0.57,8.22,0.0,0.0,negative
1.51753,12.57,3.47,1.38,73.39,0.6,8.55,0.0,0.06,negative
1.51605,12.9,3.44,1.45,73.06,0.44,8.27,0.0,0.0,negative
1.51409,14.25,3.09,2.08,72.28,1.1,7.08,0.0,0.0,negative
1.51784,13.08,3.49,1.28,72.86,0.6,8.49,0.0,0.0,negative
1.51687,13.23,3.54,1.48,72.84,0.56,8.1,0.0,0.0,negative
1.51783,12.69,3.54,1.34,72.95,0.57,8.75,0.0,0.0,negative
1.51755,12.71,3.42,1.2,73.2,0.59,8.64,0.0,0.0,negative
1.52172,13.48,3.74,0.9,72.01,0.18,9.61,0.0,0.07,negative
1.51768,12.65,3.56,1.3,73.08,0.61,8.69,0.0,0.14,negative
1.51683,14.56,0.0,1.98,73.29,0.0,8.52,1.57,0.07,negative
1.51966,14.77,3.75,0.29,72.02,0.03,9.0,0.0,0.0,negative
1.5221,13.73,3.84,0.72,71.76,0.17,9.74,0.0,0.0,negative
1.52222,14.43,0.0,1.0,72.67,0.1,11.52,0.0,0.08,negative
1.52739,11.02,0.0,0.75,73.08,0.0,14.96,0.0,0.0,negative
1.51629,12.71,3.33,1.49,73.28,0.67,8.24,0.0,0.0,negative
1.5164,12.55,3.48,1.87,73.23,0.63,8.08,0.0,0.09,negative
1.518,13.71,3.93,1.54,71.81,0.54,8.21,0.0,0.15,negative
1.52068,13.55,2.09,1.67,72.18,0.53,9.57,0.27,0.17,negative
1.51831,14.39,0.0,1.82,72.86,1.41,6.47,2.88,0.0,negative
1.52213,14.21,3.82,0.47,71.77,0.11,9.57,0.0,0.0,negative
1.51841,12.93,3.74,1.11,72.28,0.64,8.96,0.0,0.22,negative
1.51824,12.87,3.48,1.29,72.95,0.6,8.43,0.0,0.0,negative
1.52227,14.17,3.81,0.78,71.35,0.0,9.69,0.0,0.0,negative
1.52101,13.64,4.49,1.1,71.78,0.06,8.75,0.0,0.0,negative
1.51756,13.15,3.61,1.05,73.24,0.57,8.24,0.0,0.0,negative
1.51625,13.36,3.58,1.49,72.72,0.45,8.21,0.0,0.0,negative
1.51689,12.67,2.88,1.71,73.21,0.73,8.54,0.0,0.0,negative
1.51593,13.25,3.45,1.43,73.17,0.61,7.86,0.0,0.0,negative
1.51645,13.44,3.61,1.54,72.39,0.66,8.03,0.0,0.0,negative
1.51937,13.79,2.41,1.19,72.76,0.0,9.77,0.0,0.0,negative
1.52667,13.99,3.7,0.71,71.57,0.02,9.82,0.0,0.1,negative
1.5159,12.82,3.52,1.9,72.86,0.69,7.97,0.0,0.0,negative
1.51994,13.27,0.0,1.76,73.03,0.47,11.32,0.0,0.0,negative
1.51797,12.74,3.48,1.35,72.96,0.64,8.68,0.0,0.0,negative
1.52081,13.78,2.28,1.43,71.99,0.49,9.85,0.0,0.17,negative
1.5202,13.98,1.35,1.63,71.76,0.39,10.56,0.0,0.18,negative
1.51848,13.64,3.87,1.27,71.96,0.54,8.32,0.0,0.32,negative
1.53125,10.73,0.0,2.1,69.81,0.58,13.3,3.15,0.28,negative
1.51613,13.92,3.52,1.25,72.88,0.37,7.94,0.0,0.14,negative
1.51655,12.75,2.85,1.44,73.27,0.57,8.79,0.11,0.22,negative
1.51508,15.15,0.0,2.25,73.5,0.0,8.34,0.63,0.0,negative
1.51847,13.1,3.97,1.19,72.44,0.6,8.43,0.0,0.0,negative
1.51751,12.81,3.57,1.35,73.02,0.62,8.59,0.0,0.0,negative
1.5159,13.02,3.58,1.51,73.12,0.69,7.96,0.0,0.0,negative
1.51571,12.72,3.46,1.56,73.2,0.67,8.09,0.0,0.24,negative
1.51299,14.4,1.74,1.54,74.55,0.0,7.59,0.0,0.0,negative
1.51872,12.93,3.66,1.56,72.51,0.58,8.55,0.0,0.12,negative
1.51666,12.86,0.0,1.83,73.88,0.97,10.17,0.0,0.0,negative
1.51818,13.72,0.0,0.56,74.45,0.0,10.99,0.0,0.0,negative
1.51321,13.0,0.0,3.02,70.7,6.21,6.93,0.0,0.0,negative
1.51808,13.43,2.87,1.19,72.84,0.55,9.03,0.0,0.0,negative
1.51545,14.14,0.0,2.68,73.39,0.08,9.07,0.61,0.05,negative
1.51977,13.81,3.58,1.32,71.72,0.12,8.67,0.69,0.0,negative
1.51743,13.3,3.6,1.14,73.09,0.58,8.17,0.0,0.0,negative
1.51618,13.01,3.5,1.48,72.89,0.6,8.12,0.0,0.0,negative
1.51926,13.2,3.33,1.28,72.36,0.6,9.14,0.0,0.11,negative
1.51844,13.25,3.76,1.32,72.4,0.58,8.42,0.0,0.0,negative
1.51531,14.38,0.0,2.66,73.1,0.04,9.08,0.64,0.0,negative
1.51769,13.65,3.66,1.11,72.77,0.11,8.6,0.0,0.0,positive
1.51776,13.53,3.41,1.52,72.04,0.58,8.79,0.0,0.0,positive
1.51623,14.2,0.0,2.79,73.46,0.04,9.04,0.4,0.09,negative
1.51763,12.8,3.66,1.27,73.01,0.6,8.56,0.0,0.0,negative
1.5166,12.99,3.18,1.23,72.97,0.58,8.81,0.0,0.24,negative
1.52152,13.05,3.65,0.87,72.32,0.19,9.85,0.0,0.17,negative
1.51732,14.95,0.0,1.8,72.99,0.0,8.61,1.55,0.0,negative
1.51651,14.38,0.0,1.94,73.61,0.0,8.48,1.57,0.0,negative
1.52119,12.97,0.33,1.51,73.39,0.13,11.27,0.0,0.28,negative
1.51892,13.46,3.83,1.26,72.55,0.57,8.21,0.0,0.14,negative
1.51754,13.39,3.66,1.19,72.79,0.57,8.27,0.0,0.11,negative
1.52171,11.56,1.88,1.56,72.86,0.47,11.41,0.0,0.0,negative
1.51754,13.48,3.74,1.17,72.99,0.59,8.03,0.0,0.0,negative
1.52223,13.21,3.77,0.79,71.99,0.13,10.02,0.0,0.0,negative
1.5161,13.33,3.53,1.34,72.67,0.56,8.33,0.0,0.0,positive
1.51514,14.01,2.68,3.5,69.89,1.68,5.87,2.2,0.0,negative
1.51779,13.64,3.65,0.65,73.0,0.06,8.93,0.0,0.0,positive
1.5161,13.42,3.4,1.22,72.69,0.59,8.32,0.0,0.0,positive
1.52315,13.44,3.34,1.23,72.38,0.6,8.83,0.0,0.0,negative
1.52043,13.38,0.0,1.4,72.25,0.33,12.5,0.0,0.0,negative
1.51911,13.9,3.73,1.18,72.12,0.06,8.89,0.0,0.0,negative
1.51806,13.0,3.8,1.08,73.07,0.56,8.38,0.0,0.12,negative
1.52177,13.2,3.68,1.15,72.75,0.54,8.52,0.0,0.0,negative
1.51556,13.87,0.0,2.54,73.23,0.14,9.41,0.81,0.01,negative
1.51645,14.94,0.0,1.87,73.11,0.0,8.67,1.38,0.0,negative
1.51916,14.15,0.0,2.09,72.74,0.0,10.88,0.0,0.0,negative
1.51829,14.46,2.24,1.62,72.38,0.0,9.26,0.0,0.0,negative
1.52121,14.03,3.76,0.58,71.79,0.11,9.65,0.0,0.0,positive
1.51617,14.95,0.0,2.27,73.3,0.0,8.71,0.67,0.0,negative
1.5169,13.33,3.54,1.61,72.54,0.68,8.11,0.0,0.0,negative
1.519,13.49,3.48,1.35,71.95,0.55,9.0,0.0,0.0,negative
1.52099,13.69,3.59,1.12,71.96,0.09,9.4,0.0,0.0,negative
1.51837,13.14,2.84,1.28,72.85,0.55,9.07,0.0,0.0,negative
1.51888,14.99,0.78,1.74,72.5,0.0,9.95,0.0,0.0,negative
1.51743,12.2,3.25,1.16,73.55,0.62,8.9,0.0,0.24,negative
1.51969,12.64,0.0,1.65,73.75,0.38,11.53,0.0,0.0,negative
1.51708,13.72,3.68,1.81,72.06,0.64,7.88,0.0,0.0,negative
1.51602,14.85,0.0,2.38,73.28,0.0,8.76,0.64,0.09,negative
1.5186,13.36,3.43,1.43,72.26,0.51,8.6,0.0,0.0,negative
1.51694,12.86,3.58,1.31,72.61,0.61,8.79,0.0,0.0,positive
1.51709,13.0,3.47,1.79,72.72,0.66,8.18,0.0,0.0,negative
1.51838,14.32,3.26,2.22,71.25,1.46,5.79,1.63,0.0,negative
1.523,13.31,3.58,0.82,71.99,0.12,10.17,0.0,0.03,negative
1.51779,13.21,3.39,1.33,72.76,0.59,8.59,0.0,0.0,negative
1.51653,11.95,0.0,1.19,75.18,2.7,8.93,0.0,0.0,negative
1.51764,12.98,3.54,1.21,73.0,0.65,8.53,0.0,0.0,negative
1.51793,13.21,3.48,1.41,72.64,0.59,8.43,0.0,0.0,negative
1.51909,13.89,3.53,1.32,71.81,0.51,8.78,0.11,0.0,negative
1.51727,14.7,0.0,2.34,73.28,0.0,8.95,0.66,0.0,negative
1.51658,14.8,0.0,1.99,73.11,0.0,8.28,1.71,0.0,negative
1.52058,12.85,1.61,2.17,72.18,0.76,9.7,0.24,0.51,negative
1.51645,13.4,3.49,1.52,72.65,0.67,8.08,0.0,0.1,negative
1.51655,13.41,3.39,1.28,72.64,0.52,8.65,0.0,0.0,positive
1.51662,12.85,3.51,1.44,73.01,0.68,8.23,0.06,0.25,negative
1.52127,14.32,3.9,0.83,71.5,0.0,9.49,0.0,0.0,positive
1.51514,14.85,0.0,2.42,73.72,0.0,8.39,0.56,0.0,negative
1.51786,12.73,3.43,1.19,72.95,0.62,8.76,0.0,0.3,negative
1.51316,13.02,0.0,3.04,70.48,6.21,6.96,0.0,0.0,negative
1.52151,11.03,1.71,1.56,73.44,0.58,11.62,0.0,0.0,negative
1.51652,13.56,3.57,1.47,72.45,0.64,7.96,0.0,0.0,negative
1.52211,14.19,3.78,0.91,71.36,0.23,9.14,0.0,0.37,positive
1.52664,11.23,0.0,0.77,73.21,0.0,14.68,0.0,0.0,negative
1.51905,13.6,3.62,1.11,72.64,0.14,8.76,0.0,0.0,negative
1.51574,14.86,3.67,1.74,71.87,0.16,7.36,0.0,0.12,negative
1.51784,12.68,3.67,1.16,73.11,0.61,8.7,0.0,0.0,negative
1.5172,13.38,3.5,1.15,72.85,0.5,8.43,0.0,0.0,negative
1.52213,14.21,3.82,0.47,71.77,0.11,9.57,0.0,0.0,negative
1.51665,13.14,3.45,1.76,72.48,0.6,8.38,0.0,0.17,positive
1.5232,13.72,3.72,0.51,71.75,0.09,10.06,0.0,0.16,negative
1.51618,13.53,3.55,1.54,72.99,0.39,7.78,0.0,0.0,negative
1.51131,13.69,3.2,1.81,72.81,1.76,5.43,1.19,0.0,negative
1.51755,13.0,3.6,1.36,72.99,0.57,8.4,0.0,0.11,negative
1.52177,13.75,1.01,1.36,72.19,0.33,11.14,0.0,0.0,negative
1.5182,12.62,2.76,0.83,73.81,0.35,9.42,0.0,0.2,negative
1.52247,14.86,2.2,2.06,70.26,0.76,9.76,0.0,0.0,negative
1.51623,14.14,0.0,2.88,72.61,0.08,9.18,1.06,0.0,negative
1.51596,12.79,3.61,1.62,72.97,0.64,8.07,0.0,0.26,negative
1.51594,13.09,3.52,1.55,72.87,0.68,8.05,0.0,0.09,negative
1.52725,13.8,3.15,0.66,70.57,0.08,11.64,0.0,0.0,negative
1.5241,13.83,2.9,1.17,71.15,0.08,10.79,0.0,0.0,negative
1.51609,15.01,0.0,2.51,73.05,0.05,8.83,0.53,0.0,negative
1.51852,14.09,2.19,1.66,72.67,0.0,9.32,0.0,0.0,negative
1.51646,13.04,3.4,1.26,73.01,0.52,8.58,0.0,0.0,positive
1.51769,12.45,2.71,1.29,73.7,0.56,9.06,0.0,0.24,negative
1.51589,12.88,3.43,1.4,73.28,0.69,8.05,0.0,0.24,negative
1.51905,14.0,2.39,1.56,72.37,0.0,9.57,0.0,0.0,negative
1.51898,13.58,3.35,1.23,72.08,0.59,8.91,0.0,0.0,negative
1.51763,12.61,3.59,1.31,73.29,0.58,8.5,0.0,0.0,negative
1.51768,12.56,3.52,1.43,73.15,0.57,8.54,0.0,0.0,negative
1.51663,12.93,3.54,1.62,72.96,0.64,8.03,0.0,0.21,negative
1.52065,14.36,0.0,2.02,73.42,0.0,8.44,1.64,0.0,negative
1.51596,13.02,3.56,1.54,73.11,0.72,7.9,0.0,0.0,negative
1.51674,12.87,3.56,1.64,73.14,0.65,7.99,0.0,0.0,negative
1.51934,13.64,3.54,0.75,72.65,0.16,8.89,0.15,0.24,positive
1.51851,13.2,3.63,1.07,72.83,0.57,8.41,0.09,0.17,negative
1.51631,13.34,3.57,1.57,72.87,0.61,7.89,0.0,0.0,negative
1.51711,12.89,3.62,1.57,72.96,0.61,8.11,0.0,0.0,negative
1.5215427165078157,14.077362483501314,3.730849083709664,0.8772327224731096,71.62418617506056,0.21566431608198544,9.088801128864235,0.030719322681459757,0.34337658700940155,positive
1.5164911807743828,13.16818762801841,3.396535469513016,1.266929060973968,72.8818123719816,0.52,8.604251713408889,0.0,0.0,positive
1.5183240936957678,13.309830451124583,3.556931771737201,0.9870448043208127,72.6330682282628,0.3504824320435101,8.847670570656998,0.08650585598549664,0.13840936957679462,positive
1.516466754820724,13.233288454904145,3.433341347338546,1.580086551256294,72.5499663411781,0.5966682694677091,8.360009616806256,0.0,0.11336058095105558,positive
1.5162031020335018,13.348329250400324,3.4979238117994313,1.3262530621997564,72.66312653109988,0.5508353747998376,8.4033170016013,0.0,0.0,positive
1.5166192989759497,13.434513001448995,3.572458406838654,1.264881280208535,72.70266031295282,0.413028591712351,8.41818284497259,0.0,0.0,positive
1.5177251769735294,13.646482302647055,3.6564823026470537,0.9481859217644705,72.85090703911776,0.09241151323526853,8.716084012647228,0.0,0.0,positive
1.5180911802685126,13.67834471011157,3.65906329511728,0.6681265902345601,72.88566304621277,0.0718520013072124,8.944640707497145,0.0,0.025795532256874032,positive
1.5162046575706416,13.348605790336281,3.497439866911509,1.3260456572477899,72.6630228286239,0.5506971048318599,8.404423161345122,0.0,0.0,positive
1.5178698074953856,13.162187436000357,3.564503208410238,1.0930449177433332,72.62549679158977,0.4356610946151783,8.828741978974405,0.0581129684616072,0.09298074953857152,positive
1.516299208759931,13.209724086739516,3.4,1.2421343066589983,72.86707445327198,0.5512649633467532,8.463872993283488,0.0,0.0,positive
1.516435761704632,13.38969096971236,3.4255408030033707,1.2952317727157303,72.64761588635787,0.5301545151438203,8.568763878849438,0.0,0.0,positive
1.5174739401545068,13.604513716738259,3.6088279313305405,1.142219450643734,72.74536159656655,0.18770573390547562,8.609476309012862,0.0,0.0,positive
1.5167402010147473,13.44527922047729,3.4298808579308497,1.1833656134752495,72.69521964944272,0.4494415590454202,8.692948616233222,0.0,0.0,positive
1.5204495112297836,13.860300063675451,3.63613093687656,0.8140872912510401,72.13329621428849,0.18803818992233004,8.990136392579752,0.08991816445214991,0.29207092414147007,positive
1.5164950568679987,13.400232332088649,3.407093418844865,1.2873257509335136,72.64366287546676,0.5248838339556758,8.610929328354594,0.0,0.0,positive
1.5183728412780055,13.645861568012087,3.6103388161450454,0.9610164484351353,72.72033881614504,0.13069215993956454,8.720014527649475,0.0620764798186936,0.09932236770990976,positive
1.516308258902359,13.415372024392019,3.3953720243920187,1.2477678536478882,72.6668601219601,0.5576041707441304,8.472723195063386,0.0,0.0,positive
1.5162228734053511,13.287552823605974,3.5121275046761995,1.4338306004499528,72.62755282360598,0.5689362476619003,8.341170309577375,0.0,0.03797905256307615,positive
1.5177155823130712,13.64744176869287,3.65744176869287,0.9923213598720239,72.82883932006399,0.09720884346435041,8.684421633135287,0.0,0.0,positive
1.5179791346174127,13.64,3.636577543280388,0.6622022333814653,72.95729218316487,0.07220223338146532,8.925119106647413,0.018303350072197983,0.02928536011551677,positive
1.5215847353001917,14.271290965446514,3.855037814258321,0.8599747904944526,71.4475441166347,0.0861775226715511,9.35886029158677,0.0,0.13863340603684304,positive
1.5165104777889225,13.247519798903125,3.394391356786402,1.271217286427196,72.80248020109687,0.52,8.619260502495186,0.0,0.0,positive
1.518321993080176,13.646169738908025,3.614036866896294,0.972110600688882,72.7240368668963,0.12915130545987752,8.711077571667289,0.05745391637963254,0.09192626620741207,positive
1.5161987652680269,13.41780521626607,3.397805216266069,1.2331687024035847,72.67902608133035,0.5746365138624846,8.392427863219716,0.0,0.0,positive
1.5161196412505156,13.33349177786943,3.523889388728499,1.3373811665979283,72.66869058329897,0.5582541110652856,8.343967111477717,0.0,0.0,positive
1.5174286157631394,13.597394367424283,3.6386289617661145,1.1478102984137974,72.75356073982009,0.18397667080960345,8.555613997514238,0.0,0.0,positive
1.5177744546191254,13.641554538087457,3.651554538087456,0.7215087520229702,72.96424562398852,0.06777269043727935,8.878700243113956,0.0,0.0,positive
1.5213022384897483,14.046397953733038,3.7620497442166294,0.6138207795743914,71.74593049934246,0.1222984652997787,9.597731522475941,0.0,0.03792026800765097,positive
1.5165436918760926,13.384066601713972,3.3907009026563792,1.2785981946872418,72.66593339828603,0.52,8.645093681405346,0.0,0.0,positive
1.5187282961409505,13.441196245808916,3.5501950643174918,0.8927309004448812,72.6398049356825,0.2746944735717795,8.864512339206271,0.11176850880940682,0.1788296140950509,positive
1.5161,13.384049246266324,3.4519288665041983,1.2679343383115675,72.68201094361474,0.5780164154221081,8.32399452819263,0.0,0.0,positive
1.516587487337195,13.161595283514512,3.4590927509534786,1.7122630574942383,72.50159528351452,0.5954536245232608,8.374317030654076,0.0,0.15067790422385838,positive
1.5174797654962617,13.605740104476151,3.6102076175356697,1.1413507593293932,72.74602588992458,0.18561065485324235,8.609220811567468,0.0,0.0,positive
1.5177120991499513,13.647790085004866,3.6577900850048652,1.0083439102237888,72.8208280448881,0.09895042502432486,8.672927194839456,0.0,0.0,positive
1.5213439786977736,14.308550915820753,3.8894316146037715,0.8370455902641522,71.48767021703773,0.020256072009437492,9.459175542594334,0.0,0.0325858549717038,positive
1.5161501159175133,13.41888631294415,3.39888631294415,1.226682122335102,72.68443156472074,0.5822041906090474,8.356751672843062,0.0,0.0,positive
1.5176318477206718,13.084850509218358,3.568469204655469,1.1485688651765642,72.62153079534453,0.4802785523740247,8.818826988361327,0.043240482541991726,0.06918477206718676,positive
1.5161,13.33290881247822,3.5257983819759042,1.3361215833623734,72.67064640277295,0.5609696041594067,8.329676798613532,0.0,0.0,positive
1.5161,13.350385074662526,3.50055489215413,1.3128199004499663,72.67453001659167,0.5667950248875084,8.327734991704164,0.0,0.0,positive
1.5175681525700162,13.6254772467957,3.6500376315107532,1.1276257288655906,72.76233663962365,0.1444851216935468,8.579308926983872,0.0,0.0,positive
1.5180764470810608,13.64,3.6296714974731006,0.6684804568426356,72.93531840105078,0.07848045684263558,8.922607817262946,0.027720685263953375,0.0443530964223254,positive
1.51780772901154,13.64225716582105,3.650533511921339,0.6510670238426781,72.99326954191541,0.06069766943559721,8.930861826949855,0.0,0.0015184570068880743,positive
1.5164752485822626,13.102688615968706,3.398305713081927,1.2633885738361463,72.9473113840313,0.52,8.591860008426512,0.0,0.0,positive
1.5191660883918479,13.64,3.5523421141269176,0.7387798962482568,72.6892703631311,0.14877989624825683,8.894488041500697,0.13316984437238524,0.21307175099581638,positive
1.5163904880869912,13.113373685953688,3.4,1.252276454110138,72.94821163288111,0.5335162053072585,8.529796951715896,0.0,0.0,positive
1.5161,13.397893654973357,3.4319313872607062,1.2494751267021904,72.68508747888296,0.5826312183244524,8.322456260558516,0.0,0.0,positive
1.5172653131454819,13.560592241154081,3.5594162712983413,1.1733304958491928,72.72157079729179,0.26273825469511175,8.618626616426234,0.0,0.0,positive
1.5175855102268796,13.6020704453083,3.6071231120876437,0.7538939976337866,72.94063200135213,0.13585910938339976,8.88382488994054,0.0,0.0,positive
1.5218845496249445,14.149919933323464,3.774989991665433,0.8273348624796463,71.46771517919319,0.19993994999259868,9.267755212531457,0.0,0.2773148458105125,positive
1.5164733135735375,13.09473358009862,3.3985207140513887,1.2629585718972227,72.95526641990139,0.52,8.59035500164028,0.0,0.0,positive
1.5192896944976275,13.640304881832561,3.5436585819907185,0.760975745972155,72.65365858199073,0.1584755908372007,8.881158426855764,0.14542677251160205,0.2326828360185633,positive
1.5164485544721245,13.052081390535177,3.4,1.2587282746805075,72.99982619744407,0.5222255193091119,8.5717337854233,0.0,0.0,positive
1.5161498567183298,13.338863416591973,3.514489020964048,1.3333524375560208,72.66667621877801,0.5555682917040138,8.36545366636789,0.0,0.0,positive
1.5173978431922044,13.588493303621956,3.5908049665747,1.1535672432677817,72.73668387279523,0.2150739396458261,8.612813895078759,0.0,0.0,positive
1.5190199323085354,13.64,3.5627144813297393,0.7293504715184187,72.72227334968554,0.13935047151841864,8.898259811392633,0.11902570727762796,0.19044113164420473,positive
1.5182116374204289,13.693680690100889,3.662688163114755,0.675376326229511,72.83993394224463,0.07659221330391106,8.950496263493067,0.0,0.03611246424968878,positive
1.5162836987519568,13.362657555903436,3.4728492771689883,1.3155068330724236,72.65775341653621,0.5436712220482824,8.460630223613741,0.0,0.0,positive
1.5181514635295537,13.542020290966784,3.476100189760946,0.9757793295113252,72.64574001265073,0.3133595445737303,8.787760303617514,0.08610018976094572,0.13776030361751312,positive
1.5163618691830456,13.286684779540472,3.423806289367773,1.4771079251719483,72.59001358465535,0.5947612578735546,8.348567547241329,0.0,0.08094138385042816,positive
1.5161,13.39518123017167,3.4358493341964778,1.2530916931044411,72.68448471781592,0.5817270767238897,8.322757641092037,0.0,0.0,positive
1.5181967406034016,13.646928844827869,3.6231461379344223,0.9994384138032661,72.73314613793443,0.1253557758606575,8.689063499991814,0.04606732758197248,0.07370772413115598,positive
1.5176112892280749,13.476006585762917,3.6352826423120566,0.7887636582006083,72.91800329288147,0.17563638183384028,8.900565284624113,0.0,0.0,positive
1.5217660911217445,14.24322399306335,3.8291298397507845,0.8772467734994769,71.41731814637592,0.13583447381099592,9.28329536593979,0.0,0.21851632743508037,positive
1.5165431987754356,13.382039410123745,3.3907556916182773,1.2784886167634457,72.66796058987626,0.52,8.64471015867206,0.0,0.0,positive
1.517575254881164,13.494519219594178,3.4451212301701157,1.085238320065592,72.64367474867801,0.3877090475917228,8.738193968272185,0.0551212301701155,0.08819396827218479,positive
1.5161,13.372681926864432,3.4683483278624854,1.2830907641807558,72.67948487263654,0.574227308954811,8.32525756368173,0.0,0.0,positive
1.5161,13.343692270660641,3.510222275712407,1.321743639119145,72.67304272681348,0.5645640902202138,8.328478636593262,0.0,0.0,positive
1.5177057184357585,13.648428156424155,3.6584281564241534,1.0376951955110496,72.80615240224448,0.10214078212076626,8.651870838002942,0.0,0.0,positive
1.5182280231735312,13.64,3.618914484459076,0.678259559582658,72.9010915414607,0.08825955958265798,8.918696176166936,0.042389339373986964,0.06782294299837914,positive
1.5218250067577996,14.234106097007187,3.820713320314327,0.8828577864571152,71.40749887370005,0.15196613606420634,9.25874718425012,0.0,0.24446726236415797,positive
1.516892526028788,13.44396952351615,3.395661587252692,1.3479390470323005,72.47015238241926,0.5369847617580751,8.689631110768842,0.0,0.0,positive
1.519082775482426,13.64,3.558254643182653,0.7334048698339516,72.70808295558118,0.14340486983395165,8.89663805206642,0.12510730475092743,0.2001716876014839,positive
1.5164399013752825,13.061215214979514,3.4,1.2577668194758405,72.99213455580673,0.523908065917279,8.565484326592964,0.0,0.0,positive
1.516119292384509,13.314458912478885,3.523033305593983,1.3357128034424512,72.68822058536958,0.5578564017212256,8.34339748924234,0.0,0.0,positive
1.5168109827824325,13.464943743670013,3.451811711628765,1.2410815149004075,72.66976119448792,0.4261377712303944,8.638553386735413,0.0,0.0,positive
1.517030885686171,12.943400982604018,3.5874847035670276,1.239429937796599,72.65170049130201,0.5511916148304992,8.804969407134054,0.0,0.0,positive
1.5220342403075873,14.176531610237742,3.7783164512797174,0.882221446115342,71.39619629748607,0.2198987076783062,9.182930492367198,0.0,0.33885434867477743,positive
1.5165180234770528,13.278540961217255,3.393552946994128,1.2728941060117436,72.77145903878275,0.52,8.625129371041103,0.0,0.0,positive
1.5166539731056137,13.418571259602565,3.395589951914716,1.2602488365680036,72.64037266346098,0.5065841154046817,8.658943923063546,0.0055899519147159515,0.008943923063545522,positive
1.516292132127106,13.415730397175423,3.395730397175423,1.2456176169474622,72.66865198587712,0.5601127802279608,8.460896893211041,0.0,0.0,positive
1.5161,13.33876018113362,3.5173464050292154,1.328319758488507,72.67194670691859,0.5629200603778733,8.32902664654071,0.0,0.0,positive
1.5171448867678332,13.540291676545069,3.615430993596434,1.1888528574832327,72.73571614892033,0.2642773298584986,8.5074336020849,0.0,0.0,positive
1.5177797070329366,13.641029296706325,3.6510292967063247,0.6973476484909419,72.97632617575452,0.06514648353162411,8.89603320869128,0.0,0.0,positive
1.5216536049667064,14.260632564676387,3.8451992904705103,0.8665338063529929,71.43606583888226,0.1050346932648546,9.330164597205657,0.0,0.16896885438259215,positive
1.5172828063385728,13.482675008784076,3.402112501464013,1.425350017568152,72.27662495607963,0.556337504392038,8.734787510248088,0.0,0.0,positive
1.519091898140838,13.641503647631286,3.558043771575422,0.8041313147262648,72.66804377157543,0.15248176184357434,8.846394218692732,0.127445285530723,0.20391245684915682,positive
1.516480900052281,13.411535554393756,3.391535554393756,1.2707866736374656,72.64767777196877,0.5307488807562901,8.599326705006062,0.0,0.0,positive
1.5165083529099332,13.188932631114001,3.470603213100632,1.6518331312216838,72.528932631114,0.5896983934496842,8.367122991812106,0.0,0.12621817216115777,positive
1.5167221062142608,13.4462328872128,3.4307619981144004,1.2543350382242666,72.65962614724026,0.45810215101146656,8.642451481830667,0.0,0.0,positive
1.5176990612965595,13.649093870344036,3.659093870344036,1.0683180358256452,72.79084098208718,0.10546935172017882,8.629902278646819,0.0,0.0,positive
1.5200251158021174,13.776033823525122,3.599360213901871,0.7895734759345809,72.33093885027745,0.17731339572137916,8.951833556147783,0.11289986631133038,0.272153449196847,positive
1.516184517448613,13.345025324197858,3.5037056826537483,1.3287310068516065,72.6643655034258,0.552487337901071,8.390101296791432,0.0,0.0,positive
1.5191308565526989,13.622758783914259,3.5287557286397337,0.7897297588062742,72.64925038190933,0.18698625126463908,8.872009165823574,0.1387557286397337,0.22200916582357394,positive
1.5164320418265913,13.25096052464445,3.4301856205992056,1.5460047024714187,72.56322039348333,0.5960371241198411,8.356222744719046,0.0,0.10263111003729851,positive
1.5166313439475096,13.146444818133071,3.452713607634977,1.7457535599163698,72.48644481813308,0.5986431961825114,8.37830399522814,0.0,0.16423358377567354,positive
1.5170116829067535,13.5134833523026,3.6045401118729314,1.2081213405325064,72.72733854759456,0.3019765358244688,8.484814078505318,0.0,0.0,positive
1.518850035533493,13.64,3.5747716718166096,0.7183893892576276,72.76063713759831,0.1283893892576276,8.90264424429695,0.10258408388644141,0.16413453421830626,positive
1.5202124210870487,13.948410092101104,3.722896930860261,0.7957938617205222,72.08037717991671,0.15532675574034147,9.047756580620423,0.0,0.2074758801407432,positive
1.516453100230825,13.412153328203889,3.3921533282038885,1.2670800307766694,72.65076664101944,0.5350732974272191,8.578940169271682,0.0,0.0,positive
1.5184527678941369,13.645377164277958,3.6045259713354967,0.9435779140064898,72.71452597133549,0.13311417861020974,8.734062235939216,0.06934253583062927,0.11094805732900684,positive
1.5165041417321474,13.411019072618947,3.3910190726189477,1.2738855642863147,72.64509536309474,0.527133508332633,8.616370603574731,0.0,0.0,positive
1.516349367889433,13.12912031129004,3.4399504843713973,1.2845849134593215,72.90551411779789,0.5322924567296607,8.50317214543962,0.0,0.0,positive
1.5162167007286638,13.353486939102151,3.5395415690102485,1.3231187625203291,72.67733966846943,0.5269714918876002,8.34981710486744,0.0,0.0,positive
1.5172082777718021,13.106184308241897,3.6020934635601702,1.1016902007183944,72.73309215412095,0.4364085005986621,8.83418692712034,0.0,0.0,positive
1.5218697137680737,14.159408002879745,3.7727691643170305,0.8955383286340617,71.4512197732313,0.22054429179919421,9.128319419281357,0.0,0.34941992921001086,positive
1.5164265661559193,13.412742974312907,3.3927429743129065,1.2635421541225602,72.65371487156453,0.5392008201903465,8.55948184767408,0.0,0.0,positive
1.5182078989757144,13.272067167107231,3.5588683504047576,1.0141569056666042,72.63113164959525,0.3722689420535211,8.842829123988107,0.07924368598215963,0.1267898975714554,positive
1.5162075740481333,13.365235030041166,3.4097794589212205,1.3256181563491807,72.64892627253087,0.591955891784244,8.331735350705465,0.0,0.03325016033214948,positive
1.5162172969018832,13.23551082903844,3.487642785431025,1.3139340218037077,72.78078040733425,0.5469670109018538,8.411456181863414,0.0,0.0,positive
1.5175593870194992,13.622502530420896,3.629065346723508,1.129477374285199,72.75510553731131,0.15697484386430324,8.605728639495647,0.0,0.0,positive
1.5178731819199465,13.64,3.644096766971546,0.6553665754804128,72.98121698581856,0.0653665754804127,8.927853369807835,0.008049863220619057,0.012879781152990492,positive
1.5215432517804333,14.277711033980559,3.8609640313666693,0.8560239790888869,71.45445803659445,0.07481893988054997,9.37614509148612,0.0,0.12036090328610213,positive
1.5168574185955435,13.440487794599358,3.395081299099893,1.340975589198715,72.48756102700321,0.5352438972996788,8.68556909369925,0.0,0.0,positive
1.5178936983736804,13.52077083367258,3.462241848047335,1.0247454702327503,72.64481612320316,0.3466195646863963,8.765586956875737,0.07224184804733484,0.11558695687573575,positive
1.5166362588432667,13.146995497973386,3.4487508039333243,1.7465086824799014,72.48524662348004,0.5997501607866648,8.37850096471999,0.0,0.16575273337330232,positive
1.5161,13.36199293914737,3.4837879767871316,1.2973427478035064,72.67710954203275,0.5706643130491235,8.326445228983626,0.0,0.0,positive
1.5177504058351157,13.643959416488423,3.6539594164884233,0.8321331584674629,72.90893342076626,0.07979708244211553,8.799339255882037,0.0,0.0,positive
1.5172220469817566,13.534653875648374,3.5309130768199,0.9385567753979343,72.83511041405832,0.27069224870325354,8.801752544267584,0.0,0.0,positive
1.5204085406806949,13.852165117105471,3.63258114200966,0.8117207613397736,72.15237636169807,0.18700283308615093,8.986438689593397,0.09213678624396231,0.290148118588566,positive
1.5164078795704292,13.41315823176824,3.39315823176824,1.2610506093905622,72.6557911588412,0.5421076223776775,8.545778351648092,0.0,0.0,positive
1.5185118052242332,13.645019362277374,3.600232347328492,0.9306970419854751,72.71023234732849,0.13490318861312847,8.744438493956146,0.07470956583938539,0.11953530534301662,positive
1.5161,13.400279904428402,3.428484582492309,1.2462934607621317,72.68561775653964,0.5834266348094671,8.322191121730178,0.0,0.0,positive
1.5163792961137172,13.379652642438609,3.4431078757324345,1.3027605181710433,72.65138025908553,0.5351736787806957,8.528610569754436,0.0,0.0,positive
1.5172419919657636,13.555682519108109,3.5538928339966227,1.1768082156317563,72.71891136451688,0.2711256965236474,8.61964947518581,0.0,0.0,positive
1.5176788026334391,13.53796006362644,3.640842569812629,0.7363414846237831,72.94898003181322,0.13195123718648594,8.911685139625257,0.0,0.0,positive
1.52210041369619,14.188295768211546,3.779786971026443,0.906485021936314,71.36458012293147,0.22872182615865963,9.145432238825697,0.0,0.36605896398920046,positive
1.5162459171747045,13.35594083105855,3.484603545647538,1.3205443767060878,72.66027218835305,0.5470295844707252,8.4337633242342,0.0,0.0,positive
1.518803085309041,13.64,3.5781036232293464,0.7153603425187762,72.77123880118428,0.12536034251877617,8.90385586299249,0.09804051377816425,0.1568648220450628,positive
1.5163020774065177,13.415509390966276,3.395509390966277,1.2469436542023395,72.66754695483138,0.5585657367639373,8.468190098112867,0.0,0.0,positive
1.5165464093734193,13.409361666385637,3.3911170838251365,1.2804787502107726,72.64023937510538,0.5203191668071818,8.647446665542546,0.0,0.0,positive
1.517503761071768,13.612517951550808,3.644772917817516,1.136940222322857,72.75828685985962,0.16270913063167686,8.568374521620994,0.0,0.0,positive
1.5192284425349805,13.64,3.5479169813884814,0.7428027441922898,72.675190395327,0.15280274419228973,8.892878902323085,0.13920411628843457,0.22272658606149529,positive
1.5218121691125936,14.130863903222565,3.7541951577698462,0.8927967718465643,71.49870102698708,0.22247358768287187,9.113119956010257,0.016128026393846,0.35602237712533347,positive
1.5162394174174791,13.354785318662943,3.486625692339851,1.3214110110027935,72.6607055055014,0.5476073406685289,8.42914127465177,0.0,0.0,positive
1.5189439987577122,13.511299596256483,3.546600020704796,0.8424002898671401,72.64339997929521,0.2342502329289519,8.873499948238011,0.12524992235701604,0.20039987577122564,positive
1.5163573697886545,13.148331889753434,3.4,1.2485966431838489,72.9187731454708,0.5399558744282643,8.505878180695019,0.0,0.0,positive
1.5164528120798786,13.392722147533979,3.4202362418155374,1.292958389349516,72.64647919467475,0.5286389262330108,8.580888590135915,0.0,0.0,positive
1.518022135279447,13.647987058912443,3.6358447069493107,1.0375341208479316,72.74584470694931,0.1200647054377873,8.658375291539166,0.030194116313361906,0.04831058610137905,positive
1.517184221268994,13.084108929194551,3.600112339799511,1.1203693676046098,72.72205446459728,0.4519744730038415,8.830224679599022,0.0,0.0,positive
1.521892228601638,14.146760191660968,3.7611317199975134,0.897421146665009,71.46141700501336,0.22449675166594144,9.120345541664078,0.011792675001554065,0.3597796816653198,positive
1.516327285671537,13.414949207299179,3.3949492072991783,1.2503047562049296,72.66474603649588,0.5546444510942486,8.486676159127114,0.0,0.0,positive
1.5174926379171647,13.487708502131854,3.4406794579120783,1.1009325820439904,72.64337863052748,0.3983693010110123,8.731087132659326,0.050679457912078216,0.08108713265932513,positive
1.5161,13.354250362112642,3.494971699170627,1.30766618384981,72.67538896935837,0.5680834540375476,8.327305515320818,0.0,0.0,positive
1.5161019197128396,13.328453564656952,3.529306770363461,1.3395733971467454,72.67181306212633,0.5597866985733727,8.33133313391642,0.0,0.0,positive
