@relation glass2
@attribute RI real [1.51115, 1.53393]
@attribute Na real [10.73, 17.38]
@attribute Mg real [0.0, 4.49]
@attribute Al real [0.29, 3.5]
@attribute Si real [69.81, 75.41]
@attribute K real [0.0, 6.21]
@attribute Ca real [5.43, 16.19]
@attribute Ba real [0.0, 3.15]
@attribute Fe real [0.0, 0.51]
@attribute Class {positive, negative}
@data
1.51673,13.3,3.64,1.53,72.53,0.65,8.03,0.0,0.29,negative
1.5175,12.82,3.55,1.49,72.75,0.54,8.52,0.0,0.19,negative
1.51775,12.85,3.48,1.23,72.97,0.61,8.56,0.09,0.22,negative
1.51646,13.41,3.55,1.25,72.81,0.68,8.1,0.0,0.0,negative
1.51761,12.81,3.54,1.23,73.24,0.58,8.39,0.0,0.0,negative
1.51846,13.41,3.89,1.33,72.38,0.51,8.28,0.0,0.0,negative
1.51811,13.33,3.85,1.25,72.78,0.52,8.12,0.0,0.0,negative
1.5159,13.24,3.34,1.47,73.1,0.39,8.22,0.0,0.0,negative
1.52152,13.05,3.65,0.87,72.22,0.19,9.85,0.0,0.17,negative
1.51735,13.02,3.54,1.69,72.73,0.54,8.44,0.0,0.07,negative
1.51841,13.02,3.62,1.06,72.34,0.64,9.13,0.0,0.15,negative
1.51761,13.89,3.6,1.36,72.73,0.48,7.83,0.0,0.0,negative
1.51593,13.09,3.59,1.52,73.1,0.67,7.83,0.0,0.0,negative
1.51778,13.21,2.81,1.29,72.98,0.51,9.02,0.0,0.09,negative
1.52475,11.45,0.0,1.88,72.19,0.81,13.24,0.0,0.34,negative
1.51707,13.48,3.48,1.71,72.52,0.62,7.99,0.0,0.0,negative
1.51753,12.57,3.47,1.38,73.39,0.6,8.55,0.0,0.06,negative
1.51793,12.79,3.5,1.12,73.03,0.64,8.77,0.0,0.0,negative
1.51592,12.86,3.52,2.12,72.66,0.69,7.97,0.0,0.0,negative
1.51605,12.9,3.44,1.45,73.06,0.44,8.27,0.0,0.0,negative
1.52152,13.12,3.58,0.9,72.2,0.23,9.82,0.0,0.16,negative
1.53393,12.3,0.0,1.0,70.16,0.12,16.19,0.0,0.24,negative
1.51784,13.08,3.49,1.28,72.86,0.6,8.49,0.0,0.0,negative
1.51687,13.23,3.54,1.48,72.84,0.56,8.1,0.0,0.0,negative
1.51755,12.71,3.42,1.2,73.2,0.59,8.64,0.0,0.0,negative
1.51674,12.79,3.52,1.54,73.36,0.66,7.9,0.0,0.0,negative
1.52172,13.48,3.74,0.9,72.01,0.18,9.61,0.0,0.07,negative
1.51768,12.65,3.56,1.3,73.08,0.61,8.69,0.0,0.14,negative
1.51683,14.56,0.0,1.98,73.29,0.0,8.52,1.57,0.07,negative
1.51832,13.33,3.34,1.54,72.14,0.56,8.99,0.0,0.0,positive
1.52222,14.43,0.0,1.0,72.67,0.1,11.52,0.0,0.08,negative
1.52739,11.02,0.0,0.75,73.08,0.0,14.96,0.0,0.0,negative
1.51813,13.43,3.98,1.18,72.49,0.58,8.15,0.0,0.0,negative
1.51567,13.29,3.45,1.21,72.74,0.56,8.57,0.0,0.0,negative
1.518,13.71,3.93,1.54,71.81,0.54,8.21,0.0,0.15,negative
1.52068,13.55,2.09,1.67,72.18,0.53,9.57,0.27,0.17,negative
1.51831,14.39,0.0,1.82,72.86,1.41,6.47,2.88,0.0,negative
1.51841,12.93,3.74,1.11,72.28,0.64,8.96,0.0,0.22,negative
1.51824,12.87,3.48,1.29,72.95,0.6,8.43,0.0,0.0,negative
1.52101,13.64,4.49,1.1,71.78,0.06,8.75,0.0,0.0,negative
1.51756,13.15,3.61,1.05,73.24,0.57,8.24,0.0,0.0,negative
1.51625,13.36,3.58,1.49,72.72,0.45,8.21,0.0,0.0,negative
1.51689,12.67,2.88,1.71,73.21,0.73,8.54,0.0,0.0,negative
1.51593,13.25,3.45,1.43,73.17,0.61,7.86,0.0,0.0,negative
1.51645,13.44,3.61,1.54,72.39,0.66,8.03,0.0,0.0,negative
1.51937,13.79,2.41,1.19,72.76,0.0,9.77,0.0,0.0,negative
1.51736,12.78,3.62,1.29,72.79,0.59,8.7,0.0,0.0,negative
1.52667,13.99,3.7,0.71,71.57,0.02,9.82,0.0,0.1,negative
1.51588,13.12,3.41,1.58,73.26,0.07,8.39,0.0,0.19,negative
1.51994,13.27,0.0,1.76,73.03,0.47,11.32,0.0,0.0,negative
1.51797,12.74,3.48,1.35,72.96,0.64,8.68,0.0,0.0,negative
1.52081,13.78,2.28,1.43,71.99,0.49,9.85,0.0,0.17,negative
1.5202,13.98,1.35,1.63,71.76,0.39,10.56,0.0,0.18,negative
1.51848,13.64,3.87,1.27,71.96,0.54,8.32,0.0,0.32,negative
1.51742,13.27,3.62,1.24,73.08,0.55,8.07,0.0,0.0,negative
1.53125,10.73,0.0,2.1,69.81,0.58,13.3,3.15,0.28,negative
1.51613,13.92,3.52,1.25,72.88,0.37,7.94,0.0,0.14,negative
1.51655,12.75,2.85,1.44,73.27,0.57,8.79,0.11,0.22,negative
1.51847,13.1,3.97,1.19,72.44,0.6,8.43,0.0,0.0,negative
1.51751,12.81,3.57,1.35,73.02,0.62,8.59,0.0,0.0,negative
1.5159,13.02,3.58,1.51,73.12,0.69,7.96,0.0,0.0,negative
1.51299,14.4,1.74,1.54,74.55,0.0,7.59,0.0,0.0,negative
1.51811,12.96,2.96,1.43,72.92,0.6,8.79,0.14,0.0,negative
1.51666,12.86,0.0,1.83,73.88,0.97,10.17,0.0,0.0,negative
1.51818,13.72,0.0,0.56,74.45,0.0,10.99,0.0,0.0,negative
1.51321,13.0,0.0,3.02,70.7,6.21,6.93,0.0,0.0,negative
1.51829,13.24,3.9,1.41,72.33,0.55,8.31,0.0,0.1,negative
1.51545,14.14,0.0,2.68,73.39,0.08,9.07,0.61,0.05,negative
1.51743,13.3,3.6,1.14,73.09,0.58,8.17,0.0,0.0,negative
1.51618,13.01,3.5,1.48,72.89,0.6,8.12,0.0,0.0,negative
1.51926,13.2,3.33,1.28,72.36,0.6,9.14,0.0,0.11,negative
1.51796,13.5,3.36,1.63,71.94,0.57,8.81,0.0,0.09,positive
1.51531,14.38,0.0,2.66,73.1,0.04,9.08,0.64,0.0,negative
1.51685,14.92,0.0,1.99,73.06,0.0,8.4,1.59,0.0,negative
1.52196,14.36,3.85,0.89,71.36,0.15,9.15,0.0,0.0,negative
1.5164,14.37,0.0,2.74,72.85,0.0,9.45,0.54,0.0,negative
1.51776,13.53,3.41,1.52,72.04,0.58,8.79,0.0,0.0,positive
1.51748,12.86,3.56,1.27,73.21,0.54,8.38,0.0,0.17,negative
1.51623,14.2,0.0,2.79,73.46,0.04,9.04,0.4,0.09,negative
1.51763,12.8,3.66,1.27,73.01,0.6,8.56,0.0,0.0,negative
1.5166,12.99,3.18,1.23,72.97,0.58,8.81,0.0,0.24,negative
1.52152,13.05,3.65,0.87,72.32,0.19,9.85,0.0,0.17,negative
1.51651,14.38,0.0,1.94,73.61,0.0,8.48,1.57,0.0,negative
1.52119,12.97,0.33,1.51,73.39,0.13,11.27,0.0,0.28,negative
1.51892,13.46,3.83,1.26,72.55,0.57,8.21,0.0,0.14,negative
1.52369,13.44,0.0,1.58,72.22,0.32,12.24,0.0,0.0,negative
1.51754,13.39,3.66,1.19,72.79,0.57,8.27,0.0,0.11,negative
1.52171,11.56,1.88,1.56,72.86,0.47,11.41,0.0,0.0,negative
1.52223,13.21,3.77,0.79,71.99,0.13,10.02,0.0,0.0,negative
1.5161,13.33,3.53,1.34,72.67,0.56,8.33,0.0,0.0,positive
1.51514,14.01,2.68,3.5,69.89,1.68,5.87,2.2,0.0,negative
1.51779,13.64,3.65,0.65,73.0,0.06,8.93,0.0,0.0,positive
1.5161,13.42,3.4,1.22,72.69,0.59,8.32,0.0,0.0,positive
1.52315,13.44,3.34,1.23,72.38,0.6,8.83,0.0,0.0,negative
1.51839,12.85,3.67,1.24,72.57,0.62,8.68,0.0,0.35,negative
1.51911,13.9,3.73,1.18,72.12,0.06,8.89,0.0,0.0,negative
1.52177,13.2,3.68,1.15,72.75,0.54,8.52,0.0,0.0,negative
1.51556,13.87,0.0,2.54,73.23,0.14,9.41,0.81,0.01,negative
1.51645,14.94,0.0,1.87,73.11,0.0,8.67,1.38,0.0,negative
1.52777,12.64,0.0,0.67,72.02,0.06,14.4,0.0,0.0,negative
1.51627,13.0,3.58,1.54,72.83,0.61,8.04,0.0,0.0,negative
1.51829,14.46,2.24,1.62,72.38,0.0,9.26,0.0,0.0,negative
1.52121,14.03,3.76,0.58,71.79,0.11,9.65,0.0,0.0,positive
1.51918,14.04,3.58,1.37,72.08,0.56,8.3,0.0,0.0,negative
1.51617,14.95,0.0,2.27,73.3,0.0,8.71,0.67,0.0,negative
1.5169,13.33,3.54,1.61,72.54,0.68,8.11,0.0,0.0,negative
1.52365,15.79,1.83,1.31,70.43,0.31,8.61,1.68,0.0,negative
1.51837,13.14,2.84,1.28,72.85,0.55,9.07,0.0,0.0,negative
1.51743,12.2,3.25,1.16,73.55,0.62,8.9,0.0,0.24,negative
1.51969,12.64,0.0,1.65,73.75,0.38,11.53,0.0,0.0,negative
1.51708,13.72,3.68,1.81,72.06,0.64,7.88,0.0,0.0,negative
1.51602,14.85,0.0,2.38,73.28,0.0,8.76,0.64,0.09,negative
1.5186,13.36,3.43,1.43,72.26,0.51,8.6,0.0,0.0,negative
1.51694,12.86,3.58,1.31,72.61,0.61,8.79,0.0,0.0,positive
1.51709,13.0,3.47,1.79,72.72,0.66,8.18,0.0,0.0,negative
1.51838,14.32,3.26,2.22,71.25,1.46,5.79,1.63,0.0,negative
1.5173,12.35,2.72,1.63,72.87,0.7,9.23,0.0,0.0,negative
1.523,13.31,3.58,0.82,71.99,0.12,10.17,0.0,0.03,negative
1.51869,13.19,3.37,1.18,72.72,0.57,8.83,0.0,0.16,negative
1.51653,11.95,0.0,1.19,75.18,2.7,8.93,0.0,0.0,negative
1.51764,12.98,3.54,1.21,73.0,0.65,8.53,0.0,0.0,negative
1.51793,13.21,3.48,1.41,72.64,0.59,8.43,0.0,0.0,negative
1.51909,13.89,3.53,1.32,71.81,0.51,8.78,0.11,0.0,negative
1.51727,14.7,0.0,2.34,73.28,0.0,8.95,0.66,0.0,negative
1.51215,12.99,3.47,1.12,72.98,0.62,8.35,0.0,0.31,negative
1.51658,14.8,0.0,1.99,73.11,0.0,8.28,1.71,0.0,negative
1.51569,13.24,3.49,1.47,73.25,0.38,8.03,0.0,0.0,negative
1.52058,12.85,1.61,2.17,72.18,0.76,9.7,0.24,0.51,negative
1.51613,13.88,1.78,1.79,73.1,0.0,8.67,0.76,0.0,negative
1.51645,13.4,3.49,1.52,72.65,0.67,8.08,0.0,0.1,negative
1.51655,13.41,3.39,1.28,72.64,0.52,8.65,0.0,0.0,positive
1.51662,12.85,3.51,1.44,73.01,0.68,8.23,0.06,0.25,negative
1.52127,14.32,3.9,0.83,71.5,0.0,9.49,0.0,0.0,positive
1.51514,14.85,0.0,2.42,73.72,0.0,8.39,0.56,0.0,negative
1.51643,12.16,3.52,1.35,72.89,0.57,8.53,0.0,0.0,positive
1.51711,14.23,0.0,2.08,73.36,0.0,8.62,1.67,0.0,negative
1.51969,14.56,0.0,0.56,73.48,0.0,11.22,0.0,0.0,negative
1.51316,13.02,0.0,3.04,70.48,6.21,6.96,0.0,0.0,negative
1.52151,11.03,1.71,1.56,73.44,0.58,11.62,0.0,0.0,negative
1.51652,13.56,3.57,1.47,72.45,0.64,7.96,0.0,0.0,negative
1.52211,14.19,3.78,0.91,71.36,0.23,9.14,0.0,0.37,positive
1.52664,11.23,0.0,0.77,73.21,0.0,14.68,0.0,0.0,negative
1.51905,13.6,3.62,1.11,72.64,0.14,8.76,0.0,0.0,negative
1.51574,14.86,3.67,1.74,71.87,0.16,7.36,0.0,0.12,negative
1.51784,12.68,3.67,1.16,73.11,0.61,8.7,0.0,0.0,negative
1.5232,13.72,3.72,0.51,71.75,0.09,10.06,0.0,0.16,negative
1.51618,13.53,3.55,1.54,72.99,0.39,7.78,0.0,0.0,negative
1.51131,13.69,3.2,1.81,72.81,1.76,5.43,1.19,0.0,negative
1.51755,13.0,3.6,1.36,72.99,0.57,8.4,0.0,0.11,negative
1.51915,12.73,1.85,1.86,72.69,0.6,10.09,0.0,0.0,negative
1.52177,13.75,1.01,1.36,72.19,0.33,11.14,0.0,0.0,negative
1.5182,12.62,2.76,0.83,73.81,0.35,9.42,0.0,0.2,negative
1.51667,12.94,3.61,1.26,72.75,0.56,8.6,0.0,0.0,negative
1.52172,13.51,3.86,0.88,71.79,0.23,9.54,0.0,0.11,negative
1.5167,13.24,3.57,1.38,72.7,0.56,8.44,0.0,0.1,positive
1.51596,12.79,3.61,1.62,72.97,0.64,8.07,0.0,0.26,negative
1.51719,14.75,0.0,2.0,73.02,0.0,8.53,1.59,0.08,negative
1.52725,13.8,3.15,0.66,70.57,0.08,11.64,0.0,0.0,negative
1.5241,13.83,2.9,1.17,71.15,0.08,10.79,0.0,0.0,negative
1.52614,13.7,0.0,1.36,71.24,0.19,13.44,0.0,0.1,negative
1.51609,15.01,0.0,2.51,73.05,0.05,8.83,0.53,0.0,negative
1.51646,13.04,3.4,1.26,73.01,0.52,8.58,0.0,0.0,positive
1.51898,13.58,3.35,1.23,72.08,0.59,8.91,0.0,0.0,negative
1.51115,17.38,0.0,0.34,75.41,0.0,6.65,0.0,0.0,negative
1.51763,12.61,3.59,1.31,73.29,0.58,8.5,0.0,0.0,negative
1.51768,12.56,3.52,1.43,73.15,0.57,8.54,0.0,0.0,negative
1.51663,12.93,3.54,1.62,72.96,0.64,8.03,0.0,0.21,negative
1.52065,14.36,0.0,2.02,73.42,0.0,8.44,1.64,0.0,negative
1.51674,12.87,3.56,1.64,73.14,0.65,7.99,0.0,0.0,negative
1.51631,13.34,3.57,1.57,72.87,0.61,7.89,0.0,0.0,negative
1.51711,12.89,3.62,1.57,72.96,0.61,8.11,0.0,0.0,negative
1.51789,13.19,3.9,1.3,72.33,0.55,8.44,0.0,0.28,negative
1.5215218077438286,14.085432487791744,3.766929060973968,0.6943295060704737,71.64102518905969,0.15157436584380862,9.473308945163813,0.0,0.12818762801840988,positive
1.5165984093695768,13.155341141313995,3.498039970116896,1.3292046847883972,72.83122123096331,0.5430682282627991,8.499261201080202,0.0,0.05767057065699776,positive
1.5165000961680626,13.299971149581236,3.5133605809510553,1.3266923114833464,72.69666826946771,0.5699951915968726,8.40001923361251,0.0,0.06668269467709152,positive
1.5176369469616944,13.479379593299635,3.366873468900122,1.5498095294985785,72.10038094100284,0.5585442184997969,8.77334149919935,0.0,0.06937959329963449,positive
1.5172078145662131,13.078824096783832,3.5244774679802218,1.378586657200903,72.42383621616898,0.6002019061141567,8.79,0.0,0.0,positive
1.5218145134223526,14.235730065588301,3.8222123682353555,0.8818584211764297,71.40924776294125,0.14909296088223523,9.263119407353122,0.0,0.23984519794098708,positive
1.5164349016442906,13.060218119877009,3.40906329511728,1.2655774123798647,72.98629599738558,0.5227887061899323,8.562570586312923,0.0,0.0,positive
1.5169616531111902,13.39139420966372,3.378371381039825,1.3404688185929112,72.52371381039825,0.5293028951681402,8.729074608929192,0.0,0.0,positive
1.5166418870315383,13.305861364256488,3.5002644378460714,1.341258021025595,72.67675481261536,0.5445032084102381,8.52135815584625,0.0,0.0612580210255952,positive
1.519702894150834,13.82478394012653,3.5752576634042668,1.247548176549722,71.73628321320297,0.423675183266234,8.946324816733766,0.0,0.16525766340426695,positive
1.5165880794317894,13.366843310638764,3.435695318147191,1.3053862878595506,72.65523177271574,0.5301545151438203,8.596688795494943,0.0,0.02538628785955059,positive
1.5162137157081543,13.385885287553693,3.432219450643734,1.2503241888411611,72.69189526180257,0.5843142145922823,8.342743141630871,0.0,0.018952618025725766,positive
1.5167662769603174,13.423804912360678,3.3853983625464403,1.3336857702915281,72.53262845941694,0.5276693957559326,8.674542066418985,0.0,0.013804912360678656,positive
1.517034660140086,13.45806546843828,3.3980109114063803,1.3761309368765602,72.39967265780861,0.54403273421914,8.70607637984466,0.0,0.0,positive
1.5208451064458561,14.236974822753512,3.8694760377770265,0.808022747199459,71.68314377333785,0.007325750933513664,9.42162632462054,0.0,0.0,positive
1.5161,13.382754112108783,3.453799615842868,1.269661183854955,72.68172313602417,0.5775847040362613,8.324138431987913,0.0,0.0,positive
1.5180608333659529,13.422559512159626,3.37239582925587,1.5307440487840374,72.09372024392019,0.5692559512159627,8.897440487840372,0.0,0.0,positive
1.5165298934427607,13.327339709127422,3.392234061915475,1.27553187616905,72.72266029087258,0.52,8.634361566591675,0.0,0.0,positive
1.521895108570201,14.22325700699269,3.810698775685559,0.8895341495429606,71.39581523829982,0.1711606799360119,9.229538095749547,0.0,0.275345441636193,positive
1.5166267865997112,13.25098201004332,3.5651191066474137,1.3751191066474138,72.69633932998556,0.56,8.426577543280388,0.0,0.08779776661853468,positive
1.5161,13.36372163930626,3.4812909654465143,1.2950378142583212,72.67749369762362,0.5712405464354198,8.326253151188194,0.0,0.0,positive
1.5181180888443104,13.425346934631166,3.351217286427196,1.590477788922382,72.02782713572805,0.565608643213598,8.889044422155237,0.0,0.050477788922382,positive
1.5181055053788493,13.40660522183951,3.3668118276438284,1.532339477816049,72.10169738908024,0.567660522183951,8.91339477816049,0.0,0.0,positive
1.52145436183365,14.2914678114589,3.8736625951928305,0.8475582698714461,71.46927302772497,0.05048002588040781,9.413182569312424,0.0,0.08120699815543864,positive
1.5161196412505156,13.33349177786943,3.523889388728499,1.3373811665979283,72.66869058329897,0.5582541110652856,8.343967111477717,0.0,0.0,positive
1.518093138209517,13.252735477154415,3.3794542244317882,1.5021897015862027,72.21726452284558,0.568219630089956,8.957121479640175,0.0,0.0,positive
1.5165360091572129,13.352482090764132,3.391554538087456,1.2768909238250883,72.69751790923587,0.52,8.639118233387808,0.0,0.0,positive
1.5213022384897483,14.046397953733038,3.7620497442166294,0.6138207795743914,71.74593049934246,0.1222984652997787,9.597731522475941,0.0,0.03792026800765097,positive
1.516657945840617,13.252616247814824,3.5580846548415543,1.3687855574979337,72.69929909734363,0.5621027079691374,8.43158916812345,0.0,0.09299097343620866,positive
1.5161917555788573,13.32314688898383,3.4,1.2301950643174915,72.77156051453993,0.5721586374443899,8.386267918063695,0.0,0.0,positive
1.5178801094361474,13.51198358457789,3.379972640963153,1.586060189881063,71.9799452819263,0.5739945281926306,8.80201094361474,0.0,0.05404924626632428,positive
1.5182563507433255,13.352731877383697,3.3479561570842935,1.5377268122616303,72.12863406130815,0.5622731877383697,8.967268122616304,0.0,0.0,positive
1.520628231514904,14.194596962682427,3.853895942162657,0.7968050783571131,71.77662434702405,0.011064973880962293,9.386726910444352,0.0,0.0,positive
1.5161,13.400110765043785,3.4287288949367554,1.2465189799416203,72.68558017000973,0.5833702550145949,8.322209914995135,0.0,0.0,positive
1.5179917051561886,13.485028120688677,3.358238602433962,1.6220737109528287,71.95761397566038,0.569119301216981,8.825852578094343,0.0,0.0820737109528288,positive
1.5161501159175133,13.41888631294415,3.39888631294415,1.226682122335102,72.68443156472074,0.5822041906090474,8.356751672843062,0.0,0.0,positive
1.5190139739937178,13.720258123184763,3.516659856936913,1.3441553709959004,71.84397647914298,0.4791055407353526,8.890894459264647,0.0,0.10665985693691293,positive
1.5161193920831881,13.32709118752178,3.5312928055458754,1.3412928055458757,72.67096960415941,0.56,8.333555215251158,0.0,0.003232013864688868,positive
1.5161,13.399614925337474,3.42944510784587,1.2471800995500337,72.68546998340832,0.5832049751124916,8.322265008295837,0.0,0.0,positive
1.5178818337241613,13.4509544935914,3.376859392827956,1.6054772467957,71.9913445145215,0.5730653441505374,8.808467327924731,0.0,0.08310297566129064,positive
1.5177969609136852,13.524455862947208,3.400759771578682,1.5403285025268991,72.02151954315737,0.5781519543157364,8.793696091368526,0.0,0.016632411158372024,positive
1.5177744048218762,13.533242110906599,3.4120109295496626,1.5171682828790467,72.03778387355752,0.5776197160432565,8.792872756499516,0.0,0.0,positive
1.5161,13.40475141773734,3.422025729934951,1.2403314430168777,72.68661142616385,0.5849171392457806,8.321694286918074,0.0,0.0,positive
1.5182796076264937,13.349074176377963,3.3422440207503485,1.550098093376569,72.11755979249651,0.5611220103751744,8.969803813246862,0.0,0.010098093376568853,positive
1.516671036702913,13.272825070031914,3.535244043495621,1.360691135275345,72.68841468116521,0.552276454110138,8.480548615921775,0.0,0.08069113527534506,positive
1.5214763258869153,14.288068612739293,3.8705248732978093,0.849650084468127,71.46561235218078,0.05649399284586498,9.404030880451945,0.0,0.09088164066508714,positive
1.5166441201507213,13.303330495849194,3.5029441808655606,1.3427467671475337,72.67764806028852,0.5450987068590135,8.518231788990178,0.0,0.06274676714753372,positive
1.516198946664413,13.39031600067606,3.428034888250387,1.2463857771768347,72.69164911107354,0.5850526667793434,8.339789332882626,0.0,0.016491110735521685,positive
1.5180501801500221,13.457414929156181,3.354989991665433,1.607454962494449,71.99010008334567,0.5674949958327166,8.855090075011102,0.0,0.06745496249444899,positive
1.5182371599868776,13.359585718972227,3.3503550016402794,1.5370414281027773,72.1252071405139,0.5629585718972228,8.960414281027774,0.0,0.0,positive
1.521295610073935,14.316036536176721,3.8963414180092815,0.8324390546604788,71.49573165434416,0.007012282148876834,9.479329135860405,0.0,0.011280627804714907,positive
1.5164485544721245,13.04922000856632,3.4041331072883505,1.262543450638985,72.99919033478432,0.5212717253194925,8.572051716753172,0.0,0.0,positive
1.5181238969079025,13.338863416591973,3.3455396353699824,1.5111938960760896,72.19539635369983,0.5555682917040138,8.952330479484118,0.0,0.0,positive
1.5164346749442912,13.389497767873985,3.425878906220526,1.2953766740945112,72.64768833704726,0.5302511160630075,8.56799107149594,0.0,0.0,positive
1.5214434560392451,14.293155612973944,3.875220565822102,0.846519622785265,71.47109066012578,0.047493915507637124,9.417726650314465,0.0,0.076403255381851,positive
1.516483424301135,13.059520250945777,3.416592213303911,1.2717121505674667,72.97974361103405,0.5239040501891555,8.566335824337955,0.0,0.009760125472888861,positive
1.5164550683307243,13.31347950078273,3.5006026937051997,1.3146848881931295,72.69591780551207,0.5722465834637882,8.391013666144847,0.0,0.0591780551207059,positive
1.517359341783753,13.461660113856567,3.3727799620478107,1.48090044277554,72.23819911444892,0.5487000632536485,8.741840202411677,0.0,0.05166011385656743,positive
1.5171838877972998,13.472864905517344,3.400477484252891,1.4057298110346896,72.32567547241328,0.5514324527586724,8.723342389770236,0.0,0.0,positive
1.5212265458465521,14.109971591669066,3.7986069752885143,0.648941027300919,71.71002840833094,0.07966594798759564,9.605877742527412,0.0,0.0,positive
1.5161,13.357640396549183,3.4900749827622906,1.303146137934422,72.67614231034426,0.5692134655163945,8.326928844827869,0.0,0.0,positive
1.5180298578055804,13.231183455523809,3.3904595120729484,1.4916429675967577,72.2388165444762,0.570512398348531,8.947950406605877,0.0,0.0,positive
1.5163657631009346,13.414094153312565,3.3940941533125653,1.2554350801246077,72.66047076656282,0.5486590731879578,8.514892940685343,0.0,0.0,positive
1.5220419877543552,14.177908934107565,3.7784886167634455,0.8850621765968539,71.39249473958591,0.22093170058067416,9.178540272532135,0.0,0.34203941012374534,positive
1.51660512123017,13.347529272473869,3.4561454762041386,1.316747486780077,72.66204849206805,0.5346989947120309,8.572830277761838,0.0,0.036747486780077,positive
1.5161,13.372681926864432,3.4683483278624854,1.2830907641807558,72.67948487263654,0.574227308954811,8.32525756368173,0.0,0.0,positive
1.5179295727318651,13.504564090220214,3.3676068170336895,1.6132650025258828,71.95521363406738,0.5715213634067379,8.806957273186525,0.0,0.0763077293393588,positive
1.5177914368715169,13.52528446927246,3.4021407821207665,1.5372902793343142,72.02428156424153,0.5784281564241532,8.793143687151693,0.0,0.014146592182620737,positive
1.5212530442642502,14.238047277210292,3.8604366165842787,0.759351101043355,71.58195272278971,0.031085515540923776,9.535215295332254,0.0,0.0,positive
1.5163035666015716,13.299465009764255,3.5435711067714424,1.3535711067714424,72.68017833007859,0.56,8.367320543621467,0.0,0.033927766928605954,positive
1.5179293504795641,13.196952699561745,3.4079390470323,1.4748917465940454,72.27304730043825,0.5741539681317293,8.933384127473083,0.0,0.0,positive
1.5164753219142528,13.411659513016605,3.391659513016605,1.270042921900371,72.64829756508303,0.5316165911162338,8.59523607045204,0.0,0.0,positive
1.5180028583820024,13.566847478648631,3.430656919848475,1.4859439970065684,72.0020359310893,0.5604596704136048,8.809540329586394,0.0,0.020656919848474897,positive
1.5166871384103273,13.229282008606129,3.5608897073152086,1.3735692051636768,72.7166128866605,0.5578564017212256,8.44750259397571,0.0,0.09464100430306405,positive
1.516562640640825,13.28120780775251,3.531081514900407,1.3433708375533246,72.69771067734709,0.5668679679587516,8.412528128164993,0.0,0.07710677347082791,positive
1.5170490628234052,12.928431575469965,3.5564766459321997,1.3442157877349823,72.53836069442988,0.6057230265331272,8.792138486733435,0.0,0.009623190300463783,positive
1.517807139364168,13.513164512797177,3.404107579479012,1.5216835487202822,72.04841774360142,0.5783164512797176,8.806835487202822,0.0,0.0,positive
1.5215684475475066,14.273811689076332,3.8573646360704608,0.8584235759530259,71.4502587420822,0.08171778086494957,9.365646855205512,0.0,0.13145903878274495,positive
1.516533230144256,13.407018692312151,3.395217288453735,1.2822359807658863,72.64111799038294,0.5214906538439242,8.638074769248606,0.0,0.0,positive
1.5180809022418236,13.41539205649154,3.369887219772039,1.531460794350846,72.09730397175423,0.5685392056491541,8.90460794350846,0.0,0.0,positive
1.516506199094332,13.41097335345929,3.3909733534592914,1.2741598792442534,72.64486676729645,0.5268134742150378,8.617879335843394,0.0,0.0,positive
1.5206186524780345,13.963726582874202,3.6531497510052344,1.1191314915859647,71.59313018734173,0.34999347877883225,9.020006521221168,0.0,0.2431497510052345,positive
1.5166382421976206,13.258527340713847,3.552501955992478,1.3635312526988028,72.69897070329368,0.5630878901189745,8.427648439524102,0.0,0.08970703293675178,positive
1.5161,13.371100532147118,3.4706325646763863,1.2851992904705107,72.67913345158824,0.5737001773823723,8.325433274205876,0.0,0.0,positive
1.5173422624253352,13.112399953151595,3.493237516104139,1.4361999765757973,72.34576879904442,0.5942250029280253,8.797887498535987,0.0,0.03549374341194303,positive
1.517844204267352,13.499927047374296,3.399474466581004,1.5230072952625704,72.05503647631285,0.5769927047374297,8.820072952625702,0.0,0.0,positive
1.5219810134309246,14.209962207118824,3.7984266527250687,0.8977155648499542,71.38149776151258,0.1946822489436183,9.193744403781452,0.0,0.3131844874310381,positive
1.5161,13.39682138526179,3.4334802212885265,1.2509048196509474,72.68484919672484,0.5822737950872632,8.322575401637579,0.0,0.0,positive
1.5168172175431944,13.397922370929066,3.3824514818306666,1.3192522944805334,72.56451481830666,0.5260388145354667,8.701329923551468,0.0,0.0,positive
1.5164681551669037,13.073526797270675,3.3990938703440357,1.2618122593119285,72.97647320272932,0.52,8.58634290759175,0.0,0.0,positive
1.5188584838502337,13.776033823525122,3.682153449196847,0.714306898393694,72.59437187167055,0.10204681818049222,8.981940187164138,0.0,0.09151366309871839,positive
1.516578172482871,13.378071186079552,3.423806979445181,1.2987816552473226,72.65126899314839,0.5275126620989291,8.610558523980623,0.0,0.018781655247322587,positive
1.5161449770854412,13.40650687436768,3.412743507541635,1.2319938894509506,72.69074961809068,0.5877511457279467,8.328995417088214,0.0,0.0074961809068441855,positive
1.5171087654991025,13.44566588292143,3.3781113723595233,1.418700655805562,72.36259868838887,0.5398143794007946,8.713406014082542,0.0,0.0356658829214302,positive
1.518301004746555,13.336784019087442,3.3423744066806047,1.5393215980912558,72.13660799045628,0.5606784019087443,8.983215980912558,0.0,0.0,positive
1.519772583020569,13.982974525997044,3.6909588832133564,1.1243640215975188,71.73037184298937,0.2474364239515375,9.191369833161938,0.0,0.0,positive
1.5165103363355457,13.268449549668135,3.557355755703051,1.367355755703051,72.69051681677729,0.56,8.40522832818339,0.0,0.06838938925762761,positive
1.5177138289583627,13.123550442340944,3.445421050719518,1.438971493060462,72.34644955765906,0.5819627188998996,8.9021491244004,0.0,0.0,positive
1.516453100230825,13.412153328203889,3.3921533282038885,1.2670800307766694,72.65076664101944,0.5350732974272191,8.578940169271682,0.0,0.0,positive
1.5216260552149838,14.10396537155267,3.7692456714440836,0.7325535788273844,71.5912180639522,0.16547402866450342,9.41423537817586,0.0,0.1710449217155522,positive
1.5161611443571368,13.401656692858944,3.417324234522108,1.2363051619031609,72.69101907261894,0.5869427821431573,8.332228871427372,0.0,0.010190726189475599,positive
1.516349367889433,13.156778338931776,3.4,1.2477075432703393,72.91166034616272,0.5415117992769063,8.500099031257205,0.0,0.0,positive
1.517014864618388,12.906973878204301,3.5638527293672713,1.333486939102151,72.56082422125488,0.6070641326122311,8.791467933693884,0.0,0.006605701622479976,positive
1.517198809144562,13.071466008361629,3.5263444456395865,1.376280390680511,72.43009608243861,0.600531372759927,8.79,0.0,0.0,positive
1.5210747674365597,14.276058767772726,3.8727453116565007,0.8683790509326823,71.5300357789908,0.03226065150863157,9.451064730937858,0.0,0.0,positive
1.5162645784587745,13.30531323118384,3.540971897251626,1.3509718972516267,72.67822892293873,0.56,8.360172717441973,0.0,0.027429743129066486,positive
1.5176690419110357,13.1082968827441,3.4532101024285446,1.4315069851726447,72.3617031172559,0.5835854380059469,8.895658247976213,0.0,0.0,positive
1.5164619848697092,13.394352865726047,3.4173824849794174,1.2917353507054645,72.64586767535273,0.5278235671369764,8.587411462904189,0.0,0.0,positive
1.5206926624355765,13.974955679880587,3.659444850842147,1.10875308374673,71.58156081466849,0.3440386546087795,9.02596134539122,0.0,0.24944485084214735,positive
1.516682814081513,13.259477374285199,3.5493768978156717,1.3685427210087064,72.69312563260523,0.5554170884034827,8.464060285881716,0.0,0.08854272100870653,positive
1.5161,13.415170082067629,3.406976548124536,1.2264398905764953,72.68892668490392,0.5883900273558762,8.320536657548042,0.0,0.0,positive
1.517825059947722,13.520241007841667,3.393735013069446,1.5557829712472195,72.00747002613889,0.5767470026138891,8.796505994772222,0.0,0.029276976474997815,positive
1.5175516667369044,13.359776480153586,3.45319104234909,1.4666463594511243,72.18481702434696,0.5876219486498393,8.79,0.0,0.0,positive
1.519466010874698,13.967496377814586,3.7704030800788915,0.7366902176568018,72.27758151952665,0.03110326078106606,9.199702899376717,0.0,0.0,positive
1.5165387572353999,13.408001286293318,3.393497748986692,1.281499035280011,72.64074951764,0.5209993568533406,8.642005145173275,0.0,0.0,positive
1.5181920282434105,13.390431107278365,3.347109542032749,1.5719929391473704,72.0689045796725,0.5635547710163745,8.92601412170526,0.0,0.031992939147370274,positive
1.516278173741979,13.416040583511577,3.396040583511577,1.2437564989305385,72.67020291755789,0.5622840845810383,8.450660744117963,0.0,0.0,positive
1.5201313249686998,13.938085354811328,3.72045653840995,0.7909130768199002,72.11116366928987,0.15213547330531935,9.043814408200689,0.0,0.20053014778216566,positive
1.516607863213756,13.34442169107649,3.459435856507245,1.3185754758373585,72.66314528550242,0.5354301903349434,8.568991500741546,0.0,0.038575475837358465,positive
1.5161,13.391575914085843,3.441057012987115,1.2578987812188758,72.68368353646352,0.5805253046952811,8.32315823176824,0.0,0.0,positive
1.5181406970419855,13.414670841284638,3.3499612754452515,1.5848257395036311,72.04038724554748,0.5649806377226257,8.900348520992738,0.0,0.04482573950363123,positive
1.5178038224346035,13.523426634809466,3.3990443913491117,1.544102339031954,72.01808878269823,0.5778088782698223,8.794382243460355,0.0,0.019720095571598668,positive
1.5191101100539204,13.897952539271826,3.744835492379347,0.7182815545131301,72.43098704572391,0.037239481828956617,9.142431502929739,0.0,0.0,positive
1.5162768452766724,13.361439160297298,3.4749814694797303,1.3164206297770273,72.65821031488852,0.5442804198513516,8.455756641189188,0.0,0.0,positive
1.5181394678048774,13.268514397313366,3.3713969034995572,1.5099113008129241,72.20148560268663,0.5665410215624078,8.96383591375037,0.0,0.0,positive
1.516549041369619,13.406058963989201,3.3901065144867784,1.2797869710264433,72.6439410360108,0.52,8.649254398592552,0.0,0.0,positive
1.5191908048771616,13.818343213527529,3.692153850470143,0.7343077009402865,72.46821296329973,0.11512426599941807,8.998094681528693,0.0,0.11997634364579224,positive
1.5164921620551126,13.271175691733102,3.5561441370075104,1.3661441370075105,72.68960810275564,0.56,8.401896376770653,0.0,0.06536034251877618,positive
1.5163020774065177,13.415509390966276,3.395509390966277,1.2469436542023395,72.66754695483138,0.5585657367639373,8.468190098112867,0.0,0.0,positive
1.5165612506299533,13.410718125316158,3.3897606248946137,1.2827927095628406,72.63441458087432,0.5203989585089772,8.651276667228727,0.0,7.181253161590295E-4,positive
1.517663952250849,13.451521961059502,3.4299123382386334,1.4954024057052175,72.10676489880012,0.5835139420421117,8.79,0.0,0.0,positive
1.5212143183534845,14.050872041842359,3.770076158130794,0.5979931395192757,71.76912795815764,0.10208301861151868,9.638484390707664,0.0,0.0,positive
1.5161483840791816,13.338601614076717,3.5149471753657435,1.3335487894424616,72.66677439472123,0.5556991929616412,8.364406456306872,0.0,0.0,positive
1.5170983751754177,13.385214681337057,3.3745091758356613,1.3605522856545622,72.48509175835662,0.5323926593314712,8.755337604317505,0.0,0.0,positive
1.516574750077643,13.381949912004618,3.419700093171581,1.2965000517619893,72.6499000310572,0.5266000207047957,8.615349891299823,0.0,0.01650005176198931,positive
1.5190001150537564,13.718155387466492,3.515481050549397,1.3460988085536967,71.84614293412544,0.48022062785867836,8.889779372141321,0.0,0.1054810505493971,positive
1.5165823959733737,13.373284563509705,3.428875168048548,1.301597315582527,72.65295838934952,0.5286389262330108,8.604645637276693,0.0,0.021597315582526783,positive
1.51619058234894,13.417987058912443,3.3979870589124426,1.2320776465253447,72.67993529456221,0.5759094123870978,8.386427055889396,0.0,0.0,positive
1.5172330655227928,13.04388424959553,3.5167897892015367,1.401942124797765,72.41749617620468,0.5985072344002793,8.79574638279986,0.0,0.0258587225993714,positive
1.5176648724216542,13.520565859998756,3.4084276433331264,1.5011317199975136,72.08717070000623,0.5752829299993784,8.778993503331883,0.0,0.0,positive
1.5212403047562049,14.176472988323827,3.8307110978115024,0.7062698175205404,71.64352701167617,0.05444128029096218,9.569187316786854,0.0,0.0,positive
1.5163979616262637,13.382970955780225,3.437300827384606,1.3002717831648314,72.65013589158242,0.5335145221098876,8.5418838231209,0.0,0.0,positive
1.5180570014484505,13.454193760453897,3.354611030641635,1.6057496378873575,71.99388969358365,0.5673055153208175,8.858500724225285,0.0,0.06574963788735749,positive
1.51655079988035,13.409093468936835,3.390959856419823,1.2805332535665683,72.64031995213995,0.5202133014266274,8.648880167510207,0.0,5.33253566568348E-4,positive
