@relation glass2
@attribute RI real [1.51115, 1.53393]
@attribute Na real [10.73, 17.38]
@attribute Mg real [0.0, 4.49]
@attribute Al real [0.29, 3.5]
@attribute Si real [69.81, 75.41]
@attribute K real [0.0, 6.21]
@attribute Ca real [5.43, 16.19]
@attribute Ba real [0.0, 3.15]
@attribute Fe real [0.0, 0.51]
@attribute Class {positive, negative}
@data
1.51673,13.3,3.64,1.53,72.53,0.65,8.03,0.0,0.29,negative
1.5175,12.82,3.55,1.49,72.75,0.54,8.52,0.0,0.19,negative
1.51775,12.85,3.48,1.23,72.97,0.61,8.56,0.09,0.22,negative
1.51646,13.41,3.55,1.25,72.81,0.68,8.1,0.0,0.0,negative
1.51846,13.41,3.89,1.33,72.38,0.51,8.28,0.0,0.0,negative
1.51811,13.33,3.85,1.25,72.78,0.52,8.12,0.0,0.0,negative
1.52152,13.05,3.65,0.87,72.22,0.19,9.85,0.0,0.17,negative
1.51735,13.02,3.54,1.69,72.73,0.54,8.44,0.0,0.07,negative
1.51841,13.02,3.62,1.06,72.34,0.64,9.13,0.0,0.15,negative
1.51761,13.89,3.6,1.36,72.73,0.48,7.83,0.0,0.0,negative
1.51747,12.84,3.5,1.14,73.27,0.56,8.55,0.0,0.0,negative
1.51593,13.09,3.59,1.52,73.1,0.67,7.83,0.0,0.0,negative
1.51721,12.87,3.48,1.33,73.04,0.56,8.43,0.0,0.0,negative
1.51778,13.21,2.81,1.29,72.98,0.51,9.02,0.0,0.09,negative
1.52475,11.45,0.0,1.88,72.19,0.81,13.24,0.0,0.34,negative
1.51766,13.21,3.69,1.29,72.61,0.57,8.22,0.0,0.0,negative
1.51753,12.57,3.47,1.38,73.39,0.6,8.55,0.0,0.06,negative
1.51793,12.79,3.5,1.12,73.03,0.64,8.77,0.0,0.0,negative
1.51592,12.86,3.52,2.12,72.66,0.69,7.97,0.0,0.0,negative
1.51605,12.9,3.44,1.45,73.06,0.44,8.27,0.0,0.0,negative
1.51409,14.25,3.09,2.08,72.28,1.1,7.08,0.0,0.0,negative
1.52152,13.12,3.58,0.9,72.2,0.23,9.82,0.0,0.16,negative
1.53393,12.3,0.0,1.0,70.16,0.12,16.19,0.0,0.24,negative
1.51784,13.08,3.49,1.28,72.86,0.6,8.49,0.0,0.0,negative
1.51783,12.69,3.54,1.34,72.95,0.57,8.75,0.0,0.0,negative
1.51674,12.79,3.52,1.54,73.36,0.66,7.9,0.0,0.0,negative
1.52172,13.48,3.74,0.9,72.01,0.18,9.61,0.0,0.07,negative
1.51768,12.65,3.56,1.3,73.08,0.61,8.69,0.0,0.14,negative
1.51683,14.56,0.0,1.98,73.29,0.0,8.52,1.57,0.07,negative
1.51966,14.77,3.75,0.29,72.02,0.03,9.0,0.0,0.0,negative
1.51832,13.33,3.34,1.54,72.14,0.56,8.99,0.0,0.0,positive
1.5221,13.73,3.84,0.72,71.76,0.17,9.74,0.0,0.0,negative
1.52739,11.02,0.0,0.75,73.08,0.0,14.96,0.0,0.0,negative
1.51629,12.71,3.33,1.49,73.28,0.67,8.24,0.0,0.0,negative
1.51813,13.43,3.98,1.18,72.49,0.58,8.15,0.0,0.0,negative
1.5164,12.55,3.48,1.87,73.23,0.63,8.08,0.0,0.09,negative
1.51567,13.29,3.45,1.21,72.74,0.56,8.57,0.0,0.0,negative
1.52068,13.55,2.09,1.67,72.18,0.53,9.57,0.27,0.17,negative
1.52213,14.21,3.82,0.47,71.77,0.11,9.57,0.0,0.0,negative
1.51824,12.87,3.48,1.29,72.95,0.6,8.43,0.0,0.0,negative
1.52227,14.17,3.81,0.78,71.35,0.0,9.69,0.0,0.0,negative
1.51756,13.15,3.61,1.05,73.24,0.57,8.24,0.0,0.0,negative
1.51625,13.36,3.58,1.49,72.72,0.45,8.21,0.0,0.0,negative
1.51689,12.67,2.88,1.71,73.21,0.73,8.54,0.0,0.0,negative
1.51645,13.44,3.61,1.54,72.39,0.66,8.03,0.0,0.0,negative
1.51937,13.79,2.41,1.19,72.76,0.0,9.77,0.0,0.0,negative
1.51736,12.78,3.62,1.29,72.79,0.59,8.7,0.0,0.0,negative
1.51588,13.12,3.41,1.58,73.26,0.07,8.39,0.0,0.19,negative
1.5159,12.82,3.52,1.9,72.86,0.69,7.97,0.0,0.0,negative
1.51797,12.74,3.48,1.35,72.96,0.64,8.68,0.0,0.0,negative
1.52081,13.78,2.28,1.43,71.99,0.49,9.85,0.0,0.17,negative
1.51742,13.27,3.62,1.24,73.08,0.55,8.07,0.0,0.0,negative
1.53125,10.73,0.0,2.1,69.81,0.58,13.3,3.15,0.28,negative
1.51613,13.92,3.52,1.25,72.88,0.37,7.94,0.0,0.14,negative
1.51655,12.75,2.85,1.44,73.27,0.57,8.79,0.11,0.22,negative
1.51508,15.15,0.0,2.25,73.5,0.0,8.34,0.63,0.0,negative
1.51847,13.1,3.97,1.19,72.44,0.6,8.43,0.0,0.0,negative
1.5159,13.02,3.58,1.51,73.12,0.69,7.96,0.0,0.0,negative
1.51571,12.72,3.46,1.56,73.2,0.67,8.09,0.0,0.24,negative
1.51299,14.4,1.74,1.54,74.55,0.0,7.59,0.0,0.0,negative
1.51872,12.93,3.66,1.56,72.51,0.58,8.55,0.0,0.12,negative
1.51811,12.96,2.96,1.43,72.92,0.6,8.79,0.14,0.0,negative
1.51818,13.72,0.0,0.56,74.45,0.0,10.99,0.0,0.0,negative
1.51321,13.0,0.0,3.02,70.7,6.21,6.93,0.0,0.0,negative
1.51808,13.43,2.87,1.19,72.84,0.55,9.03,0.0,0.0,negative
1.51829,13.24,3.9,1.41,72.33,0.55,8.31,0.0,0.1,negative
1.51977,13.81,3.58,1.32,71.72,0.12,8.67,0.69,0.0,negative
1.51743,13.3,3.6,1.14,73.09,0.58,8.17,0.0,0.0,negative
1.51618,13.01,3.5,1.48,72.89,0.6,8.12,0.0,0.0,negative
1.51926,13.2,3.33,1.28,72.36,0.6,9.14,0.0,0.11,negative
1.51796,13.5,3.36,1.63,71.94,0.57,8.81,0.0,0.09,positive
1.51844,13.25,3.76,1.32,72.4,0.58,8.42,0.0,0.0,negative
1.51531,14.38,0.0,2.66,73.1,0.04,9.08,0.64,0.0,negative
1.51685,14.92,0.0,1.99,73.06,0.0,8.4,1.59,0.0,negative
1.51769,13.65,3.66,1.11,72.77,0.11,8.6,0.0,0.0,positive
1.52196,14.36,3.85,0.89,71.36,0.15,9.15,0.0,0.0,negative
1.5164,14.37,0.0,2.74,72.85,0.0,9.45,0.54,0.0,negative
1.51776,13.53,3.41,1.52,72.04,0.58,8.79,0.0,0.0,positive
1.51748,12.86,3.56,1.27,73.21,0.54,8.38,0.0,0.17,negative
1.51623,14.2,0.0,2.79,73.46,0.04,9.04,0.4,0.09,negative
1.5166,12.99,3.18,1.23,72.97,0.58,8.81,0.0,0.24,negative
1.52152,13.05,3.65,0.87,72.32,0.19,9.85,0.0,0.17,negative
1.51732,14.95,0.0,1.8,72.99,0.0,8.61,1.55,0.0,negative
1.51651,14.38,0.0,1.94,73.61,0.0,8.48,1.57,0.0,negative
1.52119,12.97,0.33,1.51,73.39,0.13,11.27,0.0,0.28,negative
1.52369,13.44,0.0,1.58,72.22,0.32,12.24,0.0,0.0,negative
1.51754,13.39,3.66,1.19,72.79,0.57,8.27,0.0,0.11,negative
1.51754,13.48,3.74,1.17,72.99,0.59,8.03,0.0,0.0,negative
1.52223,13.21,3.77,0.79,71.99,0.13,10.02,0.0,0.0,negative
1.5161,13.42,3.4,1.22,72.69,0.59,8.32,0.0,0.0,positive
1.51839,12.85,3.67,1.24,72.57,0.62,8.68,0.0,0.35,negative
1.52043,13.38,0.0,1.4,72.25,0.33,12.5,0.0,0.0,negative
1.51806,13.0,3.8,1.08,73.07,0.56,8.38,0.0,0.12,negative
1.52177,13.2,3.68,1.15,72.75,0.54,8.52,0.0,0.0,negative
1.51556,13.87,0.0,2.54,73.23,0.14,9.41,0.81,0.01,negative
1.51645,14.94,0.0,1.87,73.11,0.0,8.67,1.38,0.0,negative
1.52777,12.64,0.0,0.67,72.02,0.06,14.4,0.0,0.0,negative
1.51627,13.0,3.58,1.54,72.83,0.61,8.04,0.0,0.0,negative
1.51916,14.15,0.0,2.09,72.74,0.0,10.88,0.0,0.0,negative
1.51829,14.46,2.24,1.62,72.38,0.0,9.26,0.0,0.0,negative
1.52121,14.03,3.76,0.58,71.79,0.11,9.65,0.0,0.0,positive
1.51918,14.04,3.58,1.37,72.08,0.56,8.3,0.0,0.0,negative
1.5169,13.33,3.54,1.61,72.54,0.68,8.11,0.0,0.0,negative
1.52365,15.79,1.83,1.31,70.43,0.31,8.61,1.68,0.0,negative
1.519,13.49,3.48,1.35,71.95,0.55,9.0,0.0,0.0,negative
1.52099,13.69,3.59,1.12,71.96,0.09,9.4,0.0,0.0,negative
1.51837,13.14,2.84,1.28,72.85,0.55,9.07,0.0,0.0,negative
1.51888,14.99,0.78,1.74,72.5,0.0,9.95,0.0,0.0,negative
1.51743,12.2,3.25,1.16,73.55,0.62,8.9,0.0,0.24,negative
1.51969,12.64,0.0,1.65,73.75,0.38,11.53,0.0,0.0,negative
1.51602,14.85,0.0,2.38,73.28,0.0,8.76,0.64,0.09,negative
1.5186,13.36,3.43,1.43,72.26,0.51,8.6,0.0,0.0,negative
1.51694,12.86,3.58,1.31,72.61,0.61,8.79,0.0,0.0,positive
1.51709,13.0,3.47,1.79,72.72,0.66,8.18,0.0,0.0,negative
1.51838,14.32,3.26,2.22,71.25,1.46,5.79,1.63,0.0,negative
1.5173,12.35,2.72,1.63,72.87,0.7,9.23,0.0,0.0,negative
1.51779,13.21,3.39,1.33,72.76,0.59,8.59,0.0,0.0,negative
1.51869,13.19,3.37,1.18,72.72,0.57,8.83,0.0,0.16,negative
1.51653,11.95,0.0,1.19,75.18,2.7,8.93,0.0,0.0,negative
1.51764,12.98,3.54,1.21,73.0,0.65,8.53,0.0,0.0,negative
1.51793,13.21,3.48,1.41,72.64,0.59,8.43,0.0,0.0,negative
1.51909,13.89,3.53,1.32,71.81,0.51,8.78,0.11,0.0,negative
1.51215,12.99,3.47,1.12,72.98,0.62,8.35,0.0,0.31,negative
1.51658,14.8,0.0,1.99,73.11,0.0,8.28,1.71,0.0,negative
1.51569,13.24,3.49,1.47,73.25,0.38,8.03,0.0,0.0,negative
1.52058,12.85,1.61,2.17,72.18,0.76,9.7,0.24,0.51,negative
1.51613,13.88,1.78,1.79,73.1,0.0,8.67,0.76,0.0,negative
1.51655,13.41,3.39,1.28,72.64,0.52,8.65,0.0,0.0,positive
1.51514,14.85,0.0,2.42,73.72,0.0,8.39,0.56,0.0,negative
1.51643,12.16,3.52,1.35,72.89,0.57,8.53,0.0,0.0,positive
1.51711,14.23,0.0,2.08,73.36,0.0,8.62,1.67,0.0,negative
1.51786,12.73,3.43,1.19,72.95,0.62,8.76,0.0,0.3,negative
1.51969,14.56,0.0,0.56,73.48,0.0,11.22,0.0,0.0,negative
1.51316,13.02,0.0,3.04,70.48,6.21,6.96,0.0,0.0,negative
1.52151,11.03,1.71,1.56,73.44,0.58,11.62,0.0,0.0,negative
1.51652,13.56,3.57,1.47,72.45,0.64,7.96,0.0,0.0,negative
1.52211,14.19,3.78,0.91,71.36,0.23,9.14,0.0,0.37,positive
1.51905,13.6,3.62,1.11,72.64,0.14,8.76,0.0,0.0,negative
1.51574,14.86,3.67,1.74,71.87,0.16,7.36,0.0,0.12,negative
1.51784,12.68,3.67,1.16,73.11,0.61,8.7,0.0,0.0,negative
1.5172,13.38,3.5,1.15,72.85,0.5,8.43,0.0,0.0,negative
1.52213,14.21,3.82,0.47,71.77,0.11,9.57,0.0,0.0,negative
1.51665,13.14,3.45,1.76,72.48,0.6,8.38,0.0,0.17,positive
1.5232,13.72,3.72,0.51,71.75,0.09,10.06,0.0,0.16,negative
1.51618,13.53,3.55,1.54,72.99,0.39,7.78,0.0,0.0,negative
1.51755,13.0,3.6,1.36,72.99,0.57,8.4,0.0,0.11,negative
1.51915,12.73,1.85,1.86,72.69,0.6,10.09,0.0,0.0,negative
1.5182,12.62,2.76,0.83,73.81,0.35,9.42,0.0,0.2,negative
1.52247,14.86,2.2,2.06,70.26,0.76,9.76,0.0,0.0,negative
1.51667,12.94,3.61,1.26,72.75,0.56,8.6,0.0,0.0,negative
1.52172,13.51,3.86,0.88,71.79,0.23,9.54,0.0,0.11,negative
1.5167,13.24,3.57,1.38,72.7,0.56,8.44,0.0,0.1,positive
1.51623,14.14,0.0,2.88,72.61,0.08,9.18,1.06,0.0,negative
1.51719,14.75,0.0,2.0,73.02,0.0,8.53,1.59,0.08,negative
1.51594,13.09,3.52,1.55,72.87,0.68,8.05,0.0,0.09,negative
1.52725,13.8,3.15,0.66,70.57,0.08,11.64,0.0,0.0,negative
1.5241,13.83,2.9,1.17,71.15,0.08,10.79,0.0,0.0,negative
1.52614,13.7,0.0,1.36,71.24,0.19,13.44,0.0,0.1,negative
1.51609,15.01,0.0,2.51,73.05,0.05,8.83,0.53,0.0,negative
1.51852,14.09,2.19,1.66,72.67,0.0,9.32,0.0,0.0,negative
1.51646,13.04,3.4,1.26,73.01,0.52,8.58,0.0,0.0,positive
1.51769,12.45,2.71,1.29,73.7,0.56,9.06,0.0,0.24,negative
1.51589,12.88,3.43,1.4,73.28,0.69,8.05,0.0,0.24,negative
1.51905,14.0,2.39,1.56,72.37,0.0,9.57,0.0,0.0,negative
1.51115,17.38,0.0,0.34,75.41,0.0,6.65,0.0,0.0,negative
1.51596,13.02,3.56,1.54,73.11,0.72,7.9,0.0,0.0,negative
1.51674,12.87,3.56,1.64,73.14,0.65,7.99,0.0,0.0,negative
1.51934,13.64,3.54,0.75,72.65,0.16,8.89,0.15,0.24,positive
1.51851,13.2,3.63,1.07,72.83,0.57,8.41,0.09,0.17,negative
1.51631,13.34,3.57,1.57,72.87,0.61,7.89,0.0,0.0,negative
1.51789,13.19,3.9,1.3,72.33,0.55,8.44,0.0,0.28,negative
1.5174341791176966,13.263780498605781,3.4775482316970407,1.4365580667271851,72.26648524745478,0.5919202761818306,8.79,0.0,0.0,positive
1.5179575119923587,13.346383638763445,3.3502397742271532,1.4867531740188031,72.24239774227154,0.5518081806182774,8.920369535255357,0.0,0.0,positive
1.5181952769024685,13.38889701827873,3.346929060973968,1.5711807743828565,72.07070939026032,0.5634645304869841,8.927638451234287,0.0,0.031180774382856456,positive
1.5186711950163805,13.593437627722697,3.484971741854097,1.0759366059411173,72.39179048100769,0.3377836032406094,8.847670570656998,0.08650585598549664,0.13840936957679462,positive
1.5170298413226968,13.376600951823924,3.5999855747906175,1.290043275628147,72.72332211372604,0.41007212604691184,8.493307688516653,0.0,0.06668269467709152,positive
1.5174827700876952,13.502506124399511,3.405417687399919,1.4650122487990254,72.17746937800244,0.5662530621997564,8.757923811799431,0.0,0.0,positive
1.5173907123187487,13.013503470878211,3.5016152489132537,1.3851187197914652,72.4564965291218,0.5936698435235945,8.855320625905621,0.0,0.0,positive
1.518193362895294,13.389800855000088,3.3470353947058924,1.5716592761765167,72.06964605294107,0.5635176973529463,8.926681447646967,0.0,0.031659276176516656,positive
1.5178701538945023,13.537668942022313,3.4190632951172804,1.4663174058438027,72.08252776939648,0.5507185850057105,8.79697176547483,0.010457648212246234,0.01673223713959396,positive
1.5169302466554113,13.335354675473438,3.5909315141283153,1.3172054576150536,72.71628006654424,0.4553424293584229,8.47721158067256,0.0,0.07674276207964953,positive
1.51725768422759,13.119571259128511,3.514138635743512,1.39135815584625,72.3891707198459,0.5983774063076785,8.79,0.0,0.0,positive
1.5175563664202645,13.069921896756771,3.472805839953989,1.4127277367107607,72.40007810324323,0.5876678833237478,8.879328466705008,0.0,0.0,positive
1.5169079466588198,13.432847659073596,3.382384113642135,1.368852007508427,72.46229598498314,0.5326931439297753,8.69061806057528,0.0,0.022847659073595525,positive
1.5188851371673826,13.49216957939934,3.5475810472102904,0.8561346609440643,72.64241895278971,0.24528678111576593,8.871047381974275,0.12157107296141134,0.19451371673825815,positive
1.5168518540359675,13.302889045198647,3.5838049123606783,1.338585262917964,72.71073715405831,0.4909754381966067,8.464542066418984,0.0,0.08466120848813483,positive
1.517034660140086,13.45806546843828,3.3980109114063803,1.3761309368765602,72.39967265780861,0.54403273421914,8.70607637984466,0.0,0.0,positive
1.5181038903474613,13.339767667911351,3.346104792444595,1.5082550792881075,72.20104792444594,0.5551161660443242,8.948487411376757,0.0,0.0,positive
1.518171016448435,13.400353343794519,3.348276863975826,1.5772458878912161,72.05723136024174,0.5641384319879129,8.915508224217568,0.0,0.03724588789121616,positive
1.5180487948053731,13.533556561016429,3.4705803658802794,0.9952827072230129,72.64537202439202,0.32660712188732954,8.778928585408448,0.08058036588027935,0.12892858540844698,positive
1.517435316941636,13.5963825140286,3.599680328282173,1.1479790525630762,72.74095719509882,0.2015965385344778,8.611170309577375,0.0,0.0,positive
1.5178111646261425,13.52232530607861,3.3972088434643504,1.548140544378429,72.01441768692871,0.57744176869287,8.79511646261426,0.0,0.02302408176416926,positive
1.5182760719598267,13.35074379674849,3.342440446676293,1.5509820100433187,72.11559553323707,0.5612202233381466,8.968035979913363,0.0,0.01098201004331879,positive
1.517834936976236,13.51875945356458,3.3912657559409674,1.5612153369298722,72.00253151188194,0.5762531511881934,8.797493697623613,0.0,0.03372163930625912,positive
1.5181148114565939,13.538998793912754,3.47412964820397,0.982741909679306,72.6456086432136,0.318088844310472,8.784607437126352,0.08412964820397,0.13460743712635198,positive
1.5169866497644853,13.501926266207413,3.4934170494833388,1.2148855614364165,72.68979339419568,0.3629592952290044,8.630848694540122,0.0,0.0,positive
1.5178829078891,13.486104325321383,3.3946365138624848,1.5243895674678616,72.06194783733932,0.5756104325321384,8.833895674678615,0.0,0.0,positive
1.5182427444146387,13.33349177786943,3.342182361168393,1.5286517219243556,72.16182361168393,0.5582541110652856,8.975159944054926,0.0,0.0,positive
1.5177446456916432,13.440818663352317,3.3747953341619206,1.6513710382338853,72.02877200497153,0.5749317780539736,8.739311181226379,0.0,0.1031514081439295,positive
1.5189062838735998,13.604245623988515,3.516681928688162,0.8323905186351612,72.64844546191254,0.21596337114841135,8.852691085901059,0.12668192868816192,0.20269108590105908,positive
1.5166668354203479,13.434596930599557,3.417671546924502,1.262577174158647,72.6533233374081,0.47798024355908947,8.644875639458427,0.0,0.0,positive
1.5177992505487572,13.515981946872417,3.4050936814053463,1.5214018053127583,72.0470090265638,0.5785981946872417,8.804018053127582,0.0,0.0,positive
1.5179682702810464,13.210207994269474,3.401170385904949,1.4813783801744238,72.25979200573053,0.5727438303968644,8.939024678412542,0.0,0.0,positive
1.5178801094361474,13.51198358457789,3.379972640963153,1.586060189881063,71.9799452819263,0.5739945281926306,8.80201094361474,0.0,0.05404924626632428,positive
1.5168671096895026,13.43614165899125,3.407048908037772,1.2197605249332055,72.64113659386919,0.47908262070934715,8.677278252860436,0.017048908037772037,0.027278252860435254,positive
1.5175074279309642,13.574389345146757,3.6434025391785565,1.1597923824643304,72.75709086380554,0.1929873041072172,8.5704934029841,0.0,0.01844162313493716,positive
1.5181962447602724,13.3741982999027,3.355469404965945,1.53558017000973,72.11790085004866,0.5644198299902701,8.945801700097299,0.0,0.0,positive
1.5179917051561886,13.485028120688677,3.358238602433962,1.6220737109528287,71.95761397566038,0.569119301216981,8.825852578094343,0.0,0.0820737109528288,positive
1.517782273741117,13.526658938832448,3.404431564720748,1.5322505576143541,72.0288631294415,0.5788863129441496,8.7922273741117,0.0,0.010023183502653299,positive
1.518215466416109,13.56170968719746,3.447475084869726,1.2980321896177758,72.21584462900411,0.45892664888242307,8.818826988361327,0.043240482541991726,0.06918477206718676,positive
1.5192866717712326,13.640323201386469,3.5438784166376265,0.7616352499128799,72.65387841663764,0.15838399306765558,8.880627159792402,0.14515197920296669,0.2322431667247467,positive
1.5178053001659166,13.523204975112492,3.3986749585208194,1.5449150912541976,72.01734991704164,0.5777349917041638,8.794530016591672,0.0,0.020385074662525305,positive
1.5182142456268064,13.293982206231185,3.358392064903225,1.5223742711344095,72.17601779376882,0.5638316801881719,8.974673279247313,0.0,0.0,positive
1.5179230390863148,13.50554413705279,3.369240228421318,1.6096714974731008,71.95848045684264,0.5718480456842635,8.806303908631474,0.0,0.07336758884162797,positive
1.5177664842218133,13.53045143316421,3.410533511921339,1.5168399678505302,72.04250340209245,0.5782763461002891,8.790410393785644,6.15590678468142E-4,9.849450855490272E-4,positive
1.5167431487086604,13.450662886033756,3.435745746787975,1.2511971223927565,72.66202572993495,0.4505342363590011,8.641528565409635,0.0,0.0,positive
1.5177824402075035,13.526633968874476,3.4043899481241287,1.5323421141269176,72.02877989624827,0.5788779896248256,8.792244020750347,0.0,0.010098093376568853,positive
1.5172064623332002,12.950751664205878,3.533658724660828,1.3544103888667065,72.51924833579412,0.6003455676376726,8.82861772944931,0.0,0.0,positive
1.5178091252111703,13.522631218324452,3.397718697207421,1.5470188661436746,72.01543739441485,0.5775437394414841,8.79491252111703,0.0,0.022106345026642826,positive
1.5184459224115407,13.349424783750763,3.5549012931409867,0.9586181039738112,72.63509870685901,0.3276395478360983,8.852746767147535,0.09412015072130059,0.15059224115408093,positive
1.5175267380037183,13.582386445984362,3.6451580003380304,1.1545259989859087,72.75845622248514,0.18420999830984758,8.573614222823165,0.0,0.016491110735521685,positive
1.5179002802333679,13.47989991665433,3.3924649708290158,1.525010008334567,72.06505004167283,0.5749899916654331,8.840100083345668,0.0,0.0,positive
1.5178428400131223,13.500414281027773,3.3996449983597206,1.5229585718972227,72.05479285948611,0.5770414281027773,8.819585718972226,0.0,0.0,positive
1.517970975745972,13.494817008846482,3.35939023633488,1.627256063506961,71.94609763665119,0.5696951181674401,8.815487872986077,0.0,0.08725606350696123,positive
1.51781023315012,13.533497244628604,3.4141331072883507,1.49551928759977,72.05939381112226,0.5666468841453289,8.79317931329873,0.0047689699480967795,0.007630351916954825,positive
1.5175803152196743,13.604574989966142,3.650028656334031,1.139914030997907,72.76224451048202,0.15985671832984488,8.582273166816055,0.0,0.01107927073996553,positive
1.517449903739094,13.499246651810978,3.4048744419684964,1.4584933036219554,72.19376674094512,0.5646233259054888,8.754121093779473,0.0,0.0,positive
1.5180343383025336,13.464895801581312,3.3558700943036834,1.6114154243665766,71.98129905696317,0.5679350471518418,8.847169151266847,0.0,0.07141542436657677,positive
1.516777857643695,13.1751364517024,3.4412158870744003,1.7473118368852445,72.4272953224464,0.5970719623581333,8.421968539533422,0.0,0.16219189962168892,positive
1.517919726677103,13.178411170058494,3.5636712220482822,1.081397108675953,72.62632877795171,0.4263012480431765,8.830821944879293,0.06123291731894115,0.09797266771030586,positive
1.5172682612524222,13.475340518679918,3.6216601138565676,1.2250196584302977,72.7401800885551,0.3016994307171629,8.531840202411676,0.0,0.04259987349270286,positive
1.5171838877972998,13.472864905517344,3.400477484252891,1.4057298110346896,72.32567547241328,0.5514324527586724,8.723342389770236,0.0,0.0,positive
1.5180592750793134,13.453120101435376,3.3544847178159265,1.605181230171669,71.99515282184073,0.5672423589079633,8.859637539656662,0.0,0.06518123017166916,positive
1.5180705615861967,13.447790362073764,3.353857689655737,1.6023596034508165,72.00142310344263,0.5669288448278685,8.865280793098368,0.0,0.06235960345081651,positive
1.5190078082121863,13.616872723633232,3.5126677642938198,0.9118909345673764,72.52174874014793,0.24830414612765983,8.868975203302938,0.1184628049544072,0.18954048792705153,positive
1.5183655352965733,13.645905846687436,3.6108701602492155,0.9626104807476459,72.72087016024922,0.13047076656282697,8.718730446064397,0.06141229968848092,0.09825967950156948,positive
1.5178023187306235,13.514886167634456,3.40471015867206,1.5215113832365543,72.04755691618277,0.5784886167634457,8.805113832365542,0.0,0.0,positive
1.5172004305160074,13.380602010575938,3.3716262566099617,1.3755434656282002,72.45626256609961,0.5346989947120309,8.774941455052263,0.0,0.0,positive
1.5178548487263654,13.51577269104519,3.3862878184086482,1.5721667995009738,71.99257563681729,0.5752575636817296,8.79948487263654,0.0,0.04268192686443312,positive
1.5190889750378882,13.641521363406738,3.558256360880855,0.8047690826425649,72.66825636088086,0.15239318296631044,8.845880461204601,0.12717954889893132,0.20348727823829013,positive
1.5179493541900146,13.648428156424155,3.641137877089839,1.053413631269517,72.75113787708983,0.11785921787923374,8.645583463699555,0.02357765363770123,0.03772424582032197,positive
1.5178165191191653,13.521522132125202,3.3958702202086712,1.5510855155409238,72.01174044041734,0.5771740440417341,8.795651911916531,0.0,0.02543360362439218,positive
1.5181978600390569,13.38767720377863,3.346785553385721,1.5705349902357453,72.07214446614279,0.5633927766928606,8.92893001952851,0.0,0.030534990235745355,positive
1.5175891660349488,13.398091429451549,3.3854771426371126,1.6668003171424959,72.09286285582267,0.5784923808790375,8.688275874067129,0.0,0.1126463490107668,positive
1.51906618035226,13.641659513016606,3.559914156199258,0.8097424685977741,72.66991415619927,0.15170243491697583,8.84187412251846,0.12510730475092743,0.2001716876014839,positive
1.5161887689258353,13.432840788013916,3.4145156734070365,1.2138587535585614,72.69446636104831,0.5632018337100866,8.335632263669117,0.0,0.0,positive
1.5177160562352852,13.494094728830529,3.4191102926847914,1.5087461090364345,72.07054627547254,0.5816076987090808,8.79,0.0,0.0,positive
1.5169552101095665,13.391685418776662,3.378553386735414,1.3395223889758474,72.52553386735414,0.5291572906116688,8.727836970199185,0.0,0.0,positive
1.5167900708810402,13.178492761201856,3.4403768096995364,1.7460998362326634,72.42226085819722,0.5967922698998454,8.425977464768883,0.0,0.16144605306625442,positive
1.5191051449535204,13.620639189716755,3.5273733845978827,0.794614041087481,72.64915822563987,0.19030387696508144,8.869797415356613,0.13737338459788273,0.21979741535661237,positive
1.5172849640426693,13.564729272140923,3.5640704311585374,1.1704000989001802,72.72381168907633,0.25567082675925795,8.617764734970642,0.0,0.0,positive
1.5165950922787788,13.414471961531772,3.3907453269219623,1.2889439230635455,72.61764019234114,0.5222359807658864,8.655217288453736,0.0,0.0,positive
1.5180809022418236,13.41539205649154,3.369887219772039,1.531460794350846,72.09730397175423,0.5685392056491541,8.90460794350846,0.0,0.0,positive
1.5179405329308142,13.502920060377873,3.3648667672964554,1.6192931119477978,71.94973353459291,0.570973353459291,8.808053293081418,0.0,0.08123981886638006,positive
1.5187983151529412,13.602287763812367,3.495430993596434,1.0139856533134308,72.44086850841404,0.30399217453459865,8.855716148920333,0.09857422338050048,0.15771875740880076,positive
1.5175726601754789,13.625296879048205,3.63220898892923,1.1274980440075222,72.75661914281777,0.15220116495931774,8.605146483531623,0.0,0.0,positive
1.5178686654841176,13.513700177382372,3.3828336289706207,1.5797660162646348,71.98566725794124,0.574566725794124,8.800866548411753,0.0,0.04889946785288299,positive
1.517484237398983,13.045356215595703,3.4853500175681518,1.4007062331638545,72.4246437844043,0.5902812536600317,8.868874985359874,0.0,0.0,positive
1.5180141313147262,13.474437990268152,3.3569927047374297,1.6164671713184338,71.9700729526257,0.5684963523687149,8.837065657363134,0.0,0.07646717131843381,positive
1.5169784196758578,13.445317751056383,3.413033315906336,1.1986156171309466,72.64153555439376,0.4647200418247939,8.686853305450137,0.023033315906335894,0.03685330545013746,positive
1.5168435957866842,13.471809639301895,3.459535844214632,1.2362181721611578,72.67348022128853,0.4144085328592628,8.637122991812106,0.0,0.0,positive
1.5167326741396978,13.4281164436064,3.3930194072677335,1.3162328872128,72.549417781968,0.5290582218032001,8.671135850874133,0.0,0.0,positive
1.517810743260734,13.511877406880714,3.4036570924082503,1.5218122593119285,72.04906129655964,0.5781877406880715,8.808122593119284,0.0,0.0,positive
1.5168987412566735,13.432260080213203,3.382579973262266,1.3665669786068957,72.46686604278621,0.5323667112295566,8.689573475934582,0.0,0.022260080213201763,positive
1.5173907597259357,13.006496910929116,3.572487337901071,1.2048227306149935,72.61751266209893,0.5254825513870484,8.808781655247323,0.028172482870983867,0.04507597259357418,positive
1.5176157878090222,13.61926565828194,3.6532534371838405,1.1302396884484793,72.76475267336521,0.14373281408079885,8.588006110549049,0.0,0.0074961809068441855,positive
1.5170295079814993,13.457554510561907,3.397925751760318,1.375109021123814,72.40222744719047,0.5437772552809534,8.705480262322224,0.0,0.0,positive
1.5177789952534448,13.523215980912557,3.4076255933193953,1.5206784019087443,72.04339200954372,0.5793215980912557,8.796784019087442,0.0,0.0,positive
1.5174011349734888,13.346418771340426,3.398395307164894,1.6854598881270686,72.17037184298937,0.5827984357216313,8.62655575465662,0.0,0.12412916192435,positive
1.5182115750772491,13.646838938925763,3.6220672671091534,0.9962018013274594,72.73206726710916,0.1258053053711862,8.69167077115288,0.04741591611355858,0.07586546578169373,positive
1.5169915855389833,13.548971493060462,3.5457938617205222,1.158317981579779,72.73485964976015,0.32084210143903585,8.477008774160563,0.0,0.0,positive
1.5178030665640778,13.523540015388335,3.399233358980558,1.5436866102427729,72.01846671796112,0.5778466717961115,8.794306656407777,0.0,0.019379953834996032,positive
1.5180188788004343,13.43754328555916,3.3776401499457065,1.5292456714440839,72.08622835722042,0.5707543285559161,8.882456714440838,0.0,0.0,positive
1.5182833133857179,13.347324234522109,3.342038145237895,1.549171653570528,72.11961854762104,0.5610190726189476,8.971656692858945,0.0,0.00917165357052803,positive
1.5182455520408216,13.563804256006566,3.4499504843713975,1.2833702079540306,72.22745996512734,0.4509292043385621,8.820731141824151,0.0460967127362278,0.07375474037796448,positive
1.5162167007286638,13.436881237479671,3.419083138020498,1.2119263646836356,72.69587173477554,0.5547695913467735,8.340551071714382,0.0,0.0,positive
1.517198809144562,13.071466008361629,3.5263444456395865,1.376280390680511,72.43009608243861,0.600531372759927,8.79,0.0,0.0,positive
1.5182432418981344,13.30385774791542,3.3533492351070198,1.5272069830224393,72.16614225208458,0.5627810906472959,8.978875637410816,0.0,0.0,positive
1.5179051405137418,13.50822892293872,3.373714871564533,1.5998272825580269,71.96742974312906,0.5727429743129065,8.804514051374186,0.0,0.06531323118384016,positive
1.518594700159012,13.588112036386917,3.4786778611845386,1.1132157452915805,72.36225765632746,0.35811767924995297,8.842829123988107,0.07924368598215963,0.1267898975714554,positive
1.5174963667133599,13.569808436845992,3.6423969739418034,1.1628090781745903,72.75630875751028,0.19801513029098394,8.568705731452095,0.0,0.019558917842440873,positive
1.517492823723488,13.31169743260605,3.4653902036671216,1.4515768072347324,72.2257200946486,0.5897747418236097,8.79,0.0,0.0,positive
1.518117206161854,13.339165823193035,3.3457286394956465,1.510211074622637,72.19728639495646,0.5554170884034827,8.951045251429603,0.0,0.0,positive
1.517949266849039,13.501609972644124,3.3626832877402064,1.624096766971546,71.9453665754804,0.5705366575480412,8.808926684903918,0.0,0.08517008206762856,positive
1.5182267445687083,13.646747002613889,3.6209640313666696,0.9928920941000088,72.73096403136667,0.12626498693055435,8.694336924197215,0.048794960791663025,0.07807193726666084,positive
1.5172860367215586,13.591565060351233,3.593943111701392,1.1379471450494112,72.74967480360043,0.23195117839743,8.528861812601498,0.0,0.0,positive
1.5171327509075818,13.467793478437867,3.3996322464063113,1.3955869568757358,72.35103260781067,0.5488967392189339,8.71742572484418,0.0,0.0,positive
1.5165942215407604,13.408001286293318,3.3887508039333243,1.2864958195467142,72.62750803933324,0.5209993568533406,8.658494533253396,0.0,0.0,positive
1.5178889045796724,13.510664313049123,3.3777738550818723,1.5908975188198806,71.97554771016375,0.5735547710163744,8.802890457967251,0.0,0.05800706085262972,positive
1.5183433037205898,13.646040583511578,3.6124870021389226,0.9674610064167682,72.72248700213892,0.12979708244211552,8.71482307816427,0.0593912473263466,0.09502599572215456,positive
1.5172365536386603,13.462209082677536,3.6187776035145807,1.2336671894562574,72.7379381360669,0.3161119824270959,8.526715739581476,0.0,0.04580266276157685,positive
1.5170167632576321,13.45629057100483,3.397715095167472,1.3725811420096603,72.40854714497586,0.543145285502415,8.704005666172302,0.0,0.0,positive
1.5182063036563433,13.383689940060075,3.3463164635364793,1.5684240859141567,72.0768353646352,0.5631582317682396,8.933151828171686,0.0,0.028424085914156818,positive
1.5181406970419855,13.414670841284638,3.3499612754452515,1.5848257395036311,72.04038724554748,0.5649806377226257,8.900348520992738,0.0,0.04482573950363123,positive
1.5189784649145206,13.642191121730178,3.5662934607621315,0.8288803822863947,72.67629346076214,0.14904439134911185,8.826457469824849,0.11713317404733556,0.18741307847573688,positive
1.5170755485498222,13.39553020750213,3.604140777256565,1.2775776682303048,72.72655393786621,0.38929611371717465,8.500694715122782,0.0,0.06206580304826103,positive
1.5172844827005034,13.482841259554053,3.4021402099256757,1.4256825191081088,72.27579370222973,0.5564206297770272,8.73498146947973,0.0,0.0,positive
1.5181394678048774,13.268514397313366,3.3713969034995572,1.5099113008129241,72.20148560268663,0.5665410215624078,8.96383591375037,0.0,0.0,positive
1.517963834521524,13.498189253724767,3.359786971026443,1.6290413696189947,71.94213028973556,0.5698934855132216,8.81191726076201,0.0,0.08904136961899471,positive
1.5177182249317565,13.11292310282086,3.5670295844707254,1.1284141825901524,72.62297041552928,0.46408282529565803,8.822426038823187,0.04863905823478064,0.07782249317564904,positive
1.5182615543484401,13.646536034251879,3.6184324110225314,0.9852972330675943,72.72843241102252,0.12731982874061193,8.700455006695549,0.05195948622183574,0.08313517795493719,positive
1.5180114741058885,13.440187819325535,3.3785657367639375,1.5289812180674465,72.08490609033724,0.5710187819325535,8.879812180674465,0.0,0.0,positive
1.516564123131218,13.409361666385637,3.389601041491023,1.2820745842466816,72.63601041491023,0.5203191668071818,8.652712917861045,0.0,0.0,positive
1.517806557864161,13.457832695494659,3.370541826126335,1.6452270821824844,72.00325095675801,0.5735139420421117,8.759633497396399,0.0,0.09937051211229811,positive
1.5178087547208272,13.64928027441923,3.6513632930307476,1.084089879092243,72.76136329303074,0.11359862790385514,8.62087204184236,0.010795883711565424,0.017273413938504706,positive
1.5175835550258006,13.60591672785682,3.6503231841636925,1.1390304475089228,72.76247358768286,0.15838407918153802,8.582796771846564,0.0,0.010752017595897334,positive
1.516924877944777,13.447177977994413,3.396196329665736,1.3543559559888267,72.45411011002794,0.5385889889972066,8.693374307660148,0.0,0.0,positive
1.5180922992856845,13.25244975671865,3.3796001242287743,1.5020498809474245,72.21755024328135,0.5682500258809947,8.956999896476022,0.0,0.0,positive
1.517023459935729,13.24263021134536,3.42434244716366,1.722939090347509,72.32605468298196,0.5914474823878867,8.502586085773624,0.0,0.14719328636769793,positive
1.5174583355739806,13.028459061543709,3.5713610737669894,1.18905503273785,72.61863892623302,0.5128120798786294,8.811597315582526,0.03239597337379016,0.05183355739806425,positive
1.5174605247160184,13.60168941389862,3.605650590635949,1.1442199984884769,72.74383176586176,0.1925305845898559,8.610064705437788,0.0,0.0,positive
1.5171756016947942,13.05250382379532,3.5311557462011876,1.3703370193985334,72.44622809020399,0.6013804258002096,8.79,0.0,0.0,positive
1.5181808464349815,13.336289426667495,3.3439308916671844,1.5195593633306397,72.17930891667184,0.5568552866662523,8.963269936663144,0.0,0.0,positive
1.5178610158540164,13.514847621897534,3.384746036495892,1.5755587197090377,71.98949207299178,0.5749492072991783,8.800101585401643,0.0,0.04545713430739458,positive
