@relation ecoli4
@attribute Mcg real [0.0, 0.89]
@attribute Gvh real [0.16, 1.0]
@attribute Lip real [0.48, 1.0]
@attribute Chg real [0.5, 1.0]
@attribute Aac real [0.0, 0.88]
@attribute Alm1 real [0.03, 1.0]
@attribute Alm2 real [0.0, 0.99]
@attribute Class {positive, negative}
@data
0.49,0.29,0.48,0.5,0.56,0.24,0.35,negative
0.07,0.4,0.48,0.5,0.54,0.35,0.44,negative
0.56,0.4,0.48,0.5,0.49,0.37,0.46,negative
0.23,0.32,0.48,0.5,0.55,0.25,0.35,negative
0.67,0.39,0.48,0.5,0.36,0.38,0.46,negative
0.29,0.28,0.48,0.5,0.44,0.23,0.34,negative
0.21,0.34,0.48,0.5,0.51,0.28,0.39,negative
0.2,0.44,0.48,0.5,0.46,0.51,0.57,negative
0.42,0.4,0.48,0.5,0.56,0.18,0.3,negative
0.42,0.24,0.48,0.5,0.57,0.27,0.37,negative
0.25,0.48,0.48,0.5,0.44,0.17,0.29,negative
0.39,0.32,0.48,0.5,0.46,0.24,0.35,negative
0.51,0.5,0.48,0.5,0.46,0.32,0.35,negative
0.22,0.43,0.48,0.5,0.48,0.16,0.28,negative
0.25,0.4,0.48,0.5,0.46,0.44,0.52,negative
0.44,0.27,0.48,0.5,0.55,0.52,0.58,negative
0.23,0.4,0.48,0.5,0.39,0.28,0.38,negative
0.4,0.45,0.48,0.5,0.38,0.22,0.0,negative
0.31,0.23,0.48,0.5,0.73,0.05,0.14,negative
0.51,0.54,0.48,0.5,0.41,0.34,0.43,negative
0.3,0.16,0.48,0.5,0.56,0.11,0.23,negative
0.36,0.39,0.48,0.5,0.48,0.22,0.23,negative
0.29,0.37,0.48,0.5,0.48,0.44,0.52,negative
0.43,0.37,0.48,0.5,0.53,0.35,0.44,negative
0.43,0.39,0.48,0.5,0.47,0.31,0.41,negative
0.34,0.33,0.48,0.5,0.38,0.35,0.44,negative
0.56,0.51,0.48,0.5,0.34,0.37,0.46,negative
0.24,0.35,0.48,0.5,0.31,0.19,0.31,negative
0.36,0.54,0.48,0.5,0.41,0.38,0.46,negative
0.29,0.52,0.48,0.5,0.42,0.29,0.39,negative
0.65,0.47,0.48,0.5,0.59,0.3,0.4,negative
0.32,0.42,0.48,0.5,0.35,0.28,0.38,negative
0.38,0.46,0.48,0.5,0.48,0.22,0.29,negative
0.33,0.45,0.48,0.5,0.52,0.32,0.41,negative
0.3,0.37,0.48,0.5,0.59,0.41,0.49,negative
0.4,0.5,0.48,0.5,0.45,0.39,0.47,negative
0.28,0.38,0.48,0.5,0.5,0.33,0.42,negative
0.61,0.45,0.48,0.5,0.48,0.35,0.41,negative
0.17,0.38,0.48,0.5,0.45,0.42,0.5,negative
0.44,0.35,0.48,0.5,0.55,0.55,0.61,negative
0.43,0.4,0.48,0.5,0.39,0.28,0.39,negative
0.42,0.35,0.48,0.5,0.58,0.15,0.27,negative
0.23,0.33,0.48,0.5,0.43,0.33,0.43,negative
0.37,0.52,0.48,0.5,0.42,0.42,0.36,negative
0.22,0.36,0.48,0.5,0.35,0.39,0.47,negative
0.23,0.58,0.48,0.5,0.37,0.53,0.59,negative
0.47,0.47,0.48,0.5,0.22,0.16,0.26,negative
0.54,0.47,0.48,0.5,0.28,0.33,0.42,negative
0.51,0.37,0.48,0.5,0.35,0.36,0.45,negative
0.4,0.35,0.48,0.5,0.45,0.33,0.42,negative
0.42,0.38,0.48,0.5,0.54,0.34,0.43,negative
0.44,0.56,0.48,0.5,0.5,0.46,0.54,negative
0.52,0.36,0.48,0.5,0.41,0.28,0.38,negative
0.36,0.41,0.48,0.5,0.48,0.47,0.54,negative
0.18,0.3,0.48,0.5,0.46,0.24,0.35,negative
0.24,0.43,0.48,0.5,0.54,0.52,0.59,negative
0.25,0.37,0.48,0.5,0.41,0.33,0.42,negative
0.52,0.57,0.48,0.5,0.42,0.47,0.54,negative
0.25,0.37,0.48,0.5,0.43,0.26,0.36,negative
0.35,0.48,0.48,0.5,0.56,0.4,0.48,negative
0.26,0.26,0.48,0.5,0.34,0.25,0.35,negative
0.44,0.51,0.48,0.5,0.47,0.26,0.36,negative
0.37,0.5,0.48,0.5,0.42,0.36,0.45,negative
0.44,0.42,0.48,0.5,0.42,0.25,0.2,negative
0.41,0.48,0.48,0.5,0.51,0.44,0.51,negative
0.44,0.28,0.48,0.5,0.43,0.27,0.37,negative
0.34,0.28,0.48,0.5,0.41,0.35,0.44,negative
0.29,0.47,0.48,0.5,0.41,0.23,0.34,negative
0.34,0.55,0.48,0.5,0.58,0.31,0.41,negative
0.4,0.46,0.48,0.5,0.52,0.49,0.56,negative
0.5,0.49,0.48,0.5,0.49,0.46,0.53,negative
0.5,0.51,0.48,0.5,0.27,0.23,0.34,negative
0.53,0.42,0.48,0.5,0.16,0.29,0.39,negative
0.34,0.46,0.48,0.5,0.52,0.35,0.44,negative
0.4,0.42,0.48,0.5,0.37,0.27,0.27,negative
0.3,0.45,0.48,0.5,0.36,0.21,0.32,negative
0.31,0.47,0.48,0.5,0.29,0.28,0.39,negative
0.64,0.76,0.48,0.5,0.45,0.35,0.38,negative
0.35,0.37,0.48,0.5,0.3,0.34,0.43,negative
0.57,0.54,0.48,0.5,0.37,0.28,0.33,negative
0.65,0.55,0.48,0.5,0.34,0.37,0.28,negative
0.51,0.46,0.48,0.5,0.58,0.31,0.41,negative
0.33,0.47,0.48,0.5,0.53,0.18,0.29,negative
0.26,0.5,0.48,0.5,0.44,0.32,0.41,negative
0.44,0.49,0.48,0.5,0.39,0.38,0.4,negative
0.43,0.32,0.48,0.5,0.33,0.45,0.52,negative
0.47,0.28,0.48,0.5,0.56,0.2,0.25,negative
0.32,0.33,0.48,0.5,0.6,0.06,0.2,negative
0.34,0.35,0.48,0.5,0.51,0.49,0.56,negative
0.35,0.34,0.48,0.5,0.46,0.3,0.27,negative
0.38,0.3,0.48,0.5,0.43,0.29,0.39,negative
0.38,0.44,0.48,0.5,0.43,0.2,0.31,negative
0.34,0.42,0.48,0.5,0.41,0.34,0.43,negative
0.51,0.49,0.48,0.5,0.53,0.14,0.26,negative
0.25,0.51,0.48,0.5,0.37,0.42,0.5,negative
0.29,0.28,0.48,0.5,0.5,0.42,0.5,negative
0.25,0.26,0.48,0.5,0.39,0.32,0.42,negative
0.24,0.41,0.48,0.5,0.49,0.23,0.34,negative
0.17,0.39,0.48,0.5,0.53,0.3,0.39,negative
0.04,0.31,0.48,0.5,0.41,0.29,0.39,negative
0.61,0.36,0.48,0.5,0.49,0.35,0.44,negative
0.34,0.51,0.48,0.5,0.44,0.37,0.46,negative
0.28,0.33,0.48,0.5,0.45,0.22,0.33,negative
0.4,0.46,0.48,0.5,0.42,0.35,0.44,negative
0.23,0.34,0.48,0.5,0.43,0.26,0.37,negative
0.0,0.38,0.48,0.5,0.42,0.48,0.55,negative
0.39,0.31,0.48,0.5,0.38,0.34,0.43,negative
0.27,0.3,0.48,0.5,0.71,0.28,0.39,negative
0.17,0.52,0.48,0.5,0.49,0.37,0.46,negative
0.36,0.42,0.48,0.5,0.53,0.32,0.41,negative
0.3,0.37,0.48,0.5,0.43,0.18,0.3,negative
0.26,0.4,0.48,0.5,0.36,0.26,0.37,negative
0.22,0.34,0.48,0.5,0.42,0.29,0.39,negative
0.44,0.35,0.48,0.5,0.44,0.52,0.59,negative
0.27,0.42,0.48,0.5,0.37,0.38,0.43,negative
0.16,0.43,0.48,0.5,0.54,0.27,0.37,negative
0.06,0.61,0.48,0.5,0.49,0.92,0.37,negative
0.44,0.52,0.48,0.5,0.43,0.47,0.54,negative
0.63,0.47,0.48,0.5,0.51,0.82,0.84,negative
0.23,0.48,0.48,0.5,0.59,0.88,0.89,negative
0.34,0.49,0.48,0.5,0.58,0.85,0.8,negative
0.43,0.4,0.48,0.5,0.58,0.75,0.78,negative
0.46,0.61,0.48,0.5,0.48,0.86,0.87,negative
0.27,0.35,0.48,0.5,0.51,0.77,0.79,negative
0.52,0.39,0.48,0.5,0.65,0.71,0.73,negative
0.29,0.47,0.48,0.5,0.71,0.65,0.69,negative
0.12,0.67,0.48,0.5,0.74,0.58,0.63,negative
0.4,0.5,0.48,0.5,0.65,0.82,0.84,negative
0.84,0.44,0.48,0.5,0.48,0.71,0.74,negative
0.48,0.45,0.48,0.5,0.6,0.78,0.8,negative
0.54,0.49,0.48,0.5,0.4,0.87,0.88,negative
0.5,0.66,0.48,0.5,0.31,0.92,0.92,negative
0.47,0.55,0.48,0.5,0.58,0.71,0.75,negative
0.33,0.56,0.48,0.5,0.33,0.78,0.8,negative
0.64,0.58,0.48,0.5,0.48,0.78,0.73,negative
0.54,0.57,0.48,0.5,0.56,0.81,0.83,negative
0.47,0.59,0.48,0.5,0.52,0.76,0.79,negative
0.63,0.5,0.48,0.5,0.59,0.85,0.86,negative
0.49,0.42,0.48,0.5,0.53,0.79,0.81,negative
0.31,0.5,0.48,0.5,0.57,0.84,0.85,negative
0.74,0.44,0.48,0.5,0.55,0.88,0.89,negative
0.45,0.4,0.48,0.5,0.61,0.74,0.77,negative
0.71,0.4,0.48,0.5,0.71,0.7,0.74,negative
0.5,0.37,0.48,0.5,0.66,0.64,0.69,negative
0.66,0.53,0.48,0.5,0.59,0.66,0.66,negative
0.83,0.37,0.48,0.5,0.61,0.71,0.74,negative
0.34,0.51,0.48,0.5,0.67,0.9,0.9,negative
0.7,0.4,0.48,0.5,0.56,0.86,0.83,negative
0.6,0.5,1.0,0.5,0.54,0.77,0.8,negative
0.16,0.51,0.48,0.5,0.33,0.39,0.48,negative
0.7,0.46,0.48,0.5,0.56,0.78,0.73,negative
0.12,0.43,0.48,0.5,0.63,0.7,0.74,negative
0.63,0.65,0.48,0.5,0.66,0.67,0.71,negative
0.41,0.51,0.48,0.5,0.53,0.75,0.78,negative
0.34,0.67,0.48,0.5,0.52,0.76,0.79,negative
0.58,0.34,0.48,0.5,0.56,0.87,0.81,negative
0.59,0.56,0.48,0.5,0.55,0.8,0.82,negative
0.51,0.4,0.48,0.5,0.57,0.62,0.67,negative
0.5,0.57,0.48,0.5,0.71,0.61,0.66,negative
0.37,0.47,0.48,0.5,0.39,0.76,0.79,negative
0.58,0.55,0.48,0.5,0.57,0.7,0.74,negative
0.36,0.47,0.48,0.5,0.51,0.69,0.72,negative
0.39,0.41,0.48,0.5,0.52,0.72,0.75,negative
0.35,0.51,0.48,0.5,0.61,0.71,0.74,negative
0.31,0.44,0.48,0.5,0.5,0.79,0.82,negative
0.61,0.66,0.48,0.5,0.46,0.87,0.88,negative
0.48,0.49,0.48,0.5,0.52,0.77,0.71,negative
0.11,0.5,0.48,0.5,0.58,0.72,0.68,negative
0.31,0.36,0.48,0.5,0.58,0.94,0.94,negative
0.68,0.51,0.48,0.5,0.71,0.75,0.78,negative
0.69,0.39,0.48,0.5,0.57,0.76,0.79,negative
0.52,0.54,0.48,0.5,0.62,0.76,0.79,negative
0.36,0.45,0.48,0.5,0.38,0.79,0.17,negative
0.1,0.49,0.48,0.5,0.41,0.67,0.21,negative
0.61,0.47,0.48,0.5,0.0,0.8,0.32,negative
0.63,0.75,0.48,0.5,0.64,0.73,0.66,negative
0.71,0.52,0.48,0.5,0.64,1.0,0.99,negative
0.85,0.53,0.48,0.5,0.53,0.52,0.35,negative
0.63,0.49,0.48,0.5,0.54,0.76,0.79,negative
0.75,0.55,1.0,1.0,0.4,0.47,0.3,negative
0.7,0.39,1.0,0.5,0.51,0.82,0.84,negative
0.72,0.42,0.48,0.5,0.65,0.77,0.79,negative
0.78,0.33,0.48,0.5,0.57,0.77,0.79,negative
0.75,0.37,0.48,0.5,0.64,0.7,0.74,negative
0.59,0.29,0.48,0.5,0.64,0.75,0.77,negative
0.67,0.37,0.48,0.5,0.54,0.64,0.68,negative
0.64,0.46,0.48,0.5,0.48,0.73,0.76,negative
0.76,0.71,0.48,0.5,0.5,0.71,0.75,negative
0.84,0.49,0.48,0.5,0.55,0.78,0.74,negative
0.81,0.44,0.48,0.5,0.42,0.67,0.68,negative
0.58,0.6,0.48,0.5,0.59,0.73,0.76,negative
0.63,0.42,0.48,0.5,0.48,0.77,0.8,negative
0.62,0.42,0.48,0.5,0.58,0.79,0.81,negative
0.86,0.39,0.48,0.5,0.59,0.89,0.9,negative
0.81,0.53,0.48,0.5,0.57,0.87,0.88,negative
0.47,0.46,0.48,0.5,0.62,0.74,0.77,negative
0.76,0.41,0.48,0.5,0.5,0.59,0.62,negative
0.7,0.53,0.48,0.5,0.7,0.86,0.87,negative
0.64,0.45,0.48,0.5,0.67,0.61,0.66,negative
0.81,0.52,0.48,0.5,0.57,0.78,0.8,negative
0.73,0.26,0.48,0.5,0.57,0.75,0.78,negative
0.88,0.42,0.48,0.5,0.52,0.73,0.75,negative
0.63,0.51,0.48,0.5,0.64,0.72,0.76,negative
0.79,0.54,0.48,0.5,0.5,0.66,0.68,negative
0.57,0.38,0.48,0.5,0.06,0.49,0.33,negative
0.78,0.44,0.48,0.5,0.45,0.73,0.68,negative
0.78,0.68,0.48,0.5,0.83,0.4,0.29,positive
0.63,0.69,0.48,0.5,0.65,0.41,0.28,positive
0.67,0.88,0.48,0.5,0.73,0.5,0.25,positive
0.61,0.75,0.48,0.5,0.51,0.33,0.33,positive
0.67,0.84,0.48,0.5,0.74,0.54,0.37,positive
0.73,0.84,0.48,0.5,0.86,0.58,0.29,positive
0.75,0.76,0.48,0.5,0.83,0.57,0.3,positive
0.77,0.57,0.48,0.5,0.88,0.53,0.2,positive
0.74,0.78,0.48,0.5,0.75,0.54,0.15,positive
0.68,0.76,0.48,0.5,0.84,0.45,0.27,positive
0.56,0.68,0.48,0.5,0.77,0.36,0.45,positive
0.65,0.51,0.48,0.5,0.66,0.54,0.33,positive
0.6,0.76,1.0,0.5,0.77,0.59,0.52,positive
0.69,0.59,0.48,0.5,0.77,0.39,0.21,positive
0.71,0.71,0.48,0.5,0.68,0.43,0.36,positive
0.68,0.63,0.48,0.5,0.73,0.4,0.3,positive
0.77,0.57,1.0,0.5,0.37,0.54,0.01,negative
0.71,0.46,1.0,0.5,0.52,0.59,0.3,negative
0.68,0.49,1.0,0.5,0.62,0.55,0.28,negative
0.74,0.49,0.48,0.5,0.42,0.54,0.36,negative
0.7,0.61,0.48,0.5,0.56,0.52,0.43,negative
0.66,0.86,0.48,0.5,0.34,0.41,0.36,negative
0.73,0.78,0.48,0.5,0.58,0.51,0.31,negative
0.72,0.86,0.48,0.5,0.17,0.55,0.21,negative
0.67,0.81,0.48,0.5,0.54,0.49,0.23,negative
0.67,0.61,0.48,0.5,0.51,0.37,0.38,negative
0.63,1.0,0.48,0.5,0.35,0.51,0.49,negative
0.57,0.59,0.48,0.5,0.39,0.47,0.33,negative
0.71,0.71,0.48,0.5,0.4,0.54,0.39,negative
0.66,0.74,0.48,0.5,0.31,0.38,0.43,negative
0.67,0.81,0.48,0.5,0.25,0.42,0.25,negative
0.64,0.72,0.48,0.5,0.49,0.42,0.19,negative
0.68,0.82,0.48,0.5,0.38,0.65,0.56,negative
0.32,0.39,0.48,0.5,0.53,0.28,0.38,negative
0.63,0.86,0.48,0.5,0.39,0.47,0.34,negative
0.63,0.83,0.48,0.5,0.4,0.39,0.19,negative
0.71,0.86,0.48,0.5,0.4,0.54,0.32,negative
0.68,0.78,0.48,0.5,0.43,0.44,0.42,negative
0.64,0.84,0.48,0.5,0.37,0.45,0.4,negative
0.74,0.47,0.48,0.5,0.5,0.57,0.42,negative
0.75,0.84,0.48,0.5,0.35,0.52,0.33,negative
0.69,0.67,0.48,0.5,0.3,0.39,0.24,negative
0.7,0.71,0.48,0.5,0.42,0.84,0.85,negative
0.69,0.8,0.48,0.5,0.46,0.57,0.26,negative
0.66,0.71,0.48,0.5,0.41,0.5,0.35,negative
0.62,0.78,0.48,0.5,0.47,0.49,0.54,negative
0.76,0.73,0.48,0.5,0.44,0.39,0.39,negative
0.29,0.39,0.48,0.5,0.52,0.4,0.48,negative
0.62,0.83,0.48,0.5,0.46,0.36,0.4,negative
0.56,0.54,0.48,0.5,0.43,0.37,0.3,negative
0.69,0.66,0.48,0.5,0.41,0.5,0.25,negative
0.43,0.59,0.48,0.5,0.52,0.49,0.56,negative
0.74,0.56,0.48,0.5,0.47,0.68,0.3,negative
0.71,0.57,0.48,0.5,0.48,0.35,0.32,negative
0.61,0.6,0.48,0.5,0.44,0.39,0.38,negative
0.59,0.61,0.48,0.5,0.42,0.42,0.37,negative
0.7579892154614019,0.6398219171423559,0.48,0.5,0.7890268459958691,0.3972418364183044,0.25298942542559355,positive
0.6102801273606583,0.7518150554104935,0.48,0.5,0.4665646213833525,0.3158831973258848,0.2999322516097926,positive
0.67,0.8484325040117409,0.48,0.5,0.703284894448658,0.4911417959286301,0.2442405564245103,positive
0.733333744437329,0.7993542289755705,0.48,0.5,0.8359828198482293,0.5772166797335331,0.2947502930389643,positive
0.6965298973510496,0.76,0.48,0.5,0.8354096414711624,0.5470099479902948,0.27463009519554205,positive
0.6341347263243667,0.703155893229961,0.48,0.5,0.6645758740758428,0.4159014807543704,0.3411168793824818,positive
0.6904751809843719,0.641371827272007,0.48,0.5,0.6901253093827867,0.40519787758322834,0.34702753439199463,positive
0.6705235596594673,0.5981434025865887,0.48,0.5,0.6373310895919884,0.5273962542797342,0.3616271655387926,positive
0.5642375513420981,0.6498840092259673,0.48,0.5,0.7656027493652717,0.39411420034303385,0.3243630420136535,positive
0.7406443170973412,0.5733715965067151,0.48,0.5,0.8265412564167842,0.43614710344703106,0.2001963516214362,positive
0.7383960368221261,0.8171616129349304,0.48,0.5,0.835746114066028,0.5437753666681092,0.1667208429511538,positive
0.6719950282493642,0.8144954903586501,0.48,0.5,0.5963102475917179,0.5234319767414173,0.31281751278795844,positive
0.597798246584322,0.6829553566497036,0.8305516568039624,0.5,0.77,0.5000582779167221,0.49208519179603416,positive
0.7105392278026825,0.6856001969405645,0.48,0.5,0.7323902311972871,0.4081741087559566,0.2854972876410443,positive
0.7458494215941296,0.7609301977740369,0.48,0.5,0.8266470456568974,0.5656253708656023,0.16377817932496347,positive
0.6775646694701344,0.6913457280781085,0.48,0.5,0.6557003855501209,0.4290244321616211,0.34374466367402545,positive
0.685289511598358,0.6229703993991325,0.48,0.5,0.742767112020383,0.4039123170714436,0.24791521992722204,positive
0.6179120769601727,0.8181985438536361,0.48,0.5,0.4899153485467883,0.3346177818939629,0.3628038962844737,positive
0.67,0.8421041635876699,0.48,0.5,0.63512428318774,0.49499026047308003,0.24097005797746632,positive
0.7223728457748625,0.8770675646833772,0.48,0.5,0.8009728955872872,0.5247570014184397,0.26589103880103476,positive
0.6726737643961729,0.8234032797952598,0.48,0.5,0.7398756098963892,0.4860886598679751,0.2697861906492671,positive
0.6395776108322772,0.7186957735023594,0.48,0.5,0.49157345361322025,0.410935271157547,0.23434616220522217,positive
0.6891500427819868,0.6111465081462113,0.48,0.5,0.7406775180616789,0.39916648215528766,0.22304723943294114,positive
0.6423717284820972,0.5047114993458104,0.48,0.5,0.5307586783372034,0.49026588198140675,0.35940034682391464,positive
0.6453463738814346,0.7093859577948933,0.48,0.5,0.7073174620117384,0.4288357736207601,0.3874099807603807,positive
0.7253683651465608,0.5898338955069872,0.48,0.5,0.8373487811549506,0.5138184696832915,0.2064882098435789,positive
0.6834215485494547,0.7998606915145463,0.48,0.5,0.7334352467222325,0.5348253131054719,0.22373783228821015,positive
0.7299698874983123,0.8356018345821898,0.48,0.5,0.7696113902344245,0.5424223885916654,0.30192153709571645,positive
0.6037528605597489,0.7546360204130677,0.8207306985436804,0.5,0.7387520793402992,0.6926434334478911,0.570452004820786,positive
0.7001910249858116,0.6661396011557785,0.48,0.5,0.7817554419319812,0.4,0.2950199866123463,positive
0.7093077469891464,0.76,0.48,0.5,0.8380554500541512,0.5070057504499574,0.28864084069095,positive
0.6828707902975616,0.71,0.48,0.5,0.6544298796490376,0.40911064485739246,0.36723057939309284,positive
0.6379225527236542,0.6072814493564898,0.48,0.5,0.7609424868481579,0.3992993592562429,0.24998007924995985,positive
0.6107369766148817,0.7672791937303267,0.48,0.5,0.5008411570674706,0.32674884650293434,0.29844530890673604,positive
0.6884652121173495,0.8639780672714416,0.48,0.5,0.8487969246226748,0.5788685032336732,0.2838097164755746,positive
0.7318970855883375,0.8224650851032131,0.48,0.5,0.8431203546698248,0.5708608677952887,0.2915099641620856,positive
0.6827770218662981,0.6861286447747025,0.48,0.5,0.8329024856476134,0.44817147827871234,0.2757061666762938,positive
0.6328662246450079,0.7084727227455068,0.48,0.5,0.6524503877031048,0.4107178227553283,0.31768580466764906,positive
0.7304499518543209,0.6741232209958777,0.48,0.5,0.8233796706212065,0.4,0.29190757142495,positive
0.6624723376122154,0.5411932263035893,0.48,0.5,0.6589352847744449,0.5055764189851888,0.33042470639359844,positive
0.5810178757354829,0.6737811141003529,0.48,0.5,0.753548756816726,0.3642899356044809,0.3496729151327372,positive
0.706152930485387,0.5751666451234226,0.48,0.5,0.7705696238921109,0.41112969358112106,0.20523429617209654,positive
0.7432845958874094,0.7748867663870633,0.48,0.5,0.8232065161197003,0.5567316855118783,0.27312567992821263,positive
0.705820796567891,0.84,0.48,0.5,0.8184917829186409,0.5645517818733321,0.29065184189508847,positive
0.6011987404075839,0.7517636908302202,0.8339033224267707,0.5,0.7529962941790149,0.6439468588868342,0.5393293277708014,positive
0.686759965659623,0.6855200728760414,0.48,0.5,0.8342805090054108,0.4448354443652649,0.28708670437095185,positive
0.7379512181485587,0.8293464052257215,0.48,0.5,0.836121587715055,0.5722397532705409,0.29396018287592107,positive
0.6929882933549056,0.678293990710002,0.48,0.5,0.6775159697976995,0.46501018692286733,0.39866461138832354,positive
0.7309928440764867,0.6769863817983682,0.48,0.5,0.7959507742490888,0.39881117507803654,0.23291266912989714,positive
0.6278376400595678,0.7516499104321182,0.48,0.5,0.5066323937760542,0.3426758121818389,0.3768454844233227,positive
0.684811283880403,0.8784868676424539,0.48,0.5,0.7551155582453738,0.5274140754249206,0.2519120605426969,positive
0.676286371982328,0.84,0.48,0.5,0.8464683783231272,0.5733791675134087,0.3604377602586482,positive
0.7220995135414933,0.76,0.48,0.5,0.8371719456042532,0.47148089917271907,0.29073741909178064,positive
0.6311499562016428,0.690403453450599,0.48,0.5,0.5504854514456338,0.41163723780041894,0.2449892838845301,positive
0.6386819240105496,0.6886697157898125,0.48,0.5,0.705175274332359,0.4043378106799578,0.28391418413301284,positive
0.6351302475478839,0.4981829087180789,0.48,0.5,0.5953873217166636,0.5029003396775007,0.3585446833769183,positive
0.6035414457212567,0.6829992344277448,0.48,0.5,0.7683604761150681,0.41419122455628576,0.37866006276494,positive
0.7665240098070101,0.6661023115055427,0.48,0.5,0.8233733858776426,0.5347809185570993,0.19654425197766426,positive
0.7334506924365355,0.78,0.48,0.5,0.6455654343618062,0.5305034991761332,0.2759366927417335,positive
0.700029395908675,0.776536933716885,0.48,0.5,0.8180226259719487,0.5654723399408899,0.35343675953631826,positive
0.5858623549275359,0.7516745499743089,0.8020805816188652,0.5,0.77,0.4080537178255121,0.464955330929215,positive
0.7547437948574287,0.722821975491349,0.48,0.5,0.83,0.5098336767377502,0.29558457252566805,positive
0.7301022292191764,0.7660910787939118,0.48,0.5,0.6122131360266165,0.5397340088792697,0.3015798336096172,positive
0.6846256564287501,0.6321088206235504,0.48,0.5,0.7250227363094773,0.4273958556750655,0.3481870159407713,positive
0.7361584680465938,0.6194511850652303,0.48,0.5,0.7944919671902635,0.3955178605890784,0.2870646209746762,positive
0.6135749919725473,0.7567242743293,0.48,0.5,0.5016121036989074,0.34139772495935433,0.3707832392034988,positive
0.6752672204096517,0.8581440617910849,0.48,0.5,0.7835758178817039,0.5288878992141548,0.28597099260955405,positive
0.6897598939701703,0.8525983580442972,0.48,0.5,0.7909658488350592,0.5480579326065467,0.26027090476224973,positive
0.6725689182487884,0.8298771292148647,0.48,0.5,0.7692921546154269,0.45537498384759645,0.2551344201942083,positive
0.6318760528326595,0.6615099787029264,0.48,0.5,0.6816408939969573,0.4047324422559004,0.2802326710744845,positive
0.6890114128731955,0.6106010223727957,0.48,0.5,0.7652642334108877,0.3984917656922464,0.26886022707143753,positive
0.6323165433105814,0.4989668704603913,0.48,0.5,0.6030315739240769,0.5003693788421629,0.35796000060367245,positive
0.6271658780806643,0.6855033571028706,0.48,0.5,0.7300381133943129,0.3687924920161087,0.32903906477330686,positive
0.7614116869144195,0.7163595973902201,0.48,0.5,0.8547552420752902,0.5523300181033468,0.20837505351224195,positive
0.6789173727696615,0.8748377330222021,0.48,0.5,0.7401087448444044,0.5216138275255199,0.16811534098110734,positive
0.67,0.8773555643023405,0.48,0.5,0.7347641012760069,0.5271311860069804,0.3178107734363614,positive
0.6117583312117447,0.7634874062644891,0.8271594384456413,0.5,0.6879995454268084,0.4939117104786499,0.5328796212445543,positive
0.768284590809309,0.7038613048312954,0.48,0.5,0.8391420241417665,0.41449416151050394,0.2866216076052873,positive
0.7349438294076137,0.7714490544408092,0.48,0.5,0.6155581526622979,0.5570889379138497,0.30034178462885286,positive
0.6843890631531411,0.653824016157371,0.48,0.5,0.7213713295050022,0.4049488194345169,0.308770469318673,positive
0.6891658016054658,0.5987358263602522,0.48,0.5,0.784183140929417,0.3932704236200585,0.24697606733032754,positive
0.6173364074725384,0.7560196551911986,0.48,0.5,0.45739004146162204,0.3302513054483585,0.33121857224395745,positive
0.6712301477413788,0.7753749623822948,0.48,0.5,0.7886480021292017,0.4973740481995655,0.25601687872964196,positive
0.6876439492589215,0.7891768401564179,0.48,0.5,0.8554605197569698,0.533842917859131,0.27066319060123784,positive
0.7450538119231017,0.6866520852597998,0.48,0.5,0.8372724524982754,0.4492857317131487,0.27373028957764195,positive
0.6333918966893504,0.7040868655919069,0.48,0.5,0.6043420385318865,0.41160231774420514,0.19294943427521538,positive
0.6822807375043176,0.6091740885564684,0.48,0.5,0.7682003006041538,0.39864771763160295,0.26536458359588455,positive
0.6521508378820919,0.5486191976248417,0.48,0.5,0.638940071878862,0.5143815405891753,0.36265160595540674,positive
0.5653014080042031,0.6890813729908726,0.48,0.5,0.7418388044184023,0.3827744130124424,0.4072990676957712,positive
0.778384996619644,0.5842405915012207,0.48,0.5,0.8630439428193046,0.5062558020886255,0.2395199742393299,positive
0.675356709201925,0.874158819273146,0.48,0.5,0.7303981230483981,0.5111456321207597,0.23904224431826007,positive
0.6784763425607466,0.84,0.48,0.5,0.773195516562408,0.57572913899304,0.3382509551134656,positive
0.589127183441543,0.7487256697870439,0.4933220925513929,0.5,0.77,0.43650923166650385,0.47083777157691187,positive
0.766620042383363,0.6857528248982324,0.48,0.5,0.8395301703592646,0.4148078988509059,0.2798090933484567,positive
0.7326791352304644,0.8342664925785293,0.48,0.5,0.8477870870168892,0.5737998486092382,0.29933769937193155,positive
0.6853994904872873,0.7020972886906836,0.48,0.5,0.6563211984031249,0.4243303549991628,0.32383920488425494,positive
0.7682316087294295,0.6789775127438799,0.48,0.5,0.7983302353934956,0.39806194747620854,0.21824734514073602,positive
0.615969794397704,0.7768959313253364,0.48,0.5,0.5055717801154144,0.3346039863074857,0.36572451923896426,positive
0.67,0.8376749932519783,0.48,0.5,0.5618932879215505,0.49153842922699087,0.23708514450461413,positive
0.7156754452185183,0.8520018359607621,0.48,0.5,0.7657549652199683,0.5430316865999736,0.2752058824933489,positive
0.6742896800834834,0.802907127315363,0.48,0.5,0.8031772379409646,0.45919598400544837,0.2586639929706713,positive
0.6695506432525454,0.6997205162026385,0.48,0.5,0.6651450346284534,0.42999046749308917,0.3533070807938164,positive
0.6722116829010529,0.6639293427801719,0.48,0.5,0.6817504130342563,0.40988317466638424,0.2983548626364445,positive
0.6561373019191082,0.6075455816517314,0.48,0.5,0.6095923701390202,0.5348626063084666,0.3454953640684084,positive
0.6113026473166924,0.7075522165856066,0.48,0.5,0.7648239811555959,0.42383188845387526,0.37644345124633627,positive
0.7711479880814931,0.6794471168323508,0.48,0.5,0.8307845043912363,0.40308507890486545,0.20593093502495538,positive
0.7477803622103063,0.7772932372690928,0.48,0.5,0.7932037047311223,0.5470718381615494,0.29146597391257034,positive
0.6913405051976791,0.8013115083167058,0.48,0.5,0.7286311768938388,0.5220726062963944,0.32660528047867365,positive
0.5668337144147293,0.7335640433981819,0.5216458881439126,0.5,0.77,0.48163569177581067,0.47414534666555924,positive
0.7697129714449102,0.6346339101366747,0.48,0.5,0.7389207247972867,0.4,0.2900012601964299,positive
0.691575169940347,0.76,0.48,0.5,0.8313466320128532,0.46573406720585075,0.27908197989735434,positive
0.6584574996286323,0.71,0.48,0.5,0.6665433564880054,0.4023090298986183,0.38065968421269364,positive
0.6857727380767591,0.6195309754539932,0.48,0.5,0.7568223687101718,0.39878398906350604,0.28506358859448067,positive
0.6177022553563013,0.7596186942965104,0.48,0.5,0.4937789578480259,0.3393263563207776,0.3354826857911052,positive
0.67,0.8553458894811019,0.48,0.5,0.7388771119911817,0.5197135055921087,0.256516636190363,positive
0.7263709979587225,0.845222673233302,0.48,0.5,0.7368746505177907,0.5625287384414263,0.2590553758599549,positive
0.7462798636430767,0.76,0.48,0.5,0.8365927126365096,0.4777184994734005,0.2983782274535644,positive
0.6349025462487601,0.6916918444089305,0.48,0.5,0.4963035594328727,0.4105204125275437,0.25293647663276797,positive
0.701128795005082,0.6396952563989855,0.48,0.5,0.749191673434376,0.4,0.2992565119683044,positive
0.6750144271800669,0.5740266832102161,0.48,0.5,0.6367896237417312,0.5362101314150856,0.42386369977673316,positive
0.6094001691438213,0.6879800447261987,0.48,0.5,0.7673687636121639,0.38467477408148104,0.35367731348618253,positive
0.7667715687480834,0.6624440838514132,0.48,0.5,0.8399689641284259,0.5379756676961991,0.2885239304643264,positive
0.709092189645801,0.7809174246591776,0.48,0.5,0.7338599120486453,0.51422601347726,0.226909627255541,positive
0.6772223493964247,0.8365109751228137,0.48,0.5,0.6600575958053988,0.5208669219187171,0.32596405508099735,positive
0.614326588116602,0.77756010637194,0.7664469200728179,0.5,0.5160842455582608,0.4917778123135857,0.537855013649192,positive
0.7081950824391474,0.7473106905174174,0.48,0.5,0.8364126802516505,0.4448392605222219,0.28849366129389686,positive
0.7378168564616832,0.76,0.48,0.5,0.8382529884585191,0.540485627779627,0.2915989433853111,positive
0.6828410043535051,0.6913957180727045,0.48,0.5,0.6711731038109662,0.41007815797682784,0.3311778954455196,positive
0.6899017862023022,0.5958653056536108,0.48,0.5,0.7991589796388184,0.40258969329246413,0.23844173127278553,positive
0.6152908088409154,0.7656494132694369,0.48,0.5,0.4911502016986155,0.3580197554819895,0.357702562852767,positive
0.692669339327032,0.8402566893849048,0.48,0.5,0.8443822742307688,0.568956894555265,0.2891957984738729,positive
0.6868085696009412,0.8586966860682629,0.48,0.5,0.7390715214432529,0.5348162825157325,0.277800278987477,positive
0.68,0.7389022496643756,0.48,0.5,0.7851366359843683,0.437369387318849,0.27904436986588793,positive
0.6368107978187529,0.7112917888507342,0.48,0.5,0.5576647851425147,0.41326371152152536,0.2734164987142405,positive
0.6863995985137892,0.67515839404253,0.48,0.5,0.7240951988370081,0.42800711629202326,0.33529991860797226,positive
0.7117185520428457,0.49829541584252546,0.48,0.5,0.44599307418549894,0.54,0.34659153890362676,positive
0.6028939406685637,0.702279552625794,0.48,0.5,0.6889628438118753,0.3668895296348721,0.43404806049760114,positive
0.7502247264164111,0.7220427383732975,0.48,0.5,0.8624338110512831,0.5302428072512211,0.17952331679781222,positive
0.7476143762259245,0.766925735265327,0.48,0.5,0.775690234868161,0.5678971633568587,0.1965748625756769,positive
0.7242251985187504,0.8051465080892338,0.48,0.5,0.5926993527341545,0.5201552745020804,0.32140911448272086,positive
0.6075539136354323,0.76925378553402,0.8455570148416482,0.5,0.7344706228100552,0.5028011752387597,0.5354684125396667,positive
0.7082024056218845,0.6825474247011776,0.48,0.5,0.8303429816848583,0.44810547740337486,0.2893046723018965,positive
0.7491488801099204,0.7656748072898162,0.48,0.5,0.756779857619666,0.5432213020505302,0.2022890858482297,positive
0.6936291010128903,0.6630813619207222,0.48,0.5,0.6608399253073548,0.46644311813059713,0.37298583858075895,positive
0.6899156866371731,0.6205648227858221,0.48,0.5,0.7400368327362651,0.39866852701423244,0.21045968521526004,positive
0.6139149773777937,0.786306091182949,0.48,0.5,0.4938777498412417,0.34404864649116423,0.34647812179827375,positive
0.67,0.8324666686773312,0.48,0.5,0.6341487039687583,0.49393987085441876,0.24169179497904444,positive
0.6874779293066802,0.84,0.48,0.5,0.8220052423124943,0.56581199916959,0.325287893962155,positive
0.68,0.6885663875744614,0.48,0.5,0.8122692321002607,0.4445584840036892,0.27906350780547934,positive
0.63,0.7015584002149744,0.48,0.5,0.6449768167459293,0.40042671110946454,0.32467978517188845,positive
0.7055172764460994,0.6972137053058087,0.48,0.5,0.6896786309317668,0.40007863045640857,0.3275660182321624,positive
0.7135807088917423,0.5063052180872519,0.48,0.5,0.45303249192651196,0.54,0.35822945863060945,positive
0.7016388755965535,0.6806175506213591,0.48,0.5,0.7524747567933214,0.3833896222506965,0.39569077354627974,positive
0.7636725604680559,0.6931512884124987,0.48,0.5,0.8298271995614298,0.5374835517842791,0.1507427670140593,positive
0.7414364112241888,0.7705220280716849,0.48,0.5,0.8288711227168677,0.5468163861593408,0.19185702777514466,positive
0.7104772584231644,0.8099053915533149,0.48,0.5,0.5825623768730617,0.5151993445458694,0.355507366767726,positive
0.6670992020817765,0.7723922992132718,0.9242474629212335,0.5,0.7560745738963243,0.5624637546380515,0.4519880586868713,positive
0.6967943406995383,0.7031740987003282,0.48,0.5,0.8392842871402004,0.4307263294052889,0.27333562334015415,positive
0.7012839257777622,0.76,0.48,0.5,0.8376714291912257,0.4511026308103899,0.2994429761367795,positive
0.6826324249141174,0.6536770941108395,0.48,0.5,0.700117879752407,0.41716912663837413,0.33209477080377103,positive
0.7708892884449802,0.6659645198763595,0.48,0.5,0.795255035642701,0.3912896828496806,0.2888228797749543,positive
0.6174768475140977,0.8048751694981504,0.48,0.5,0.47760586481279893,0.34654179729983914,0.39163252282639416,positive
0.6815328197967685,0.8773116178765982,0.48,0.5,0.827694091686622,0.5399420995483414,0.25538324578910987,positive
0.7254661633989187,0.8057496683253433,0.48,0.5,0.8454133183967881,0.5255910488186588,0.2782696790431421,positive
0.7036104922400856,0.7106057171918096,0.48,0.5,0.839051846235734,0.4411306603261597,0.28819555317776635,positive
0.6604438457282005,0.7045214493459377,0.48,0.5,0.6535951775996531,0.411854128795182,0.30380500095549384,positive
0.6534420641316269,0.6359551248948788,0.48,0.5,0.718373586260471,0.4091769540256827,0.2841309807792362,positive
0.6916210107822081,0.4907321892194226,0.48,0.5,0.5828627879815453,0.54,0.33448979464390344,positive
0.5945356059196494,0.6837629542534284,0.48,0.5,0.7306810215858889,0.37456923675709397,0.35019261887095887,positive
0.7782527020613148,0.6081321853771443,0.48,0.5,0.8697384762577755,0.47995457026573335,0.2213383416512758,positive
0.7473591608839608,0.7624662687375787,0.48,0.5,0.7831211338187418,0.5407588974313694,0.25715577111739,positive
0.67,0.8460191188482213,0.48,0.5,0.737030892440951,0.5291712518245911,0.3367347206780634,positive
0.604651981904817,0.7707172641105018,0.9052512523335379,0.5,0.4780654002302392,0.5334039234771599,0.5204742496592651,positive
0.7314236187586424,0.6883906459063369,0.48,0.5,0.8090120312191005,0.4095211477852511,0.286048865322759,positive
0.7483676195343341,0.7690251655082349,0.48,0.5,0.8054857824682937,0.5591258421969871,0.20180627417063585,positive
0.7036321147210165,0.6782591919578088,0.48,0.5,0.7282989074282802,0.4024035106218062,0.3491278470879271,positive
0.7060127890837103,0.6587476669970892,0.48,0.5,0.822011790739522,0.39575694527270616,0.23355560449837742,positive
0.6102809125159244,0.7555551928155232,0.48,0.5,0.4911236873472328,0.33052821205906696,0.3375969778126636,positive
0.67,0.8781100286404715,0.48,0.5,0.7365439965518649,0.5228490965407062,0.36440638575769607,positive
0.7373472643623129,0.7687443509418245,0.48,0.5,0.8370868609288459,0.5745630870991395,0.296825026706302,positive
0.7400095219776741,0.7559102381149642,0.48,0.5,0.8308932663233763,0.4213338859251391,0.280183414379365,positive
0.6331762727312295,0.7068757805084658,0.48,0.5,0.6612352038420708,0.4279644181213129,0.35346004593436925,positive
0.643443144935464,0.6712285577979631,0.48,0.5,0.6793791314704108,0.4076563576102625,0.29716639091437524,positive
0.6262096343979733,0.4934765299055681,0.48,0.5,0.5639267865218998,0.4797489284839353,0.3471290734049132,positive
0.6236052714584467,0.641092070408953,0.48,0.5,0.7671962383161391,0.3743415642736169,0.30631585048662635,positive
0.7716326048078929,0.5737375404810077,0.48,0.5,0.8405680649596134,0.47154733113237274,0.22729153477403344,positive
0.7345943181501917,0.8252075162492011,0.48,0.5,0.7315379043772409,0.5358256650882112,0.20406239790497088,positive
0.67,0.8751532885324889,0.48,0.5,0.7390545869663505,0.5072858928598092,0.2902581730384857,positive
0.6042735574017,0.7700242251184055,0.7036022930779051,0.5,0.699403525288721,0.5235691337460877,0.5241493155444376,positive
0.7184954708942357,0.6843669489090023,0.48,0.5,0.7054733888088778,0.4059526057234369,0.2806896172981303,positive
0.7383570964104622,0.7863448960973648,0.48,0.5,0.8566202136386964,0.5749740226386347,0.2956822582565444,positive
0.7003764983245809,0.6749326784901158,0.48,0.5,0.7106507215075174,0.41661757544546,0.3422474499439036,positive
0.70626118784696,0.6329406826905779,0.48,0.5,0.8051353708277785,0.394471562131141,0.22145804772819383,positive
0.6250428654811628,0.7860756921539683,0.48,0.5,0.4673618591121744,0.3172712689489765,0.31381326879112326,positive
0.6713741622188029,0.8346982277060988,0.48,0.5,0.8240748852728152,0.4958143591428338,0.26465186352936515,positive
0.7069881871640918,0.8270829704511028,0.48,0.5,0.8458938693807858,0.5754385703595567,0.2741448855142647,positive
0.7424968199156428,0.76,0.48,0.5,0.8393729942388629,0.5032236674921553,0.29453911643200303,positive
0.63,0.7018426080251865,0.48,0.5,0.6404573251901022,0.40151207555138635,0.34192872111519323,positive
0.757348313393527,0.6766151590576893,0.48,0.5,0.806540294729841,0.4,0.29276843143240794,positive
0.6876729127812552,0.5377878774187549,0.48,0.5,0.588866128752929,0.5295060599865153,0.33052290671480744,positive
0.6142646313779618,0.6921430740034182,0.48,0.5,0.7255855083383014,0.3651492468244033,0.36426067784702876,positive
0.7797209399217944,0.5977488259309323,0.48,0.5,0.8744027489752011,0.5098776819339572,0.2239973898192876,positive
0.7344108734111782,0.78,0.48,0.5,0.6136175446261658,0.5159373529316829,0.28561435126682067,positive
0.7297105934542679,0.84,0.48,0.5,0.7874804294785553,0.5438654866440733,0.33621252503003674,positive
0.625919813936989,0.759412296583858,0.8416294024810296,0.5,0.6569424499825695,0.6786449674292413,0.550803877385439,positive
0.7316684007007551,0.6800673092076077,0.48,0.5,0.8020065113694023,0.40091535382481286,0.2893719128661943,positive
0.7313619074060621,0.76,0.48,0.5,0.8394754670999628,0.4803795151466531,0.270578408616709,positive
0.6409097267718402,0.7093876766737257,0.48,0.5,0.6773260432582995,0.42540781087589113,0.32962992479084047,positive
0.6833417125714499,0.6236743894529654,0.48,0.5,0.7486603302662965,0.39615075392717825,0.2411830782215115,positive
0.6292619136040344,0.7518082299260457,0.48,0.5,0.5076608107291262,0.339097090295644,0.3727282442164362,positive
0.67,0.8639566644957376,0.48,0.5,0.5978962521521096,0.4949507169346619,0.24437171201739863,positive
0.6952623835626801,0.8350418831510581,0.48,0.5,0.8491917990953,0.5513711953635634,0.27738302315484353,positive
0.7100364727831282,0.7454268541299791,0.48,0.5,0.8345188278358612,0.4230727175016305,0.2813332160876057,positive
0.6702158376689581,0.6760322079499907,0.48,0.5,0.6791660073935827,0.40377779862024515,0.2991784971090857,positive
0.6843252953326519,0.6054811113224977,0.48,0.5,0.7698369615093715,0.39889889375749893,0.27698157285398084,positive
0.6498340587396629,0.5072630092061237,0.48,0.5,0.618437352600119,0.4906594209865731,0.3443354628717178,positive
0.6472881176730273,0.6707488478649103,0.48,0.5,0.7332980969473721,0.38491654459148045,0.425022083750571,positive
0.7017380460010272,0.5782786243840501,0.48,0.5,0.8259869689520337,0.43959303126767063,0.20044962474046715,positive
0.7312336335482026,0.8270097400976264,0.48,0.5,0.8220985389016111,0.5466544357761873,0.15341495262989285,positive
0.7247162549929823,0.8236241315841676,0.48,0.5,0.7684834852402861,0.5423396957216995,0.30542111126579685,positive
0.6124137548158777,0.7660368277559908,0.8932888144008305,0.5,0.4982222750487901,0.5515378965095654,0.5214094449179284,positive
0.7216037531356622,0.6392355108904454,0.48,0.5,0.7600917411348388,0.4,0.2968032043572167,positive
0.70345996645701,0.76,0.48,0.5,0.8319338231253448,0.5391507477134974,0.299161724605443,positive
0.6820945804728037,0.7011711630355925,0.48,0.5,0.6710317055970103,0.41121929405618224,0.33628963585959426,positive
0.7082342578427991,0.6017808789335575,0.48,0.5,0.7731227385649964,0.39300345053060914,0.285581249491453,positive
0.6383327258694583,0.7727898305582184,0.48,0.5,0.5071336222656231,0.35617264794714054,0.3487599760032154,positive
0.67,0.8586415279048282,0.48,0.5,0.731337858560732,0.5293794977316563,0.356735322422355,positive
0.7406183062870813,0.77449182348129,0.48,0.5,0.8556554121602868,0.5775472434826103,0.2984379119565394,positive
0.7015006174231454,0.76,0.48,0.5,0.830740139296862,0.5473000110439318,0.27421319188206894,positive
0.63,0.6994637634006139,0.48,0.5,0.6346414094815837,0.40596667334141445,0.3614650388305386,positive
0.6642263522098478,0.6651687668259602,0.48,0.5,0.6956573294064202,0.40001271791438836,0.28451741848167283,positive
0.70394667054841,0.5058351331300146,0.48,0.5,0.4681636587621276,0.54,0.3401429280528899,positive
0.6219561282265704,0.6831150180697564,0.48,0.5,0.7491438491665883,0.4055955521642286,0.3779921659201245,positive
0.7613725764840958,0.678499031224933,0.48,0.5,0.8422661232417956,0.534301366382906,0.22824555833364593,positive
0.7475271692165367,0.7792884173635879,0.48,0.5,0.7904222970897994,0.5587090290464148,0.15042653936463415,positive
0.67,0.870508329323709,0.48,0.5,0.7349480868933699,0.5335198217262936,0.3117438011865602,positive
