@relation ecoli4
@attribute Mcg real [0.0, 0.89]
@attribute Gvh real [0.16, 1.0]
@attribute Lip real [0.48, 1.0]
@attribute Chg real [0.5, 1.0]
@attribute Aac real [0.0, 0.88]
@attribute Alm1 real [0.03, 1.0]
@attribute Alm2 real [0.0, 0.99]
@attribute Class {positive, negative}
@data
0.49,0.29,0.48,0.5,0.56,0.24,0.35,negative
0.07,0.4,0.48,0.5,0.54,0.35,0.44,negative
0.59,0.49,0.48,0.5,0.52,0.45,0.36,negative
0.23,0.32,0.48,0.5,0.55,0.25,0.35,negative
0.67,0.39,0.48,0.5,0.36,0.38,0.46,negative
0.29,0.28,0.48,0.5,0.44,0.23,0.34,negative
0.21,0.34,0.48,0.5,0.51,0.28,0.39,negative
0.2,0.44,0.48,0.5,0.46,0.51,0.57,negative
0.42,0.4,0.48,0.5,0.56,0.18,0.3,negative
0.42,0.24,0.48,0.5,0.57,0.27,0.37,negative
0.25,0.48,0.48,0.5,0.44,0.17,0.29,negative
0.39,0.32,0.48,0.5,0.46,0.24,0.35,negative
0.51,0.5,0.48,0.5,0.46,0.32,0.35,negative
0.22,0.43,0.48,0.5,0.48,0.16,0.28,negative
0.34,0.45,0.48,0.5,0.38,0.24,0.35,negative
0.41,0.57,0.48,0.5,0.39,0.21,0.32,negative
0.31,0.23,0.48,0.5,0.73,0.05,0.14,negative
0.51,0.54,0.48,0.5,0.41,0.34,0.43,negative
0.36,0.39,0.48,0.5,0.48,0.22,0.23,negative
0.29,0.37,0.48,0.5,0.48,0.44,0.52,negative
0.25,0.4,0.48,0.5,0.47,0.33,0.42,negative
0.21,0.51,0.48,0.5,0.5,0.32,0.41,negative
0.43,0.37,0.48,0.5,0.53,0.35,0.44,negative
0.43,0.39,0.48,0.5,0.47,0.31,0.41,negative
0.53,0.38,0.48,0.5,0.44,0.26,0.36,negative
0.34,0.33,0.48,0.5,0.38,0.35,0.44,negative
0.56,0.51,0.48,0.5,0.34,0.37,0.46,negative
0.4,0.29,0.48,0.5,0.42,0.35,0.44,negative
0.36,0.54,0.48,0.5,0.41,0.38,0.46,negative
0.29,0.52,0.48,0.5,0.42,0.29,0.39,negative
0.32,0.42,0.48,0.5,0.35,0.28,0.38,negative
0.33,0.45,0.48,0.5,0.52,0.32,0.41,negative
0.3,0.37,0.48,0.5,0.59,0.41,0.49,negative
0.4,0.5,0.48,0.5,0.45,0.39,0.47,negative
0.61,0.45,0.48,0.5,0.48,0.35,0.41,negative
0.17,0.38,0.48,0.5,0.45,0.42,0.5,negative
0.44,0.35,0.48,0.5,0.55,0.55,0.61,negative
0.43,0.4,0.48,0.5,0.39,0.28,0.39,negative
0.42,0.35,0.48,0.5,0.58,0.15,0.27,negative
0.37,0.52,0.48,0.5,0.42,0.42,0.36,negative
0.29,0.3,0.48,0.5,0.45,0.03,0.17,negative
0.22,0.36,0.48,0.5,0.35,0.39,0.47,negative
0.23,0.58,0.48,0.5,0.37,0.53,0.59,negative
0.47,0.47,0.48,0.5,0.22,0.16,0.26,negative
0.4,0.35,0.48,0.5,0.45,0.33,0.42,negative
0.44,0.34,0.48,0.5,0.3,0.33,0.43,negative
0.42,0.38,0.48,0.5,0.54,0.34,0.43,negative
0.44,0.56,0.48,0.5,0.5,0.46,0.54,negative
0.52,0.36,0.48,0.5,0.41,0.28,0.38,negative
0.36,0.41,0.48,0.5,0.48,0.47,0.54,negative
0.18,0.3,0.48,0.5,0.46,0.24,0.35,negative
0.47,0.29,0.48,0.5,0.51,0.33,0.43,negative
0.24,0.43,0.48,0.5,0.54,0.52,0.59,negative
0.25,0.37,0.48,0.5,0.41,0.33,0.42,negative
0.52,0.57,0.48,0.5,0.42,0.47,0.54,negative
0.35,0.48,0.48,0.5,0.56,0.4,0.48,negative
0.44,0.51,0.48,0.5,0.47,0.26,0.36,negative
0.37,0.5,0.48,0.5,0.42,0.36,0.45,negative
0.44,0.42,0.48,0.5,0.42,0.25,0.2,negative
0.24,0.43,0.48,0.5,0.37,0.28,0.38,negative
0.42,0.3,0.48,0.5,0.48,0.26,0.36,negative
0.48,0.42,0.48,0.5,0.45,0.25,0.35,negative
0.29,0.41,0.48,0.5,0.48,0.38,0.46,negative
0.34,0.28,0.48,0.5,0.41,0.35,0.44,negative
0.41,0.43,0.48,0.5,0.45,0.31,0.41,negative
0.29,0.47,0.48,0.5,0.41,0.23,0.34,negative
0.34,0.55,0.48,0.5,0.58,0.31,0.41,negative
0.36,0.56,0.48,0.5,0.43,0.45,0.53,negative
0.52,0.44,0.48,0.5,0.37,0.36,0.42,negative
0.5,0.51,0.48,0.5,0.27,0.23,0.34,negative
0.53,0.42,0.48,0.5,0.16,0.29,0.39,negative
0.34,0.46,0.48,0.5,0.52,0.35,0.44,negative
0.4,0.42,0.48,0.5,0.37,0.27,0.27,negative
0.41,0.43,0.48,0.5,0.5,0.24,0.25,negative
0.3,0.45,0.48,0.5,0.36,0.21,0.32,negative
0.31,0.47,0.48,0.5,0.29,0.28,0.39,negative
0.64,0.76,0.48,0.5,0.45,0.35,0.38,negative
0.35,0.37,0.48,0.5,0.3,0.34,0.43,negative
0.57,0.54,0.48,0.5,0.37,0.28,0.33,negative
0.65,0.55,0.48,0.5,0.34,0.37,0.28,negative
0.51,0.46,0.48,0.5,0.58,0.31,0.41,negative
0.38,0.4,0.48,0.5,0.63,0.25,0.35,negative
0.24,0.57,0.48,0.5,0.63,0.34,0.43,negative
0.38,0.26,0.48,0.5,0.54,0.16,0.28,negative
0.33,0.47,0.48,0.5,0.53,0.18,0.29,negative
0.24,0.34,0.48,0.5,0.38,0.3,0.4,negative
0.26,0.5,0.48,0.5,0.44,0.32,0.41,negative
0.49,0.43,0.48,0.5,0.49,0.3,0.4,negative
0.47,0.28,0.48,0.5,0.56,0.2,0.25,negative
0.34,0.35,0.48,0.5,0.51,0.49,0.56,negative
0.35,0.34,0.48,0.5,0.46,0.3,0.27,negative
0.41,0.51,0.48,0.5,0.58,0.2,0.31,negative
0.34,0.42,0.48,0.5,0.41,0.34,0.43,negative
0.25,0.26,0.48,0.5,0.39,0.32,0.42,negative
0.24,0.41,0.48,0.5,0.49,0.23,0.34,negative
0.04,0.31,0.48,0.5,0.41,0.29,0.39,negative
0.61,0.36,0.48,0.5,0.49,0.35,0.44,negative
0.34,0.51,0.48,0.5,0.44,0.37,0.46,negative
0.28,0.33,0.48,0.5,0.45,0.22,0.33,negative
0.4,0.46,0.48,0.5,0.42,0.35,0.44,negative
0.23,0.34,0.48,0.5,0.43,0.26,0.37,negative
0.37,0.44,0.48,0.5,0.42,0.39,0.47,negative
0.0,0.38,0.48,0.5,0.42,0.48,0.55,negative
0.3,0.44,0.48,0.5,0.49,0.22,0.33,negative
0.27,0.3,0.48,0.5,0.71,0.28,0.39,negative
0.17,0.52,0.48,0.5,0.49,0.37,0.46,negative
0.36,0.42,0.48,0.5,0.53,0.32,0.41,negative
0.4,0.41,0.48,0.5,0.55,0.22,0.33,negative
0.22,0.34,0.48,0.5,0.42,0.29,0.39,negative
0.44,0.35,0.48,0.5,0.44,0.52,0.59,negative
0.16,0.43,0.48,0.5,0.54,0.27,0.37,negative
0.06,0.61,0.48,0.5,0.49,0.92,0.37,negative
0.44,0.52,0.48,0.5,0.43,0.47,0.54,negative
0.63,0.47,0.48,0.5,0.51,0.82,0.84,negative
0.23,0.48,0.48,0.5,0.59,0.88,0.89,negative
0.43,0.4,0.48,0.5,0.58,0.75,0.78,negative
0.46,0.61,0.48,0.5,0.48,0.86,0.87,negative
0.27,0.35,0.48,0.5,0.51,0.77,0.79,negative
0.52,0.39,0.48,0.5,0.65,0.71,0.73,negative
0.29,0.47,0.48,0.5,0.71,0.65,0.69,negative
0.55,0.47,0.48,0.5,0.57,0.78,0.8,negative
0.12,0.67,0.48,0.5,0.74,0.58,0.63,negative
0.4,0.5,0.48,0.5,0.65,0.82,0.84,negative
0.73,0.36,0.48,0.5,0.53,0.91,0.92,negative
0.84,0.44,0.48,0.5,0.48,0.71,0.74,negative
0.48,0.45,0.48,0.5,0.6,0.78,0.8,negative
0.54,0.49,0.48,0.5,0.4,0.87,0.88,negative
0.48,0.41,0.48,0.5,0.51,0.9,0.88,negative
0.5,0.66,0.48,0.5,0.31,0.92,0.92,negative
0.72,0.46,0.48,0.5,0.51,0.66,0.7,negative
0.47,0.55,0.48,0.5,0.58,0.71,0.75,negative
0.33,0.56,0.48,0.5,0.33,0.78,0.8,negative
0.64,0.58,0.48,0.5,0.48,0.78,0.73,negative
0.54,0.57,0.48,0.5,0.56,0.81,0.83,negative
0.47,0.59,0.48,0.5,0.52,0.76,0.79,negative
0.63,0.5,0.48,0.5,0.59,0.85,0.86,negative
0.31,0.5,0.48,0.5,0.57,0.84,0.85,negative
0.33,0.45,0.48,0.5,0.45,0.88,0.89,negative
0.71,0.4,0.48,0.5,0.71,0.7,0.74,negative
0.5,0.37,0.48,0.5,0.66,0.64,0.69,negative
0.66,0.53,0.48,0.5,0.59,0.66,0.66,negative
0.6,0.61,0.48,0.5,0.54,0.67,0.71,negative
0.83,0.37,0.48,0.5,0.61,0.71,0.74,negative
0.63,0.54,0.48,0.5,0.65,0.79,0.81,negative
0.6,0.5,1.0,0.5,0.54,0.77,0.8,negative
0.16,0.51,0.48,0.5,0.33,0.39,0.48,negative
0.74,0.7,0.48,0.5,0.66,0.65,0.69,negative
0.2,0.46,0.48,0.5,0.57,0.78,0.81,negative
0.89,0.55,0.48,0.5,0.51,0.72,0.76,negative
0.7,0.46,0.48,0.5,0.56,0.78,0.73,negative
0.61,0.52,0.48,0.5,0.54,0.67,0.52,negative
0.33,0.37,0.48,0.5,0.46,0.65,0.69,negative
0.63,0.65,0.48,0.5,0.66,0.67,0.71,negative
0.41,0.51,0.48,0.5,0.53,0.75,0.78,negative
0.58,0.34,0.48,0.5,0.56,0.87,0.81,negative
0.59,0.56,0.48,0.5,0.55,0.8,0.82,negative
0.5,0.57,0.48,0.5,0.71,0.61,0.66,negative
0.6,0.46,0.48,0.5,0.45,0.81,0.83,negative
0.58,0.55,0.48,0.5,0.57,0.7,0.74,negative
0.36,0.47,0.48,0.5,0.51,0.69,0.72,negative
0.39,0.41,0.48,0.5,0.52,0.72,0.75,negative
0.48,0.49,0.48,0.5,0.52,0.77,0.71,negative
0.11,0.5,0.48,0.5,0.58,0.72,0.68,negative
0.31,0.36,0.48,0.5,0.58,0.94,0.94,negative
0.68,0.51,0.48,0.5,0.71,0.75,0.78,negative
0.69,0.39,0.48,0.5,0.57,0.76,0.79,negative
0.46,0.59,0.48,0.5,0.36,0.76,0.23,negative
0.36,0.45,0.48,0.5,0.38,0.79,0.17,negative
0.0,0.51,0.48,0.5,0.35,0.67,0.44,negative
0.3,0.51,0.48,0.5,0.42,0.61,0.34,negative
0.61,0.47,0.48,0.5,0.0,0.8,0.32,negative
0.85,0.53,0.48,0.5,0.53,0.52,0.35,negative
0.75,0.55,1.0,1.0,0.4,0.47,0.3,negative
0.7,0.39,1.0,0.5,0.51,0.82,0.84,negative
0.72,0.42,0.48,0.5,0.65,0.77,0.79,negative
0.79,0.41,0.48,0.5,0.66,0.81,0.83,negative
0.83,0.48,0.48,0.5,0.65,0.76,0.79,negative
0.69,0.43,0.48,0.5,0.59,0.74,0.77,negative
0.79,0.36,0.48,0.5,0.46,0.82,0.7,negative
0.75,0.37,0.48,0.5,0.64,0.7,0.74,negative
0.59,0.29,0.48,0.5,0.64,0.75,0.77,negative
0.67,0.37,0.48,0.5,0.54,0.64,0.68,negative
0.66,0.48,0.48,0.5,0.54,0.7,0.74,negative
0.76,0.71,0.48,0.5,0.5,0.71,0.75,negative
0.84,0.49,0.48,0.5,0.55,0.78,0.74,negative
0.77,0.55,0.48,0.5,0.51,0.78,0.74,negative
0.81,0.44,0.48,0.5,0.42,0.67,0.68,negative
0.63,0.42,0.48,0.5,0.48,0.77,0.8,negative
0.62,0.42,0.48,0.5,0.58,0.79,0.81,negative
0.86,0.39,0.48,0.5,0.59,0.89,0.9,negative
0.81,0.53,0.48,0.5,0.57,0.87,0.88,negative
0.87,0.49,0.48,0.5,0.61,0.76,0.79,negative
0.47,0.46,0.48,0.5,0.62,0.74,0.77,negative
0.76,0.41,0.48,0.5,0.5,0.59,0.62,negative
0.7,0.53,0.48,0.5,0.7,0.86,0.87,negative
0.64,0.45,0.48,0.5,0.67,0.61,0.66,negative
0.81,0.52,0.48,0.5,0.57,0.78,0.8,negative
0.73,0.26,0.48,0.5,0.57,0.75,0.78,negative
0.88,0.42,0.48,0.5,0.52,0.73,0.75,negative
0.84,0.54,0.48,0.5,0.75,0.92,0.7,negative
0.63,0.51,0.48,0.5,0.64,0.72,0.76,negative
0.86,0.55,0.48,0.5,0.63,0.81,0.83,negative
0.79,0.54,0.48,0.5,0.5,0.66,0.68,negative
0.57,0.38,0.48,0.5,0.06,0.49,0.33,negative
0.78,0.44,0.48,0.5,0.45,0.73,0.68,negative
0.78,0.68,0.48,0.5,0.83,0.4,0.29,positive
0.67,0.88,0.48,0.5,0.73,0.5,0.25,positive
0.61,0.75,0.48,0.5,0.51,0.33,0.33,positive
0.67,0.84,0.48,0.5,0.74,0.54,0.37,positive
0.74,0.9,0.48,0.5,0.57,0.53,0.29,positive
0.73,0.84,0.48,0.5,0.86,0.58,0.29,positive
0.75,0.76,0.48,0.5,0.83,0.57,0.3,positive
0.77,0.57,0.48,0.5,0.88,0.53,0.2,positive
0.74,0.78,0.48,0.5,0.75,0.54,0.15,positive
0.56,0.68,0.48,0.5,0.77,0.36,0.45,positive
0.52,0.81,0.48,0.5,0.72,0.38,0.38,positive
0.64,0.57,0.48,0.5,0.7,0.33,0.26,positive
0.6,0.76,1.0,0.5,0.77,0.59,0.52,positive
0.69,0.59,0.48,0.5,0.77,0.39,0.21,positive
0.63,0.49,0.48,0.5,0.79,0.45,0.28,positive
0.68,0.63,0.48,0.5,0.73,0.4,0.3,positive
0.77,0.57,1.0,0.5,0.37,0.54,0.01,negative
0.66,0.49,1.0,0.5,0.54,0.56,0.36,negative
0.71,0.46,1.0,0.5,0.52,0.59,0.3,negative
0.67,0.55,1.0,0.5,0.66,0.58,0.16,negative
0.74,0.49,0.48,0.5,0.42,0.54,0.36,negative
0.7,0.61,0.48,0.5,0.56,0.52,0.43,negative
0.66,0.86,0.48,0.5,0.34,0.41,0.36,negative
0.65,0.57,0.48,0.5,0.47,0.47,0.51,negative
0.72,0.86,0.48,0.5,0.17,0.55,0.21,negative
0.67,0.7,0.48,0.5,0.46,0.45,0.33,negative
0.67,0.81,0.48,0.5,0.54,0.49,0.23,negative
0.67,0.61,0.48,0.5,0.51,0.37,0.38,negative
0.63,1.0,0.48,0.5,0.35,0.51,0.49,negative
0.71,0.71,0.48,0.5,0.4,0.54,0.39,negative
0.66,0.74,0.48,0.5,0.31,0.38,0.43,negative
0.67,0.81,0.48,0.5,0.25,0.42,0.25,negative
0.64,0.72,0.48,0.5,0.49,0.42,0.19,negative
0.32,0.39,0.48,0.5,0.53,0.28,0.38,negative
0.7,0.64,0.48,0.5,0.47,0.51,0.47,negative
0.63,0.57,0.48,0.5,0.49,0.7,0.2,negative
0.74,0.82,0.48,0.5,0.49,0.49,0.41,negative
0.63,0.86,0.48,0.5,0.39,0.47,0.34,negative
0.63,0.71,0.48,0.5,0.6,0.4,0.39,negative
0.75,0.84,0.48,0.5,0.35,0.52,0.33,negative
0.63,0.65,0.48,0.5,0.39,0.44,0.35,negative
0.69,0.67,0.48,0.5,0.3,0.39,0.24,negative
0.7,0.71,0.48,0.5,0.42,0.84,0.85,negative
0.69,0.8,0.48,0.5,0.46,0.57,0.26,negative
0.64,0.66,0.48,0.5,0.41,0.39,0.2,negative
0.69,0.59,0.48,0.5,0.46,0.44,0.52,negative
0.68,0.67,0.48,0.5,0.49,0.4,0.34,negative
0.62,0.78,0.48,0.5,0.47,0.49,0.54,negative
0.76,0.73,0.48,0.5,0.44,0.39,0.39,negative
0.64,0.81,0.48,0.5,0.37,0.39,0.44,negative
0.29,0.39,0.48,0.5,0.52,0.4,0.48,negative
0.62,0.83,0.48,0.5,0.46,0.36,0.4,negative
0.56,0.54,0.48,0.5,0.43,0.37,0.3,negative
0.69,0.65,0.48,0.5,0.63,0.48,0.41,negative
0.43,0.59,0.48,0.5,0.52,0.49,0.56,negative
0.74,0.56,0.48,0.5,0.47,0.68,0.3,negative
0.71,0.57,0.48,0.5,0.48,0.35,0.32,negative
0.61,0.6,0.48,0.5,0.44,0.39,0.38,negative
0.59,0.61,0.48,0.5,0.42,0.42,0.37,negative
0.74,0.74,0.48,0.5,0.31,0.53,0.52,negative
0.6522282136325546,0.5789284628572542,0.48,0.5,0.7478020130048194,0.3465489814901737,0.23686839089099598,positive
0.670840382081975,0.8378219335074077,0.48,0.5,0.6010067884267278,0.5188247959888272,0.32489837741468885,positive
0.6294946980776185,0.7635289268521112,0.48,0.5,0.5085939418130873,0.35657461221410974,0.3443986089387242,positive
0.733333744437329,0.7993542289755705,0.48,0.5,0.8359828198482293,0.5772166797335331,0.2947502930389643,positive
0.5505543443708288,0.7291763284782955,0.48,0.5,0.7470482073558118,0.3761683246650491,0.4391964445437353,positive
0.6736178855338208,0.893155893229961,0.48,0.5,0.6522620049288386,0.5088522211315556,0.2805584396912409,positive
0.68,0.6356859136360036,0.48,0.5,0.5386014850373761,0.4,0.3313516895946631,positive
0.6348691100851331,0.5196323413790922,0.48,0.5,0.7680067312240348,0.3552074914405315,0.26790679138469814,positive
0.5238844220635899,0.7497680184519346,0.48,0.5,0.7068082480958151,0.39705710017151696,0.38837579719908977,positive
0.7406443170973412,0.5733715965067151,0.48,0.5,0.8265412564167842,0.43614710344703106,0.2001963516214362,positive
0.7383960368221261,0.8171616129349304,0.48,0.5,0.835746114066028,0.5437753666681092,0.1667208429511538,positive
0.7376724670424085,0.8914984967862167,0.48,0.5,0.713689752408282,0.5134319767414173,0.25187834185863894,positive
0.6005504383539195,0.5288660699491108,0.8305516568039624,0.5,0.7531106879938181,0.6212840772463575,0.52,positive
0.7753692818535122,0.6183978336537909,0.48,0.5,0.8571138246674203,0.506263413827436,0.24947558876939896,positive
0.7416988431882593,0.7609301977740369,0.48,0.5,0.8195220176778046,0.5612507417312046,0.3090814547116691,positive
0.6137823347350672,0.49,0.48,0.5,0.5713034699510877,0.45,0.29625533632597456,positive
0.685289511598358,0.5570296006008675,0.48,0.5,0.7745388146632695,0.43173695121433076,0.24791521992722204,positive
0.7332966156813819,0.771801456146364,0.48,0.5,0.776152372615781,0.5446177818939629,0.33719610371552633,positive
0.6341179597697332,0.7662410727481415,0.48,0.5,0.5050065412204073,0.34502921858075997,0.35257485505633424,positive
0.7223728457748625,0.8770675646833772,0.48,0.5,0.8009728955872872,0.5247570014184397,0.26589103880103476,positive
0.6479148272459259,0.6535819667519751,0.48,0.5,0.7335911308714143,0.3888709278943801,0.4483964298695032,positive
0.727465664993663,0.8417389686635208,0.48,0.5,0.8587215689392586,0.5074821692603766,0.2702905945754568,positive
0.6891500427819868,0.6111465081462113,0.48,0.5,0.7406775180616789,0.39916648215528766,0.22304723943294114,positive
0.6463568929315857,0.5752885006541896,0.48,0.5,0.7646206608313983,0.3631560786790622,0.2109994219601422,positive
0.576897582587623,0.8295906385299289,0.48,0.5,0.5389171124783553,0.36033263610835425,0.39390889316435984,positive
0.7253683651465608,0.5898338955069872,0.48,0.5,0.8373487811549506,0.5138184696832915,0.2064882098435789,positive
0.6834215485494547,0.7998606915145463,0.48,0.5,0.7334352467222325,0.5348253131054719,0.22373783228821015,positive
0.6875263484389768,0.8950520639049636,0.48,0.5,0.5601295365885252,0.5267701485444463,0.2316470317963284,positive
0.608756674639414,0.8029118366954584,0.8207306985436804,0.5,0.7627889413862229,0.5533416309114675,0.46594428054915793,positive
0.7001910249858116,0.6661396011557785,0.48,0.5,0.7817554419319812,0.4,0.2950199866123463,positive
0.7441868209984495,0.76675513929548,0.48,0.5,0.7655563995667902,0.5542514376124894,0.2432042034547498,positive
0.646955756064024,0.6021822836340198,0.48,0.5,0.7708224097367782,0.41518440809565416,0.2848203862620619,positive
0.6379225527236542,0.5727185506435102,0.48,0.5,0.771509585525307,0.4178980777687287,0.24998007924995985,positive
0.6722109298446453,0.8192649675236079,0.48,0.5,0.7106917026159056,0.5351232697544015,0.32266796336010406,positive
0.6130775353528916,0.7820438654571169,0.48,0.5,0.4643088751451251,0.35957568871262746,0.38916700383225566,positive
0.7318970855883375,0.8224650851032131,0.48,0.5,0.8431203546698248,0.5708608677952887,0.2915099641620856,positive
0.5619439153064086,0.7077017582094866,0.48,0.5,0.6493422560094287,0.3614628173770301,0.4328814999711187,positive
0.672507946564382,0.8984727227455068,0.48,0.5,0.7169312655834409,0.5010767341329925,0.2688429023338245,positive
0.6598200192582717,0.5770521348049468,0.48,0.5,0.7019860988136379,0.3520106639502968,0.2676302856998001,positive
0.6368819155969462,0.5521752992550918,0.48,0.5,0.7031941456766655,0.3988471620296225,0.26010617659839963,positive
0.5392663860908593,0.7975622282007058,0.48,0.5,0.6706462704501779,0.3821449678022405,0.3866884723244842,positive
0.706152930485387,0.5751666451234226,0.48,0.5,0.7705696238921109,0.41112969358112106,0.20523429617209654,positive
0.7432845958874094,0.7748867663870633,0.48,0.5,0.8232065161197003,0.5567316855118783,0.27312567992821263,positive
0.7459701327613152,0.8952922105381999,0.48,0.5,0.4260983979824916,0.523862054531667,0.32967407905245577,positive
0.6027970609510293,0.8258904733582386,0.8339033224267707,0.5,0.766076067887465,0.5707332646832735,0.4992900059598557,positive
0.7520279896978869,0.6855200728760414,0.48,0.5,0.83,0.5524405108419006,0.2914566478145241,positive
0.7379512181485587,0.8293464052257215,0.48,0.5,0.836121587715055,0.5722397532705409,0.29396018287592107,positive
0.6385058533225472,0.5322746790533307,0.48,0.5,0.7855287456358591,0.36597555138511834,0.2645341554446706,positive
0.6672261977352851,0.570669692933696,0.48,0.5,0.7397240967093963,0.33713294953178075,0.2243204182061857,positive
0.67,0.8421998805761575,0.48,0.5,0.7366323937760542,0.5230989170908815,0.25757083738402553,positive
0.6124685473134005,0.7530262647150922,0.48,0.5,0.5003401699056255,0.3402802782843452,0.3333461059497196,positive
0.676286371982328,0.84,0.48,0.5,0.8464683783231272,0.5733791675134087,0.3604377602586482,positive
0.5359431351191467,0.6955864637278125,0.48,0.5,0.7558597280212666,0.36358014986211984,0.40161268878584516,positive
0.6768997372098571,0.879462062065868,0.48,0.5,0.8108555707004226,0.5130979024033516,0.2655603182735422,positive
0.7626361519789009,0.6788914298248439,0.48,0.5,0.7610309070845512,0.4,0.2919570920665064,positive
0.6523914603767634,0.581817091281921,0.48,0.5,0.7323063391416682,0.3547331068816662,0.21242552770513615,positive
0.5490276304808378,0.8119994896184966,0.48,0.5,0.7152635976657523,0.36451679298391837,0.3958533193855689,positive
0.7665240098070101,0.6661023115055427,0.48,0.5,0.8233733858776426,0.5347809185570993,0.19654425197766426,positive
0.7334506924365355,0.78,0.48,0.5,0.6455654343618062,0.5305034991761332,0.2759366927417335,positive
0.7137242785799094,0.8286040504314957,0.48,0.5,0.5439924580093505,0.4960368800788134,0.2758029367454156,positive
0.603534411268116,0.7350236499229267,0.8020805816188652,0.5,0.619266301682363,0.6532856633650392,0.52,positive
0.7042313845722863,0.6318252775722325,0.48,0.5,0.7922153933203093,0.39353919548601474,0.24532341979465536,positive
0.7798466561712353,0.7356356848243527,0.48,0.5,0.83,0.4842463584912642,0.29842016639038277,positive
0.6807486871425,0.587363974220562,0.48,0.5,0.7719909054762091,0.444791711350131,0.2662181852642332,positive
0.6643564066407812,0.5834552922077265,0.48,0.5,0.741426038278026,0.3568928364655298,0.25816538810917267,positive
0.67,0.8489656991057333,0.48,0.5,0.7316121036989074,0.5248030333875275,0.2721202259116029,positive
0.6108778700682752,0.79371187641783,0.48,0.5,0.48939391619934464,0.34083296220530807,0.3929492370667196,positive
0.6897598939701703,0.8525983580442972,0.48,0.5,0.7909658488350592,0.5480579326065467,0.26027090476224973,positive
0.6491729810145399,0.6508845294938064,0.48,0.5,0.7442880562237916,0.36429998707807715,0.33850815145656193,positive
0.67,0.8610066524686175,0.48,0.5,0.7339551117496197,0.5210702309763984,0.2513960264469069,positive
0.6890114128731955,0.6106010223727957,0.48,0.5,0.7652642334108877,0.3984917656922464,0.26886022707143753,positive
0.6547362139078488,0.5810331295396086,0.48,0.5,0.7284842130379615,0.35642041410522474,0.21339999899387924,positive
0.6351415052811387,0.7934899286913883,0.48,0.5,0.6467365412229069,0.37648300319355654,0.38,positive
0.7614116869144195,0.7163595973902201,0.48,0.5,0.8547552420752902,0.5523300181033468,0.20837505351224195,positive
0.6789173727696615,0.8748377330222021,0.48,0.5,0.7401087448444044,0.5216138275255199,0.16811534098110734,positive
0.7387545887983775,0.7879333070929785,0.48,0.5,0.575235898723993,0.5235655930034903,0.2986982044272731,positive
0.6117583312117447,0.7634874062644891,0.8271594384456413,0.5,0.6879995454268084,0.4939117104786499,0.5328796212445543,positive
0.7764853772427928,0.7038613048312954,0.48,0.5,0.83,0.44928014913571335,0.2916891961973563,positive
0.7725842558885795,0.7142037822367632,0.48,0.5,0.83,0.5334186574225744,0.2996582153711471,positive
0.6812218736937179,0.5602199798032862,0.48,0.5,0.7734514681979991,0.39989763886903373,0.22023221420511851,positive
0.6975077855508068,0.5946248492495453,0.48,0.5,0.7821569779395002,0.3905450706033431,0.25930142310710336,positive
0.6846728149450767,0.84,0.48,0.5,0.8452199170767559,0.540502610896717,0.36805028440966814,positive
0.6124602954827576,0.7935937656740439,0.48,0.5,0.48334181721399927,0.3289496192798262,0.3179662425407161,positive
0.7384712101482157,0.8781173698826865,0.48,0.5,0.7941775364760622,0.5622472760996657,0.29,positive
0.6055376683461712,0.7075054680275751,0.48,0.5,0.7236316924706824,0.36057141462948106,0.4388091312670742,positive
0.6903513801361024,0.8612175125441242,0.48,0.5,0.7670970936928422,0.5128185419536412,0.2886891403221265,positive
0.6822807375043176,0.6091740885564684,0.48,0.5,0.7682003006041538,0.39864771763160295,0.26536458359588455,positive
0.639462290529477,0.5479318870715191,0.48,0.5,0.763179784363414,0.38123691882164956,0.2681629014888517,positive
0.5230293760024017,0.7706473837062191,0.48,0.5,0.7282827045828228,0.3686127934937788,0.42981775435493363,positive
0.778384996619644,0.5842405915012207,0.48,0.5,0.8630439428193046,0.5062558020886255,0.2395199742393299,positive
0.675356709201925,0.874158819273146,0.48,0.5,0.7303981230483981,0.5111456321207597,0.23904224431826007,positive
0.7414127237601245,0.8693045168834127,0.48,0.5,0.5091415529689184,0.52106771525174,0.3058745224432672,positive
0.6027182041396142,0.7261770093611317,0.4933220925513929,0.5,0.6764263977855144,0.64338809333339,0.52,positive
0.7759860127150089,0.6857528248982324,0.48,0.5,0.83,0.45034685609308,0.29509545332577164,positive
0.7326791352304644,0.8342664925785293,0.48,0.5,0.8477870870168892,0.5737998486092382,0.29933769937193155,positive
0.6176997452436437,0.49,0.48,0.5,0.5768907856281236,0.45,0.3161607951157451,positive
0.646537995150317,0.5702272193902489,0.48,0.5,0.7369480587075885,0.341628315142749,0.21515459071296,positive
0.7177583551816328,0.8131040686746636,0.48,0.5,0.7479707957922541,0.5446039863074857,0.33427548076103575,positive
0.6126071530492445,0.768139288606295,0.48,0.5,0.5011522783116605,0.35538471231902746,0.36228713873846474,positive
0.7156754452185183,0.8520018359607621,0.48,0.5,0.7657549652199683,0.5430316865999736,0.2752058824933489,positive
0.6285238389981997,0.6621220302852655,0.48,0.5,0.7566099047058054,0.36735678720435866,0.36497994728003463,positive
0.7046068128459773,0.8897205162026386,0.48,0.5,0.6492264819815817,0.5299857012396337,0.28665354039690816,positive
0.6955766341978942,0.6582744523168099,0.48,0.5,0.7903119837071796,0.4,0.2991774313182223,positive
0.6485922226867514,0.57,0.48,0.5,0.5891032143058443,0.3351373936915334,0.26929721844104504,positive
0.5542017648777949,0.8283681443904044,0.48,0.5,0.7050470566717215,0.3617623175846071,0.3963458997230364,positive
0.7711479880814931,0.6794471168323508,0.48,0.5,0.8307845043912363,0.40308507890486545,0.20593093502495538,positive
0.7477803622103063,0.7772932372690928,0.48,0.5,0.7932037047311223,0.5470718381615494,0.29146597391257034,positive
0.7151027439360411,0.8871038361055686,0.48,0.5,0.5813688231061611,0.5120726062963944,0.26107018698578244,positive
0.6082915713963176,0.6806921301945456,0.5216458881439126,0.5,0.6812100810839078,0.6276919332953702,0.52,positive
0.7697129714449102,0.6346339101366747,0.48,0.5,0.7389207247972867,0.4,0.2900012601964299,positive
0.7416535957057638,0.77864524112806,0.48,0.5,0.8192269438971738,0.5439335168014627,0.19540989948677162,positive
0.6622140627321048,0.5976247290742345,0.48,0.5,0.7799075173660042,0.4038483831643637,0.2937731228084624,positive
0.6857727380767591,0.6195309754539932,0.48,0.5,0.7568223687101718,0.39878398906350604,0.28506358859448067,positive
0.6854045107126026,0.84,0.48,0.5,0.7724420843039482,0.5586527126415552,0.36122770273423166,positive
0.6224797507921951,0.7561635276297245,0.48,0.5,0.45673732805291023,0.3398567527960543,0.3327152650793179,positive
0.7263709979587225,0.845222673233302,0.48,0.5,0.7368746505177907,0.5625287384414263,0.2590553758599549,positive
0.5221257922039562,0.7771362199098475,0.48,0.5,0.752963563182548,0.3646197499122334,0.38378413594168304,positive
0.6994152774925606,0.8777442074547593,0.48,0.5,0.8548783579607909,0.5041633002203494,0.2620282326076587,positive
0.6715484819979672,0.6183656923212174,0.48,0.5,0.7242424979696872,0.3557052126286471,0.2970260478732176,positive
0.6750201980520937,0.57,0.48,0.5,0.6489371722318085,0.3337898685849145,0.3163182198660399,positive
0.604686004246551,0.786059865821404,0.48,0.5,0.7151760666223003,0.37013009036740757,0.38,positive
0.7667715687480834,0.6624440838514132,0.48,0.5,0.8399689641284259,0.5379756676961991,0.2885239304643264,positive
0.709092189645801,0.7809174246591776,0.48,0.5,0.7338599120486453,0.51422601347726,0.226909627255541,positive
0.7315739257041712,0.8988369917076046,0.48,0.5,0.6499424041946011,0.5108669219187171,0.2606427033873316,positive
0.614326588116602,0.77756010637194,0.7664469200728179,0.5,0.5160842455582608,0.4917778123135857,0.537855013649192,positive
0.7584585247317442,0.7473106905174174,0.48,0.5,0.83,0.5524534857755543,0.29075316935305157,positive
0.7482595509230976,0.7643478474272637,0.48,0.5,0.7639760923318468,0.5626214069449067,0.2579947169265555,positive
0.6164205021767526,0.49,0.48,0.5,0.7105579342986952,0.45,0.3088221045544804,positive
0.690883924179279,0.5931051618166174,0.48,0.5,0.7949934111189872,0.3920982822154107,0.247922308363714,positive
0.712326470727323,0.824350586730563,0.48,0.5,0.7739296369424921,0.5680197554819895,0.342297437147233,positive
0.6137782232211719,0.8294866212301903,0.48,0.5,0.46600681760355045,0.3558588354582244,0.3985926473292776,positive
0.6868085696009412,0.8586966860682629,0.48,0.5,0.7390715214432529,0.5348162825157325,0.277800278987477,positive
0.5766245789642692,0.6962290387197112,0.48,0.5,0.6353353792343587,0.36,0.42889647031292827,positive
0.7108647869125173,0.8516109481990211,0.48,0.5,0.8050223620717067,0.5261096921722028,0.25292600057144865,positive
0.68,0.652579197021265,0.48,0.5,0.7016569544176392,0.4,0.32353327907198154,positive
0.6674304675745981,0.6051137524724236,0.48,0.5,0.7267508657268126,0.36654577710758596,0.28212205187150236,positive
0.5445108232391793,0.7134552719548928,0.48,0.5,0.7438344577023895,0.37655523518256395,0.39861059608613203,positive
0.7502247264164111,0.7220427383732975,0.48,0.5,0.8624338110512831,0.5302428072512211,0.17952331679781222,positive
0.7476143762259245,0.766925735265327,0.48,0.5,0.775690234868161,0.5678971633568587,0.1965748625756769,positive
0.6767372683947912,0.888382169363078,0.48,0.5,0.7173006472658454,0.5101552745020804,0.25760607632181387,positive
0.6075539136354323,0.76925378553402,0.8455570148416482,0.5,0.7344706228100552,0.5028011752387597,0.5354684125396667,positive
0.7584607216865653,0.6825474247011776,0.48,0.5,0.83,0.5635586231714744,0.2903476638490517,positive
0.7482977602198408,0.7656748072898162,0.48,0.5,0.6011870550614563,0.5164426041010604,0.30651406094345135,positive
0.6381854494935548,0.5525581841057038,0.48,0.5,0.7555118655532386,0.3625365164865668,0.27480566456769645,positive
0.6899156866371731,0.6205648227858221,0.48,0.5,0.7400368327362651,0.39866852701423244,0.21045968521526004,positive
0.7013198190223491,0.8036939088170509,0.48,0.5,0.7690200502857649,0.5540486464911643,0.35352187820172626,positive
0.6374203780218737,0.7703714277097152,0.48,0.5,0.5049551949457242,0.3481803874367438,0.3507705125523889,positive
0.6874779293066802,0.84,0.48,0.5,0.8220052423124943,0.56581199916959,0.325287893962155,positive
0.6140625183895024,0.7349489326350298,0.48,0.5,0.7019335697006399,0.36,0.42885181512054826,positive
0.67,0.8395455992475896,0.48,0.5,0.7109119036345315,0.4904267111094645,0.2418764026960203,positive
0.68,0.6636068526529044,0.48,0.5,0.5364574284724805,0.4,0.3183773454881083,positive
0.6682580928407744,0.5810843457382442,0.48,0.5,0.7258709385091859,0.35362511646813843,0.297639278174146,positive
0.614425917064369,0.8104117004142394,0.48,0.5,0.6693715196251506,0.37331725078551525,0.3920687169897156,positive
0.7636725604680559,0.6931512884124987,0.48,0.5,0.8298271995614298,0.5374835517842791,0.1507427670140593,positive
0.7414364112241888,0.7705220280716849,0.48,0.5,0.8288711227168677,0.5468163861593408,0.19185702777514466,positive
0.6927765318396416,0.889968463851105,0.48,0.5,0.7274376231269383,0.5051993445458693,0.2803382445118173,positive
0.6575136017843799,0.7181759901552078,1.0,0.5,0.6632383998718192,0.5734782527828309,0.44745392926599603,positive
0.7550383022098615,0.7031740987003282,0.48,0.5,0.83,0.5044695199779821,0.2983321883299229,positive
0.7430405608253946,0.7716162278219281,0.48,0.5,0.7686285664701941,0.5402756577025976,0.29721488068389745,positive
0.6847351501717654,0.5604036323614506,0.48,0.5,0.7819528480990372,0.4243382532767483,0.24744389927106625,positive
0.6450615064194555,0.5731189955830311,0.48,0.5,0.7405357917501821,0.38226190290191653,0.25926429985934646,positive
0.7298147801127819,0.7851248305018496,0.48,0.5,0.798309443336962,0.5565417972998391,0.30836747717360585,positive
0.6119221366327947,0.7553767642468036,0.48,0.5,0.4724253493512992,0.344978287330628,0.3394206801309423,positive
0.7309067673202162,0.8656877487559925,0.48,0.5,0.6484931167534278,0.5590734803148688,0.29,positive
0.57652734456806,0.6985228560530714,0.48,0.5,0.7538813860074787,0.3670954717390722,0.39541334046670096,positive
0.6966383650121755,0.8945214493459378,0.48,0.5,0.7108257194685166,0.5027811931927731,0.26190250047774694,positive
0.7331158717367464,0.6349626040790657,0.48,0.5,0.7445330171744112,0.4,0.2920654903896181,positive
0.6584982270143147,0.6278034323417323,0.48,0.5,0.7096421515023068,0.3336329504532175,0.2659863928585379,positive
0.5792038958622561,0.7987111372397149,0.48,0.5,0.6479152062407961,0.3741723052971624,0.38,positive
0.7782527020613148,0.6081321853771443,0.48,0.5,0.8697384762577755,0.47995457026573335,0.2213383416512758,positive
0.7473591608839608,0.7624662687375787,0.48,0.5,0.7831211338187418,0.5407588974313694,0.25715577111739,positive
0.7386109165095401,0.881942643455336,0.48,0.5,0.572969107559049,0.5245856259122955,0.29554421322032276,positive
0.604651981904817,0.7707172641105018,0.9052512523335379,0.5,0.4780654002302392,0.5334039234771599,0.5204742496592651,positive
0.7767615745839095,0.5877028950302928,0.48,0.5,0.8358299913280276,0.5237749212082652,0.2544397879048313,positive
0.746735239068668,0.7690251655082349,0.48,0.5,0.753393070213418,0.5482516843939744,0.30654624838862427,positive
0.6427357705579669,0.5296760100527389,0.48,0.5,0.7706804370286879,0.39480702124361233,0.2673158216025816,positive
0.6811040060646053,0.5747227406673134,0.48,0.5,0.7093195774705576,0.3554583283637632,0.2247222528114859,positive
0.6705618250318489,0.84,0.48,0.5,0.7777526253055345,0.5410564241181339,0.35784483549973817,positive
0.6237203938454537,0.7504724928398822,0.48,0.5,0.47073602068881043,0.3414245482703531,0.37766932739904,positive
0.7373472643623129,0.7687443509418245,0.48,0.5,0.8370868609288459,0.5745630870991395,0.296825026706302,positive
0.6020066653843719,0.6815336607068885,0.48,0.5,0.6151855274973989,0.3829328912598887,0.41944975686190494,positive
0.6727792386398258,0.896875780508466,0.48,0.5,0.6700789128422889,0.5269466271819694,0.28673002296718464,positive
0.7531137101290721,0.6643571314983027,0.48,0.5,0.7932760856619864,0.4,0.29858319545718764,positive
0.6598253046683556,0.5865234700944318,0.48,0.5,0.7480366067390501,0.37016738101070984,0.2314515443251446,positive
0.5783048321702428,0.732184140817906,0.48,0.5,0.7115887149484174,0.3871707821368085,0.3895789433008916,positive
0.7716326048078929,0.5737375404810077,0.48,0.5,0.8405680649596134,0.47154733113237274,0.22729153477403344,positive
0.7345943181501917,0.8252075162492011,0.48,0.5,0.7315379043772409,0.5358256650882112,0.20406239790497088,positive
0.7390722403004175,0.7945401344025336,0.48,0.5,0.5709454130336494,0.5136429464299046,0.3032903044935857,positive
0.6042735574017,0.7700242251184055,0.7036022930779051,0.5,0.699403525288721,0.5235691337460877,0.5241493155444376,positive
0.7758996980596158,0.6319635620009751,0.48,0.5,0.8645907253308672,0.4773838744046795,0.20620655568317225,positive
0.7383570964104622,0.7863448960973648,0.48,0.5,0.8566202136386964,0.5749740226386347,0.2956822582565444,positive
0.6492470033508381,0.5338341518873552,0.48,0.5,0.777739711396993,0.42323515089092,0.2592886916012209,positive
0.6809660067516888,0.5804576260687604,0.48,0.5,0.7290087340342584,0.3631706272131541,0.21716127983012115,positive
0.7151285964434885,0.7967091694152381,0.48,0.5,0.603557949158958,0.5209069034234648,0.3457199031866849,positive
0.6127483244376056,0.7688757384557922,0.48,0.5,0.4672386885123567,0.3283257436571335,0.30069627294126966,positive
0.7346023625671816,0.8496877721616728,0.48,0.5,0.6554611060213954,0.5782456039844448,0.29,positive
0.5242875314767755,0.736212433882729,0.48,0.5,0.7668649711943145,0.3688706112486926,0.39274206165865955,positive
0.67,0.838550871911847,0.48,0.5,0.6937378357223883,0.4915120755513863,0.23874023252451032,positive
0.6490606746425892,0.5740618091307729,0.48,0.5,0.7070379115810477,0.39754571802155847,0.27107372572963173,positive
0.6927420778937572,0.57,0.48,0.5,0.5435054832564437,0.34049394001348465,0.26031374402888446,positive
0.5561764209186413,0.8180953826689455,0.48,0.5,0.5916914685328706,0.37852878662159906,0.3990531827006603,positive
0.7797209399217944,0.5977488259309323,0.48,0.5,0.8744027489752011,0.5098776819339572,0.2239973898192876,positive
0.7344108734111782,0.78,0.48,0.5,0.6136175446261658,0.5159373529316829,0.28561435126682067,positive
0.7499517655757113,0.872109168585664,0.48,0.5,0.4829525459559819,0.5290336283389817,0.3068937374849816,positive
0.6604795658529743,0.7647016273291362,0.8416294024810296,0.5,0.7439097961498238,0.5583410830609853,0.4869958456584582,positive
0.7767778933800503,0.679259598716316,0.48,0.5,0.8377759690640548,0.4118995997225666,0.284347215795749,positive
0.7473374153437231,0.7703780855616539,0.48,0.5,0.7541962632002971,0.5475948787866632,0.15289204308354484,positive
0.5954548633859201,0.49,0.48,0.5,0.7659343893246945,0.45,0.31037007520915955,positive
0.6833417125714499,0.6236743894529654,0.48,0.5,0.7486603302662965,0.39615075392717825,0.2411830782215115,positive
0.67,0.8424109732347276,0.48,0.5,0.7376608107291261,0.5278705462724746,0.2674522138805531,positive
0.6295424760468425,0.7568757152161125,0.48,0.5,0.5030471711659005,0.3451478491960143,0.34407071995650346,positive
0.7369475232874639,0.8437185876367064,0.48,0.5,0.7032810868818499,0.5689889212936782,0.29,positive
0.5810255309481898,0.6854649297012578,0.48,0.5,0.6768200732096399,0.3815418259986956,0.41600035173718297,positive
0.67,0.8706881386333272,0.48,0.5,0.7336457509241978,0.5248888055190195,0.365070982654514,positive
0.6843252953326519,0.6054811113224977,0.48,0.5,0.7698369615093715,0.39889889375749893,0.27698157285398084,positive
0.6401382843836143,0.5727369907938763,0.48,0.5,0.7207813236999405,0.3628937193422846,0.23610756188047033,positive
0.6000141078669416,0.7914976957298206,0.48,0.5,0.6098942908421165,0.39245827229574026,0.3816651944166286,positive
0.7017380460010272,0.5782786243840501,0.48,0.5,0.8259869689520337,0.43959303126767063,0.20044962474046715,positive
0.7312336335482026,0.8270097400976264,0.48,0.5,0.8220985389016111,0.5466544357761873,0.15341495262989285,positive
0.6921232768811405,0.8815771480321886,0.48,0.5,0.5605055049199046,0.5268804057044008,0.2346466667992545,positive
0.6124137548158777,0.7660368277559908,0.8932888144008305,0.5,0.4982222750487901,0.5515378965095654,0.5214094449179284,positive
0.7216037531356622,0.6392355108904454,0.48,0.5,0.7600917411348388,0.4,0.2968032043572167,positive
0.7433514237795729,0.7766485141257666,0.48,0.5,0.8145294149972411,0.5622876869283743,0.295808623027215,positive
0.6160472902364018,0.49,0.48,0.5,0.7092853503730927,0.45,0.30371036414040575,positive
0.6798698567540005,0.5873820269036538,0.48,0.5,0.7663568050075042,0.3719792968163454,0.25723828093215817,positive
0.67,0.8703864407442911,0.48,0.5,0.7371336222656231,0.5051031360704793,0.324976057592283,positive
0.622619453420245,0.755339618023793,0.48,0.5,0.5019728486356083,0.3446897488658281,0.3744730510093146,positive
0.7406183062870813,0.77449182348129,0.48,0.5,0.8556554121602868,0.5775472434826103,0.2984379119565394,positive
0.5477139329010599,0.7462030182997811,0.48,0.5,0.7237006964843102,0.376216668507322,0.44016921894183914,positive
0.67,0.8468768280978514,0.48,0.5,0.671637356030018,0.4959666733414144,0.2351881747580839,positive
0.7115472955803045,0.6593073056883002,0.48,0.5,0.7729283382419747,0.4,0.2922587092408364,positive
0.6639762980215156,0.5824946006099563,0.48,0.5,0.723979542654734,0.39425776801747064,0.2735239040705199,positive
0.6262105055312636,0.8006549457907309,0.48,0.5,0.6817637234720785,0.36176177913430857,0.38,positive
0.7613725764840958,0.678499031224933,0.48,0.5,0.8422661232417956,0.534301366382906,0.22824555833364593,positive
0.7475271692165367,0.7792884173635879,0.48,0.5,0.7904222970897994,0.5587090290464148,0.15042653936463415,positive
0.7357396524878264,0.808475012028873,0.48,0.5,0.5750519131066301,0.5267599108631468,0.2997093664689066,positive
0.6004785131074637,0.7738600066472162,0.4859616631678193,0.5,0.5941220444699383,0.5649793967275974,0.5277161502123485,positive
