@relation ecoli4
@attribute Mcg real [0.0, 0.89]
@attribute Gvh real [0.16, 1.0]
@attribute Lip real [0.48, 1.0]
@attribute Chg real [0.5, 1.0]
@attribute Aac real [0.0, 0.88]
@attribute Alm1 real [0.03, 1.0]
@attribute Alm2 real [0.0, 0.99]
@attribute Class {positive, negative}
@data
0.07,0.4,0.48,0.5,0.54,0.35,0.44,negative
0.56,0.4,0.48,0.5,0.49,0.37,0.46,negative
0.59,0.49,0.48,0.5,0.52,0.45,0.36,negative
0.23,0.32,0.48,0.5,0.55,0.25,0.35,negative
0.67,0.39,0.48,0.5,0.36,0.38,0.46,negative
0.29,0.28,0.48,0.5,0.44,0.23,0.34,negative
0.21,0.34,0.48,0.5,0.51,0.28,0.39,negative
0.42,0.4,0.48,0.5,0.56,0.18,0.3,negative
0.39,0.32,0.48,0.5,0.46,0.24,0.35,negative
0.51,0.5,0.48,0.5,0.46,0.32,0.35,negative
0.22,0.43,0.48,0.5,0.48,0.16,0.28,negative
0.25,0.4,0.48,0.5,0.46,0.44,0.52,negative
0.34,0.45,0.48,0.5,0.38,0.24,0.35,negative
0.44,0.27,0.48,0.5,0.55,0.52,0.58,negative
0.23,0.4,0.48,0.5,0.39,0.28,0.38,negative
0.41,0.57,0.48,0.5,0.39,0.21,0.32,negative
0.4,0.45,0.48,0.5,0.38,0.22,0.0,negative
0.51,0.54,0.48,0.5,0.41,0.34,0.43,negative
0.3,0.16,0.48,0.5,0.56,0.11,0.23,negative
0.36,0.39,0.48,0.5,0.48,0.22,0.23,negative
0.29,0.37,0.48,0.5,0.48,0.44,0.52,negative
0.25,0.4,0.48,0.5,0.47,0.33,0.42,negative
0.21,0.51,0.48,0.5,0.5,0.32,0.41,negative
0.53,0.38,0.48,0.5,0.44,0.26,0.36,negative
0.34,0.33,0.48,0.5,0.38,0.35,0.44,negative
0.56,0.51,0.48,0.5,0.34,0.37,0.46,negative
0.4,0.29,0.48,0.5,0.42,0.35,0.44,negative
0.24,0.35,0.48,0.5,0.31,0.19,0.31,negative
0.29,0.52,0.48,0.5,0.42,0.29,0.39,negative
0.65,0.47,0.48,0.5,0.59,0.3,0.4,negative
0.32,0.42,0.48,0.5,0.35,0.28,0.38,negative
0.38,0.46,0.48,0.5,0.48,0.22,0.29,negative
0.33,0.45,0.48,0.5,0.52,0.32,0.41,negative
0.3,0.37,0.48,0.5,0.59,0.41,0.49,negative
0.4,0.5,0.48,0.5,0.45,0.39,0.47,negative
0.28,0.38,0.48,0.5,0.5,0.33,0.42,negative
0.17,0.38,0.48,0.5,0.45,0.42,0.5,negative
0.43,0.4,0.48,0.5,0.39,0.28,0.39,negative
0.42,0.35,0.48,0.5,0.58,0.15,0.27,negative
0.23,0.33,0.48,0.5,0.43,0.33,0.43,negative
0.29,0.3,0.48,0.5,0.45,0.03,0.17,negative
0.22,0.36,0.48,0.5,0.35,0.39,0.47,negative
0.23,0.58,0.48,0.5,0.37,0.53,0.59,negative
0.47,0.47,0.48,0.5,0.22,0.16,0.26,negative
0.54,0.47,0.48,0.5,0.28,0.33,0.42,negative
0.51,0.37,0.48,0.5,0.35,0.36,0.45,negative
0.4,0.35,0.48,0.5,0.45,0.33,0.42,negative
0.44,0.34,0.48,0.5,0.3,0.33,0.43,negative
0.42,0.38,0.48,0.5,0.54,0.34,0.43,negative
0.52,0.36,0.48,0.5,0.41,0.28,0.38,negative
0.18,0.3,0.48,0.5,0.46,0.24,0.35,negative
0.47,0.29,0.48,0.5,0.51,0.33,0.43,negative
0.25,0.37,0.48,0.5,0.41,0.33,0.42,negative
0.25,0.37,0.48,0.5,0.43,0.26,0.36,negative
0.35,0.48,0.48,0.5,0.56,0.4,0.48,negative
0.26,0.26,0.48,0.5,0.34,0.25,0.35,negative
0.44,0.51,0.48,0.5,0.47,0.26,0.36,negative
0.37,0.5,0.48,0.5,0.42,0.36,0.45,negative
0.44,0.42,0.48,0.5,0.42,0.25,0.2,negative
0.24,0.43,0.48,0.5,0.37,0.28,0.38,negative
0.42,0.3,0.48,0.5,0.48,0.26,0.36,negative
0.48,0.42,0.48,0.5,0.45,0.25,0.35,negative
0.41,0.48,0.48,0.5,0.51,0.44,0.51,negative
0.44,0.28,0.48,0.5,0.43,0.27,0.37,negative
0.29,0.41,0.48,0.5,0.48,0.38,0.46,negative
0.34,0.28,0.48,0.5,0.41,0.35,0.44,negative
0.41,0.43,0.48,0.5,0.45,0.31,0.41,negative
0.29,0.47,0.48,0.5,0.41,0.23,0.34,negative
0.36,0.56,0.48,0.5,0.43,0.45,0.53,negative
0.4,0.46,0.48,0.5,0.52,0.49,0.56,negative
0.5,0.49,0.48,0.5,0.49,0.46,0.53,negative
0.52,0.44,0.48,0.5,0.37,0.36,0.42,negative
0.5,0.51,0.48,0.5,0.27,0.23,0.34,negative
0.53,0.42,0.48,0.5,0.16,0.29,0.39,negative
0.34,0.46,0.48,0.5,0.52,0.35,0.44,negative
0.41,0.43,0.48,0.5,0.5,0.24,0.25,negative
0.3,0.45,0.48,0.5,0.36,0.21,0.32,negative
0.31,0.47,0.48,0.5,0.29,0.28,0.39,negative
0.57,0.54,0.48,0.5,0.37,0.28,0.33,negative
0.38,0.4,0.48,0.5,0.63,0.25,0.35,negative
0.24,0.57,0.48,0.5,0.63,0.34,0.43,negative
0.38,0.26,0.48,0.5,0.54,0.16,0.28,negative
0.24,0.34,0.48,0.5,0.38,0.3,0.4,negative
0.44,0.49,0.48,0.5,0.39,0.38,0.4,negative
0.43,0.32,0.48,0.5,0.33,0.45,0.52,negative
0.49,0.43,0.48,0.5,0.49,0.3,0.4,negative
0.47,0.28,0.48,0.5,0.56,0.2,0.25,negative
0.32,0.33,0.48,0.5,0.6,0.06,0.2,negative
0.34,0.35,0.48,0.5,0.51,0.49,0.56,negative
0.38,0.3,0.48,0.5,0.43,0.29,0.39,negative
0.38,0.44,0.48,0.5,0.43,0.2,0.31,negative
0.41,0.51,0.48,0.5,0.58,0.2,0.31,negative
0.51,0.49,0.48,0.5,0.53,0.14,0.26,negative
0.25,0.51,0.48,0.5,0.37,0.42,0.5,negative
0.29,0.28,0.48,0.5,0.5,0.42,0.5,negative
0.25,0.26,0.48,0.5,0.39,0.32,0.42,negative
0.17,0.39,0.48,0.5,0.53,0.3,0.39,negative
0.04,0.31,0.48,0.5,0.41,0.29,0.39,negative
0.61,0.36,0.48,0.5,0.49,0.35,0.44,negative
0.34,0.51,0.48,0.5,0.44,0.37,0.46,negative
0.28,0.33,0.48,0.5,0.45,0.22,0.33,negative
0.4,0.46,0.48,0.5,0.42,0.35,0.44,negative
0.23,0.34,0.48,0.5,0.43,0.26,0.37,negative
0.37,0.44,0.48,0.5,0.42,0.39,0.47,negative
0.0,0.38,0.48,0.5,0.42,0.48,0.55,negative
0.39,0.31,0.48,0.5,0.38,0.34,0.43,negative
0.3,0.44,0.48,0.5,0.49,0.22,0.33,negative
0.17,0.52,0.48,0.5,0.49,0.37,0.46,negative
0.3,0.37,0.48,0.5,0.43,0.18,0.3,negative
0.26,0.4,0.48,0.5,0.36,0.26,0.37,negative
0.4,0.41,0.48,0.5,0.55,0.22,0.33,negative
0.44,0.35,0.48,0.5,0.44,0.52,0.59,negative
0.27,0.42,0.48,0.5,0.37,0.38,0.43,negative
0.16,0.43,0.48,0.5,0.54,0.27,0.37,negative
0.44,0.52,0.48,0.5,0.43,0.47,0.54,negative
0.23,0.48,0.48,0.5,0.59,0.88,0.89,negative
0.34,0.49,0.48,0.5,0.58,0.85,0.8,negative
0.43,0.4,0.48,0.5,0.58,0.75,0.78,negative
0.46,0.61,0.48,0.5,0.48,0.86,0.87,negative
0.55,0.47,0.48,0.5,0.57,0.78,0.8,negative
0.12,0.67,0.48,0.5,0.74,0.58,0.63,negative
0.73,0.36,0.48,0.5,0.53,0.91,0.92,negative
0.48,0.45,0.48,0.5,0.6,0.78,0.8,negative
0.54,0.49,0.48,0.5,0.4,0.87,0.88,negative
0.48,0.41,0.48,0.5,0.51,0.9,0.88,negative
0.5,0.66,0.48,0.5,0.31,0.92,0.92,negative
0.72,0.46,0.48,0.5,0.51,0.66,0.7,negative
0.47,0.55,0.48,0.5,0.58,0.71,0.75,negative
0.33,0.56,0.48,0.5,0.33,0.78,0.8,negative
0.47,0.59,0.48,0.5,0.52,0.76,0.79,negative
0.63,0.5,0.48,0.5,0.59,0.85,0.86,negative
0.49,0.42,0.48,0.5,0.53,0.79,0.81,negative
0.31,0.5,0.48,0.5,0.57,0.84,0.85,negative
0.74,0.44,0.48,0.5,0.55,0.88,0.89,negative
0.33,0.45,0.48,0.5,0.45,0.88,0.89,negative
0.45,0.4,0.48,0.5,0.61,0.74,0.77,negative
0.71,0.4,0.48,0.5,0.71,0.7,0.74,negative
0.5,0.37,0.48,0.5,0.66,0.64,0.69,negative
0.6,0.61,0.48,0.5,0.54,0.67,0.71,negative
0.83,0.37,0.48,0.5,0.61,0.71,0.74,negative
0.34,0.51,0.48,0.5,0.67,0.9,0.9,negative
0.63,0.54,0.48,0.5,0.65,0.79,0.81,negative
0.7,0.4,0.48,0.5,0.56,0.86,0.83,negative
0.6,0.5,1.0,0.5,0.54,0.77,0.8,negative
0.74,0.7,0.48,0.5,0.66,0.65,0.69,negative
0.2,0.46,0.48,0.5,0.57,0.78,0.81,negative
0.89,0.55,0.48,0.5,0.51,0.72,0.76,negative
0.7,0.46,0.48,0.5,0.56,0.78,0.73,negative
0.12,0.43,0.48,0.5,0.63,0.7,0.74,negative
0.61,0.52,0.48,0.5,0.54,0.67,0.52,negative
0.33,0.37,0.48,0.5,0.46,0.65,0.69,negative
0.41,0.51,0.48,0.5,0.53,0.75,0.78,negative
0.34,0.67,0.48,0.5,0.52,0.76,0.79,negative
0.58,0.34,0.48,0.5,0.56,0.87,0.81,negative
0.59,0.56,0.48,0.5,0.55,0.8,0.82,negative
0.51,0.4,0.48,0.5,0.57,0.62,0.67,negative
0.6,0.46,0.48,0.5,0.45,0.81,0.83,negative
0.37,0.47,0.48,0.5,0.39,0.76,0.79,negative
0.36,0.47,0.48,0.5,0.51,0.69,0.72,negative
0.39,0.41,0.48,0.5,0.52,0.72,0.75,negative
0.35,0.51,0.48,0.5,0.61,0.71,0.74,negative
0.31,0.44,0.48,0.5,0.5,0.79,0.82,negative
0.61,0.66,0.48,0.5,0.46,0.87,0.88,negative
0.48,0.49,0.48,0.5,0.52,0.77,0.71,negative
0.11,0.5,0.48,0.5,0.58,0.72,0.68,negative
0.31,0.36,0.48,0.5,0.58,0.94,0.94,negative
0.68,0.51,0.48,0.5,0.71,0.75,0.78,negative
0.69,0.39,0.48,0.5,0.57,0.76,0.79,negative
0.52,0.54,0.48,0.5,0.62,0.76,0.79,negative
0.46,0.59,0.48,0.5,0.36,0.76,0.23,negative
0.0,0.51,0.48,0.5,0.35,0.67,0.44,negative
0.1,0.49,0.48,0.5,0.41,0.67,0.21,negative
0.3,0.51,0.48,0.5,0.42,0.61,0.34,negative
0.61,0.47,0.48,0.5,0.0,0.8,0.32,negative
0.63,0.75,0.48,0.5,0.64,0.73,0.66,negative
0.71,0.52,0.48,0.5,0.64,1.0,0.99,negative
0.85,0.53,0.48,0.5,0.53,0.52,0.35,negative
0.63,0.49,0.48,0.5,0.54,0.76,0.79,negative
0.7,0.39,1.0,0.5,0.51,0.82,0.84,negative
0.72,0.42,0.48,0.5,0.65,0.77,0.79,negative
0.79,0.41,0.48,0.5,0.66,0.81,0.83,negative
0.83,0.48,0.48,0.5,0.65,0.76,0.79,negative
0.69,0.43,0.48,0.5,0.59,0.74,0.77,negative
0.79,0.36,0.48,0.5,0.46,0.82,0.7,negative
0.78,0.33,0.48,0.5,0.57,0.77,0.79,negative
0.75,0.37,0.48,0.5,0.64,0.7,0.74,negative
0.59,0.29,0.48,0.5,0.64,0.75,0.77,negative
0.67,0.37,0.48,0.5,0.54,0.64,0.68,negative
0.66,0.48,0.48,0.5,0.54,0.7,0.74,negative
0.64,0.46,0.48,0.5,0.48,0.73,0.76,negative
0.76,0.71,0.48,0.5,0.5,0.71,0.75,negative
0.84,0.49,0.48,0.5,0.55,0.78,0.74,negative
0.77,0.55,0.48,0.5,0.51,0.78,0.74,negative
0.81,0.44,0.48,0.5,0.42,0.67,0.68,negative
0.58,0.6,0.48,0.5,0.59,0.73,0.76,negative
0.62,0.42,0.48,0.5,0.58,0.79,0.81,negative
0.87,0.49,0.48,0.5,0.61,0.76,0.79,negative
0.7,0.53,0.48,0.5,0.7,0.86,0.87,negative
0.88,0.42,0.48,0.5,0.52,0.73,0.75,negative
0.84,0.54,0.48,0.5,0.75,0.92,0.7,negative
0.63,0.51,0.48,0.5,0.64,0.72,0.76,negative
0.86,0.55,0.48,0.5,0.63,0.81,0.83,negative
0.79,0.54,0.48,0.5,0.5,0.66,0.68,negative
0.78,0.44,0.48,0.5,0.45,0.73,0.68,negative
0.78,0.68,0.48,0.5,0.83,0.4,0.29,positive
0.63,0.69,0.48,0.5,0.65,0.41,0.28,positive
0.61,0.75,0.48,0.5,0.51,0.33,0.33,positive
0.67,0.84,0.48,0.5,0.74,0.54,0.37,positive
0.74,0.9,0.48,0.5,0.57,0.53,0.29,positive
0.73,0.84,0.48,0.5,0.86,0.58,0.29,positive
0.74,0.78,0.48,0.5,0.75,0.54,0.15,positive
0.68,0.76,0.48,0.5,0.84,0.45,0.27,positive
0.65,0.51,0.48,0.5,0.66,0.54,0.33,positive
0.52,0.81,0.48,0.5,0.72,0.38,0.38,positive
0.64,0.57,0.48,0.5,0.7,0.33,0.26,positive
0.6,0.76,1.0,0.5,0.77,0.59,0.52,positive
0.69,0.59,0.48,0.5,0.77,0.39,0.21,positive
0.63,0.49,0.48,0.5,0.79,0.45,0.28,positive
0.71,0.71,0.48,0.5,0.68,0.43,0.36,positive
0.68,0.63,0.48,0.5,0.73,0.4,0.3,positive
0.66,0.49,1.0,0.5,0.54,0.56,0.36,negative
0.71,0.46,1.0,0.5,0.52,0.59,0.3,negative
0.67,0.55,1.0,0.5,0.66,0.58,0.16,negative
0.74,0.49,0.48,0.5,0.42,0.54,0.36,negative
0.7,0.61,0.48,0.5,0.56,0.52,0.43,negative
0.66,0.86,0.48,0.5,0.34,0.41,0.36,negative
0.65,0.57,0.48,0.5,0.47,0.47,0.51,negative
0.72,0.86,0.48,0.5,0.17,0.55,0.21,negative
0.67,0.7,0.48,0.5,0.46,0.45,0.33,negative
0.63,1.0,0.48,0.5,0.35,0.51,0.49,negative
0.57,0.59,0.48,0.5,0.39,0.47,0.33,negative
0.71,0.71,0.48,0.5,0.4,0.54,0.39,negative
0.66,0.74,0.48,0.5,0.31,0.38,0.43,negative
0.67,0.81,0.48,0.5,0.25,0.42,0.25,negative
0.64,0.72,0.48,0.5,0.49,0.42,0.19,negative
0.68,0.82,0.48,0.5,0.38,0.65,0.56,negative
0.32,0.39,0.48,0.5,0.53,0.28,0.38,negative
0.7,0.64,0.48,0.5,0.47,0.51,0.47,negative
0.63,0.57,0.48,0.5,0.49,0.7,0.2,negative
0.63,0.83,0.48,0.5,0.4,0.39,0.19,negative
0.71,0.86,0.48,0.5,0.4,0.54,0.32,negative
0.68,0.78,0.48,0.5,0.43,0.44,0.42,negative
0.64,0.84,0.48,0.5,0.37,0.45,0.4,negative
0.74,0.47,0.48,0.5,0.5,0.57,0.42,negative
0.75,0.84,0.48,0.5,0.35,0.52,0.33,negative
0.63,0.65,0.48,0.5,0.39,0.44,0.35,negative
0.69,0.67,0.48,0.5,0.3,0.39,0.24,negative
0.7,0.71,0.48,0.5,0.42,0.84,0.85,negative
0.69,0.8,0.48,0.5,0.46,0.57,0.26,negative
0.64,0.66,0.48,0.5,0.41,0.39,0.2,negative
0.66,0.71,0.48,0.5,0.41,0.5,0.35,negative
0.69,0.59,0.48,0.5,0.46,0.44,0.52,negative
0.68,0.67,0.48,0.5,0.49,0.4,0.34,negative
0.62,0.78,0.48,0.5,0.47,0.49,0.54,negative
0.76,0.73,0.48,0.5,0.44,0.39,0.39,negative
0.64,0.81,0.48,0.5,0.37,0.39,0.44,negative
0.62,0.83,0.48,0.5,0.46,0.36,0.4,negative
0.56,0.54,0.48,0.5,0.43,0.37,0.3,negative
0.69,0.66,0.48,0.5,0.41,0.5,0.25,negative
0.74,0.56,0.48,0.5,0.47,0.68,0.3,negative
0.61,0.6,0.48,0.5,0.44,0.39,0.38,negative
0.59,0.61,0.48,0.5,0.42,0.42,0.37,negative
0.74,0.74,0.48,0.5,0.31,0.53,0.52,negative
0.6677717863674455,0.5675007599992202,0.48,0.5,0.7709731540041309,0.4137908179084781,0.2907473563563984,positive
0.6705602547213168,0.8407260221641973,0.48,0.5,0.44463942540679685,0.54,0.3324153145122407,positive
0.6294946980776185,0.7635289268521112,0.48,0.5,0.5085939418130873,0.35657461221410974,0.3443986089387242,positive
0.7199987666880129,0.84,0.48,0.5,0.7639312793929175,0.5688667189341323,0.32800234431171443,positive
0.5459755529802209,0.7721720550166958,0.48,0.5,0.6649156976539482,0.39616832466504914,0.38154336506518066,positive
0.6341347263243667,0.703155893229961,0.48,0.5,0.6645758740758428,0.4159014807543704,0.3411168793824818,positive
0.6904751809843719,0.641371827272007,0.48,0.5,0.6901253093827867,0.40519787758322834,0.34702753439199463,positive
0.630785339489201,0.5900091521544361,1.0,0.5,0.5962050202052445,0.5836981271398671,0.45674566892241486,positive
0.6417656463925409,0.582046396309613,0.48,0.5,0.7076951886107744,0.3811713005145508,0.21812101400455117,positive
0.7166946036283235,0.7465136139731393,0.48,0.5,0.8351401142197076,0.4164811083739397,0.2703927032428724,positive
0.6403762209327568,0.49761279568835654,0.48,0.5,0.5508685820977827,0.5315054249967543,0.3335830377752473,positive
0.7383374764588632,0.8574924839310835,0.48,0.5,0.4712132952193061,0.5520906976781103,0.2614087563939792,positive
0.6949539451852754,0.6766752237690835,0.48,0.5,0.7744059074798736,0.3939105096557947,0.24190263794738956,positive
0.7383235366816095,0.6295982275349198,0.48,0.5,0.7974634103990956,0.3918258912440434,0.2539783011283546,positive
0.7150965295647779,0.7790698022259631,0.48,0.5,0.7537720736359903,0.526876112596807,0.25897745654002924,positive
0.6775646694701344,0.6913457280781085,0.48,0.5,0.6557003855501209,0.4290244321616211,0.34374466367402545,positive
0.6307850814002737,0.516376319519306,0.48,0.5,0.7695753340152873,0.36652609757133847,0.2691670800207937,positive
0.7253845387212092,0.891148907890227,0.48,0.5,0.6717121850590803,0.5384607393686791,0.3325098328177444,positive
0.6341179597697332,0.7662410727481415,0.48,0.5,0.5050065412204073,0.34502921858075997,0.35257485505633424,positive
0.7312711923708562,0.7843986529749342,0.48,0.5,0.8100539885738585,0.5523785007092199,0.20561863580362166,positive
0.5932623560382715,0.82056721329921,0.48,0.5,0.48334235066419284,0.36556453605281,0.3802138093507329,positive
0.6395776108322772,0.7186957735023594,0.48,0.5,0.49157345361322025,0.410935271157547,0.23434616220522217,positive
0.6891500427819868,0.6111465081462113,0.48,0.5,0.7406775180616789,0.39916648215528766,0.22304723943294114,positive
0.60889965010422,0.7811540026167584,0.7820933860276229,0.5,0.7423054310722579,0.5623699344341149,0.3729982658804266,positive
0.6343102417412377,0.4916374458802844,0.48,0.5,0.7626825379882617,0.44800418334987446,0.27390889316435985,positive
0.735789543566799,0.6806644179720513,0.48,0.5,0.8361226164686318,0.44422088202974697,0.2829764196871578,positive
0.7227437232935583,0.5060278616970908,0.48,0.5,0.4612229606667893,0.54,0.352121349686463,positive
0.74,0.8956018345821899,0.48,0.5,0.5436787642360671,0.5267701485444463,0.4067059364073432,positive
0.6824942788805022,0.536360204130677,0.48,0.5,0.7748073724091847,0.4339900429062391,0.235226002410393,positive
0.7001910249858116,0.6661396011557785,0.48,0.5,0.7817554419319812,0.4,0.2950199866123463,positive
0.6993077469891464,0.8002654178864401,0.48,0.5,0.7419445499458488,0.54,0.23330050159970028,positive
0.6828707902975616,0.71,0.48,0.5,0.6544298796490376,0.40911064485739246,0.36723057939309284,positive
0.6386795745460576,0.5038251594851919,0.48,0.5,0.7832068651361185,0.39420384446254264,0.2685771202142972,positive
0.6714739532297634,0.8469116774921307,0.48,0.5,0.6777198680587995,0.54,0.33055663613342007,positive
0.6315427474702411,0.7179561345428831,0.48,0.5,0.49172355005805,0.39900994032946413,0.33845242911889367,positive
0.7243087432349874,0.84,0.48,0.5,0.7924814186792992,0.5434434711811548,0.302079713296685,positive
0.5233324262395577,0.7822982417905134,0.48,0.5,0.5638546842474961,0.37926859131148494,0.38,positive
0.6328662246450079,0.7084727227455068,0.48,0.5,0.6524503877031048,0.4107178227553283,0.31768580466764906,positive
0.7304499518543209,0.6741232209958777,0.48,0.5,0.8233796706212065,0.4,0.29190757142495,positive
0.618708506418323,0.6998416349859348,1.0,0.5,0.7618371832707438,0.5727882094925943,0.5191505872128032,positive
0.6487574482231179,0.5724875543598588,0.48,0.5,0.7287896755707295,0.33643490340672144,0.22655763837757906,positive
0.7598088368932663,0.7393334195063092,0.48,0.5,0.8300517839901919,0.40754631913611467,0.2804685923441931,positive
0.6434308082251812,0.5048867663870633,0.48,0.5,0.778960588694513,0.48980494346436493,0.2889581066905958,positive
0.7459701327613152,0.8952922105381999,0.48,0.5,0.4260983979824916,0.523862054531667,0.32967407905245577,positive
0.687602519184832,0.5076369083022018,0.48,0.5,0.77261595474169,0.4131200823800718,0.21966466388540068,positive
0.686759965659623,0.6855200728760414,0.48,0.5,0.8342805090054108,0.4448354443652649,0.28708670437095185,positive
0.7339756090742794,0.832009803919291,0.48,0.5,0.7724458216218684,0.5489590130821637,0.23455743973710472,positive
0.6929882933549056,0.678293990710002,0.48,0.5,0.6775159697976995,0.46501018692286733,0.39866461138832354,positive
0.6527738022647149,0.6253121494641283,0.48,0.5,0.7640492257509112,0.4059441246098173,0.2857281672824743,positive
0.7056752801191356,0.84,0.48,0.5,0.7804112746873496,0.5569010829091185,0.29504722492268365,positive
0.6272798311938035,0.7469737352849078,0.48,0.5,0.5061360679622502,0.3539873159968055,0.33047801513567426,positive
0.7389522713362787,0.8945411793591082,0.48,0.5,0.8272985809475571,0.5717239593917608,0.29,positive
0.5861563784223466,0.7980104125170674,0.48,0.5,0.6860633472510398,0.38358014986211986,0.38691247303059356,positive
0.6311499562016428,0.690403453450599,0.48,0.5,0.5504854514456338,0.41163723780041894,0.2449892838845301,positive
0.6386819240105496,0.6886697157898125,0.48,0.5,0.705175274332359,0.4043378106799578,0.28391418413301284,positive
0.6173480445274687,0.8072683651276844,0.7024806839410689,0.5,0.7561544260821422,0.5693890775986115,0.37727658311540846,positive
0.6370972369519162,0.5620020415260141,0.48,0.5,0.7016395238849319,0.4228992420964899,0.2758533193855689,positive
0.68,0.7005080928775211,0.48,0.5,0.7920851726656976,0.42609540721450373,0.27207344881340145,positive
0.6827465378173228,0.512871022580413,0.48,0.5,0.5985679025657684,0.5336689994507554,0.4087104329635834,positive
0.74,0.836536933716885,0.48,0.5,0.5006465546916011,0.4960368800788134,0.3183941265091687,positive
0.7218097014130443,0.5993661312789025,0.48,0.5,0.8093218343437314,0.39791070792062994,0.2729081932237543,positive
0.6537189742871438,0.6853527469364186,0.48,0.5,0.7166461799609278,0.4064608045139853,0.2844154274743319,positive
0.74,0.8165464727634709,0.48,0.5,0.5931934579391639,0.5349556681465449,0.17211767053464136,positive
0.6846256564287501,0.6321088206235504,0.48,0.5,0.7250227363094773,0.4273958556750655,0.3481870159407713,positive
0.6556435933592188,0.5358129545459139,0.48,0.5,0.7655080328097366,0.42241069705460815,0.29926615524366906,positive
0.6771499839450946,0.84,0.48,0.5,0.8406547556131116,0.5551969666124724,0.3047468172744019,positive
0.6161450904779269,0.70628812358217,0.48,0.5,0.5017575664797378,0.35527691181238547,0.33899274815238856,positive
0.7367066843383049,0.8211024629335542,0.48,0.5,0.8015864874758193,0.5640289663032734,0.18594816666787414,positive
0.5943108175121166,0.8216461882024775,0.48,0.5,0.5528723654546455,0.37785000646096145,0.39486557980579173,positive
0.6318760528326595,0.6615099787029264,0.48,0.5,0.6816408939969573,0.4047324422559004,0.2802326710744845,positive
0.6890114128731955,0.6106010223727957,0.48,0.5,0.7652642334108877,0.3984917656922464,0.26886022707143753,positive
0.6206306994709883,0.8041325181584348,0.7786752798245313,0.5,0.757792480126588,0.5679829882456461,0.38019999698163776,positive
0.6304048745599051,0.6360402852344466,0.48,0.5,0.683349213914297,0.344067987225774,0.27423069826196395,positive
0.6585292172860487,0.706078043066761,0.48,0.5,0.7440699198861029,0.4276699818966531,0.2708375053512242,positive
0.7285348064390067,0.49103245339555956,0.48,0.5,0.5413049381328521,0.54,0.3354346022943322,positive
0.7362637663951327,0.8626444356976595,0.48,0.5,0.4809897216921182,0.533217203498255,0.3030473066409096,positive
0.6841208343941276,0.5969748125289781,0.48,0.5,0.7590666060569078,0.399608828952135,0.26795829560049444,positive
0.768284590809309,0.7038613048312954,0.48,0.5,0.8391420241417665,0.41449416151050394,0.2866216076052873,positive
0.74,0.8486943266448553,0.48,0.5,0.5956018699168544,0.537848156318975,0.15478498480393993,positive
0.6843890631531411,0.653824016157371,0.48,0.5,0.7213713295050022,0.4049488194345169,0.308770469318673,positive
0.63,0.5002774427767673,0.48,0.5,0.7616337181411661,0.4478197175866277,0.28,positive
0.6797818766300512,0.7617444825144178,0.48,0.5,0.6873900414616221,0.5386178200340285,0.3697562855512085,positive
0.6112301477413787,0.8197500250784702,0.48,0.5,0.48334181721399927,0.3315755710802607,0.3510590755537468,positive
0.6876439492589215,0.7891768401564179,0.48,0.5,0.8554605197569698,0.533842917859131,0.27066319060123784,positive
0.5980645743077221,0.7824945319724249,0.48,0.5,0.6599939549620595,0.37971429268525947,0.38,positive
0.6333918966893504,0.7040868655919069,0.48,0.5,0.6043420385318865,0.41160231774420514,0.19294943427521538,positive
0.6822807375043176,0.6091740885564684,0.48,0.5,0.7682003006041538,0.39864771763160295,0.26536458359588455,positive
0.6032262568231379,0.6855201188663769,1.0,0.5,0.6085405510712752,0.5771907702945877,0.4546967880891865,positive
0.6430293760024017,0.588162745981745,0.48,0.5,0.7049696227496937,0.3698552227717742,0.2884672882028192,positive
0.7051549898589319,0.7535270038630815,0.48,0.5,0.7857406170217748,0.44634704647517315,0.3095199742393299,positive
0.7331128024546678,0.4911682361453708,0.48,0.5,0.42477747658077825,0.54,0.356712673295478,positive
0.7414127237601245,0.8693045168834127,0.48,0.5,0.5091415529689184,0.52106771525174,0.3058745224432672,positive
0.7144638372565282,0.6026836214895755,0.48,0.5,0.794410504925518,0.39667351166667375,0.26618540391210077,positive
0.766620042383363,0.6857528248982324,0.48,0.5,0.8395301703592646,0.4148078988509059,0.2798090933484567,positive
0.7313395676152322,0.835699869433897,0.48,0.5,0.8152193190619272,0.5551993944369528,0.15927220879295803,positive
0.6853994904872873,0.7020972886906836,0.48,0.5,0.6563211984031249,0.4243303549991628,0.32383920488425494,positive
0.6734620048496831,0.6284094642682576,0.48,0.5,0.7616697646065045,0.4096902626189575,0.28206183628518405,positive
0.7117885607839286,0.8601719484940024,0.48,0.5,0.724944052392409,0.5384653378975048,0.3291719780126123,positive
0.6126071530492445,0.768139288606295,0.48,0.5,0.5011522783116605,0.35538471231902746,0.36228713873846474,positive
0.7323874257969136,0.8219972460588568,0.48,0.5,0.7802542013399731,0.5615158432999868,0.23822058872672106,positive
0.5771031991651664,0.8171511878858938,0.48,0.5,0.6329643805877346,0.37632160639782064,0.39133600702932875,positive
0.6695506432525454,0.6997205162026385,0.48,0.5,0.6651450346284534,0.42999046749308917,0.3533070807938164,positive
0.6722116829010529,0.6639293427801719,0.48,0.5,0.6817504130342563,0.40988317466638424,0.2983548626364445,positive
0.6036823811514649,0.7502454418348269,0.491020940455804,0.5,0.7044700811807262,0.6259617558407338,0.5416935096957718,positive
0.6365798235122205,0.4965274224383822,0.48,0.5,0.7051760188444041,0.4394260944923576,0.2763458997230364,positive
0.6834439642444794,0.7102513105307496,0.48,0.5,0.6825104140519564,0.4304746275238254,0.27593093502495536,positive
0.6344392755793873,0.5072932372690928,0.48,0.5,0.7302060201880739,0.5187844855153521,0.2828446753624766,positive
0.7222162456686008,0.835519180527843,0.48,0.5,0.5621839341145142,0.5539031916048075,0.2683026402393368,positive
0.7646241425668592,0.6197404511770455,0.48,0.5,0.7931625875433284,0.39471149166192127,0.26240531809650375,positive
0.7697129714449102,0.6346339101366747,0.48,0.5,0.7389207247972867,0.4,0.2900012601964299,positive
0.681575169940347,0.83593572338418,0.48,0.5,0.7486533679871468,0.54,0.3033988140860683,positive
0.6584574996286323,0.71,0.48,0.5,0.6665433564880054,0.4023090298986183,0.38065968421269364,positive
0.6384545238464817,0.5047654877269966,0.48,0.5,0.7471726983080585,0.5290559015715544,0.32170199366360036,positive
0.6802696738084018,0.7149569741453641,0.48,0.5,0.7237789578480258,0.4887050402357231,0.36890346284177894,positive
0.6183198338614634,0.7808176381486226,0.48,0.5,0.46561444004409186,0.32014324720394566,0.32782778793654566,positive
0.7306048336735462,0.8321659901500468,0.48,0.5,0.7558170119765921,0.5712643692207131,0.1816938155098423,positive
0.6241540714391206,0.7352798308385788,0.48,0.5,0.679112551638115,0.3846197499122334,0.38945940915118815,positive
0.6349025462487601,0.6916918444089305,0.48,0.5,0.4963035594328727,0.4105204125275437,0.25293647663276797,positive
0.701128795005082,0.6396952563989855,0.48,0.5,0.749191673434376,0.4,0.2992565119683044,positive
0.6150086563080401,0.7535973316789784,0.6646840536998875,0.5,0.7398265108642506,0.6165290800944013,0.6514091796874264,positive
0.6329428329794541,0.6657605367143843,0.48,0.5,0.6989036515050682,0.3694796385303697,0.2713320807663315,positive
0.6719289218702084,0.7259416533179004,0.48,0.5,0.6878820636880187,0.44202433230380095,0.27885239304643267,positive
0.6897386133125416,0.5098165150681645,0.48,0.5,0.46631894458374457,0.54,0.35307288817666227,positive
0.7339813755029794,0.8941849585380229,0.48,0.5,0.5150395971162117,0.555510770775044,0.26798202754049866,positive
0.682836705941699,0.62512021274388,0.48,0.5,0.7361445660744348,0.39982221876864144,0.2903475614213639,positive
0.7081950824391474,0.7473106905174174,0.48,0.5,0.8364126802516505,0.4448392605222219,0.28849366129389686,positive
0.7278168564616831,0.793043542281791,0.48,0.5,0.7417470115414808,0.54,0.21160774850771857,positive
0.6828410043535051,0.6913957180727045,0.48,0.5,0.6711731038109662,0.41007815797682784,0.3311778954455196,positive
0.63,0.49690035959248335,0.48,0.5,0.7316820407223631,0.4416068711383572,0.28,positive
0.7070356618864077,0.8517370599520776,0.48,0.5,0.6759106857752928,0.5306600815060035,0.33833992816826625,positive
0.6364475625482039,0.6705133787698097,0.48,0.5,0.4924027270414202,0.39033728273585694,0.33979894961846824,positive
0.7371985717331765,0.8119549708976057,0.48,0.5,0.7576759027596756,0.5574081412578663,0.2473009764561695,positive
0.5594833750401392,0.7937709612802889,0.48,0.5,0.7000496858124976,0.392630612681151,0.37397042008940806,positive
0.6368107978187529,0.7112917888507342,0.48,0.5,0.5576647851425147,0.41326371152152536,0.2734164987142405,positive
0.6863995985137892,0.67515839404253,0.48,0.5,0.7240951988370081,0.42800711629202326,0.33529991860797226,positive
0.6137152337872991,0.7717045841574746,0.480605212468722,0.5,0.5024913427318737,0.537791746989163,0.5310610259357512,positive
0.6645108232391793,0.614559105251588,0.48,0.5,0.7143006746214338,0.34205667686102614,0.2706346263349326,positive
0.68,0.6658783048165301,0.48,0.5,0.825136301658778,0.4487859637438948,0.2822860099213127,positive
0.634771247548151,0.4969257352653271,0.48,0.5,0.7017466316607618,0.45630850992942384,0.3144750458081077,positive
0.694812334567708,0.8419108468153897,0.48,0.5,0.4687308050047313,0.5564596339972261,0.26570455724136044,positive
0.6862230431822839,0.60850757106804,0.48,0.5,0.7652627497080073,0.39871988247612405,0.2796078564285003,positive
0.7082024056218845,0.6825474247011776,0.48,0.5,0.8303429816848583,0.44810547740337486,0.2893046723018965,positive
0.7348932806595224,0.7743251927101839,0.48,0.5,0.8323726601778757,0.45966390615159053,0.22816873132141624,positive
0.6936291010128903,0.6630813619207222,0.48,0.5,0.6608399253073548,0.46644311813059713,0.37298583858075895,positive
0.6301686267256538,0.5052824113929111,0.48,0.5,0.6926197063928615,0.528016743128092,0.2802553806751445,positive
0.6974048416445554,0.8672295683872118,0.48,0.5,0.6851843494602217,0.5353171178362787,0.3511678608019729,positive
0.6374203780218737,0.7703714277097152,0.48,0.5,0.5049551949457242,0.3481803874367438,0.3507705125523889,positive
0.7370870117822199,0.8867817819671623,0.48,0.5,0.7681793355885278,0.5622649989619876,0.29,positive
0.6483984811750682,0.7550510673649703,0.48,0.5,0.7099160844000948,0.3854415159963108,0.3739576614630138,positive
0.63,0.7015584002149744,0.48,0.5,0.6449768167459293,0.40042671110946454,0.32467978517188845,positive
0.7055172764460994,0.6972137053058087,0.48,0.5,0.6896786309317668,0.40007863045640857,0.3275660182321624,positive
0.6141290464203871,0.7636947819127481,0.4815940074693593,0.5,0.51129061490814,0.5562498336169451,0.538819639087073,positive
0.6305574082935631,0.5683531983430427,0.48,0.5,0.7175252432066785,0.37009649528690836,0.27206871698971563,positive
0.68,0.6837634881255961,0.48,0.5,0.7975460919365944,0.41258224107860464,0.2995543397915644,positive
0.6471271775516224,0.5005220280716849,0.48,0.5,0.7881655744149101,0.5195508415219776,0.3160476574082851,positive
0.7062689513140297,0.8498423192555248,0.48,0.5,0.46176163410022997,0.5630675406055075,0.282753683383863,positive
0.6420719985130168,0.586901925196682,0.48,0.5,0.7375073390914232,0.3569565055656619,0.23267064710437624,positive
0.6967943406995383,0.7031740987003282,0.48,0.5,0.8392842871402004,0.4307263294052889,0.27333562334015415,positive
0.6912839257777622,0.8148486834657843,0.48,0.5,0.7423285708087742,0.54,0.15408484166361705,positive
0.6826324249141174,0.6536770941108395,0.48,0.5,0.700117879752407,0.41716912663837413,0.33209477080377103,positive
0.6749384935805446,0.6081670309187814,0.48,0.5,0.764744964357299,0.44355158575159714,0.29970571994373857,positive
0.7223379325986842,0.8811563771236128,0.48,0.5,0.6298599403635163,0.5344860675667203,0.29956283105554954,positive
0.6234549564295632,0.7446232357531964,0.48,0.5,0.4949701397405197,0.36494933710479877,0.3313458114472775,positive
0.7254661633989187,0.8057496683253433,0.48,0.5,0.8454133183967881,0.5255910488186588,0.2782696790431421,positive
0.5483325906881028,0.7914771439469286,0.48,0.5,0.6991406171861488,0.3764522641304639,0.38,positive
0.6604438457282005,0.7045214493459377,0.48,0.5,0.6535951775996531,0.411854128795182,0.30380500095549384,positive
0.6534420641316269,0.6359551248948788,0.48,0.5,0.718373586260471,0.4091769540256827,0.2841309807792362,positive
0.6092491135071574,0.7792678107805775,0.6430958819738128,0.5,0.6735784849769317,0.5848100707811178,0.522993196429269,positive
0.6350663420114787,0.6151554510411404,0.48,0.5,0.6836170923274536,0.3533107788113504,0.27174204483871073,positive
0.7047581061839443,0.7426671884649344,0.48,0.5,0.8071631240248813,0.4423007031178051,0.2913383416512758,positive
0.6352816782320785,0.49246626873757865,0.48,0.5,0.7138218424554555,0.5377233077058919,0.2942814096275367,positive
0.7358327495286204,0.8939808811517787,0.48,0.5,0.5195251714961663,0.5327071870438522,0.2983163198304841,positive
0.6876740090475915,0.6114345282210035,0.48,0.5,0.7310753866973652,0.39565960765228403,0.2121341234666932,positive
0.7508541712551854,0.6044841868429669,0.48,0.5,0.8230040104063668,0.3904788522147489,0.25839092258207225,positive
0.7302057172060041,0.7709748344917652,0.48,0.5,0.7775784947231695,0.5073775265909616,0.22855498066349134,positive
0.7036321147210165,0.6782591919578088,0.48,0.5,0.7282989074282802,0.4024035106218062,0.3491278470879271,positive
0.6388959939353946,0.5969408153288053,0.48,0.5,0.7379882092604779,0.4212152736364693,0.28588890112459436,positive
0.6703745500212326,0.7677824933981988,0.48,0.5,0.7211236873472328,0.5370948336751317,0.3684806044374673,positive
0.6191469292303025,0.7523624641994106,0.48,0.5,0.47728001724067537,0.3185754517296469,0.29186453808076795,positive
0.7079582069130614,0.84,0.48,0.5,0.7683474437153834,0.5582523483965584,0.344600213650416,positive
0.5920114263732089,0.8084663392931116,0.48,0.5,0.5196518591142809,0.36853355437005564,0.38,positive
0.6331762727312295,0.7068757805084658,0.48,0.5,0.6612352038420708,0.4279644181213129,0.35346004593436925,positive
0.643443144935464,0.6712285577979631,0.48,0.5,0.6793791314704108,0.4076563576102625,0.29716639091437524,positive
0.6277554265356978,0.8260938803777275,0.8407746850960547,0.5,0.7494128828261214,0.5565271824910751,0.4343546329754338,positive
0.6665021964410194,0.5855631718364188,0.48,0.5,0.7049065829467565,0.35151234641042545,0.2121052834955421,positive
0.6848978144236787,0.7583011179631783,0.48,0.5,0.7138178078707632,0.4410072817126727,0.2972915347740334,positive
0.6569501623783249,0.5009584967501598,0.48,0.5,0.43845485252689037,0.54,0.3462187193714913,positive
0.7372167209012527,0.8648467114675111,0.48,0.5,0.553927978427958,0.5381785267850477,0.3099354567403786,positive
0.68786322129915,0.6100484502368111,0.48,0.5,0.7605871367051628,0.3966430866253913,0.22867191994996902,positive
0.7430972825365414,0.6406974598189797,0.48,0.5,0.7884911296029593,0.39404739427656316,0.215516938385042,positive
0.7341785482052311,0.7997586720730236,0.48,0.5,0.8476074500085539,0.5598960905545389,0.21044838440837843,positive
0.7003764983245809,0.6749326784901158,0.48,0.5,0.7106507215075174,0.41661757544546,0.3422474499439036,positive
0.6390339932483111,0.5567966175186766,0.48,0.5,0.7548646291722214,0.42764218934429504,0.2828645119320485,positive
0.7000857309623256,0.8544302768615873,0.48,0.5,0.4500606419627858,0.54,0.3497665859889041,positive
0.6113741622188028,0.7802011815292674,0.48,0.5,0.4672386885123567,0.33251138451429973,0.38128152235277807,positive
0.7069881871640918,0.8270829704511028,0.48,0.5,0.8458938693807858,0.5754385703595567,0.2741448855142647,positive
0.6182092884388672,0.7667596662440547,0.48,0.5,0.7124759308663546,0.3888706112486926,0.3881797054773344,positive
0.63,0.7018426080251865,0.48,0.5,0.6404573251901022,0.40151207555138635,0.34192872111519323,positive
0.757348313393527,0.6766151590576893,0.48,0.5,0.806540294729841,0.4,0.29276843143240794,positive
0.6226037476687531,0.7572212122581246,0.9024425779671499,0.5,0.6775259673788077,0.6634575800943925,0.5207320694007304,positive
0.6363823579081359,0.537618469324218,0.48,0.5,0.7444144916616986,0.3388272802704057,0.2790531827006603,positive
0.7091628197653829,0.7473868973041217,0.48,0.5,0.8220887967206435,0.44690425875907036,0.2939973898192876,positive
0.6779456329441093,0.6069297833017232,0.48,0.5,0.5797750262506858,0.5239582352877886,0.41475896954176295,positive
0.7499517655757113,0.872109168585664,0.48,0.5,0.4829525459559819,0.5290336283389817,0.3068937374849816,positive
0.6381603721260221,0.5841229658385797,0.48,0.5,0.7873934692334509,0.42799070032681774,0.2254019386927195,positive
0.751001040420453,0.6793942171315314,0.48,0.5,0.8206688371231341,0.3990846461751872,0.2849753029295547,positive
0.7213619074060621,0.8111342566849614,0.48,0.5,0.7405245329000372,0.54,0.36575833681080083,positive
0.6409097267718402,0.7093876766737257,0.48,0.5,0.6773260432582995,0.42540781087589113,0.32962992479084047,positive
0.6433165748571003,0.5068371947264827,0.48,0.5,0.7206460733654636,0.5053567853446042,0.2973239323452842,positive
0.7085238272080687,0.84,0.48,0.5,0.7680702712504855,0.5521294537275253,0.30163480925370206,positive
0.6295424760468425,0.7568757152161125,0.48,0.5,0.5030471711659005,0.3451478491960143,0.34407071995650346,positive
0.6952623835626801,0.8350418831510581,0.48,0.5,0.8491917990953,0.5513711953635634,0.27738302315484353,positive
0.5560437673397539,0.8045350702987422,0.48,0.5,0.5994142123889457,0.3692290870006522,0.38,positive
0.6702158376689581,0.6760322079499907,0.48,0.5,0.6791660073935827,0.40377779862024515,0.2991784971090857,positive
0.6843252953326519,0.6054811113224977,0.48,0.5,0.7698369615093715,0.39889889375749893,0.27698157285398084,positive
0.60019359813706,0.7709479631755054,0.7822256129004075,0.5,0.7610937184143112,0.5625885672147628,0.44832268564141103,positive
0.676370049030428,0.5737004608540358,0.48,0.5,0.7642283303420987,0.3673748168872207,0.251674027916857,positive
0.765327442498716,0.7268855024637996,0.48,0.5,0.8350897244501848,0.41771179688131094,0.2708992494809343,positive
0.5974018012892155,0.49433008663412453,0.48,0.5,0.5682382232161313,0.5250275195035785,0.3307317755635485,positive
0.74,0.8836241315841675,0.48,0.5,0.544681346453079,0.5268804057044008,0.400706666401491,positive
0.6837931225920612,0.6020736555119817,0.48,0.5,0.7337629700065054,0.3938462103490435,0.21634250213067757,positive
0.7216037531356622,0.6392355108904454,0.48,0.5,0.7600917411348388,0.4,0.2968032043572167,positive
0.69345996645701,0.8299455423772999,0.48,0.5,0.7480661768746552,0.54,0.15614735289341802,positive
0.6820945804728037,0.7011711630355925,0.48,0.5,0.6710317055970103,0.41121929405618224,0.33628963585959426,positive
0.6401301432459996,0.5083258116744227,0.48,0.5,0.7868772614350037,0.43498274734695447,0.29889531237286326,positive
0.7266654517389166,0.84,0.48,0.5,0.7743965328125232,0.5748968639295208,0.33998403839485536,positive
0.6184129689468301,0.7766980901189648,0.48,0.5,0.5033107071963402,0.3153102511341719,0.2944215591925483,positive
0.6981450811387562,0.84,0.48,0.5,0.8426216486411473,0.5701889739304417,0.3575032956523151,positive
0.5537866845220856,0.7590746013078608,0.48,0.5,0.6088816715623446,0.396216668507322,0.381404397294023,positive
0.63,0.6994637634006139,0.48,0.5,0.6346414094815837,0.40596667334141445,0.3614650388305386,positive
0.6642263522098478,0.6651687668259602,0.48,0.5,0.6956573294064202,0.40001271791438836,0.28451741848167283,positive
0.6119881490107577,0.7641648668699854,0.7229151874680613,0.5,0.5302045734526596,0.4982031885464705,0.52676195203526,positive
0.6311491245390614,0.6073802168370765,0.48,0.5,0.691309937152745,0.40295288346276575,0.26847150989175006,positive
0.6584314412102398,0.7200266727066036,0.48,0.5,0.6966112683188235,0.44569863361709394,0.2728245558333646,positive
0.6349456615669266,0.5092884173635879,0.48,0.5,0.7256862327709241,0.48387291286075534,0.3298578202117886,positive
0.7272189574634791,0.869491670676291,0.48,0.5,0.4841174771872879,0.5316200445684266,0.30456404970335993,positive
0.689760743446268,0.6177200132944324,0.48,0.5,0.7465496059293251,0.3925020603272403,0.2447226759555683,positive
