@relation abalone19
@attribute Sex {M, F, I}
@attribute Length real [0.075, 0.815]
@attribute Diameter real [0.055, 0.65]
@attribute Height real [0.0, 1.13]
@attribute Whole_weight real [0.002, 2.8255]
@attribute Shucked_weight real [0.001, 1.488]
@attribute Viscera_weight real [5.0E-4, 0.76]
@attribute Shell_weight real [0.0015, 1.005]
@attribute Class {positive, negative}
@data
F,0.68,0.55,0.175,1.798,0.815,0.3925,0.455,positive
F,0.55,0.425,0.135,0.8515,0.362,0.196,0.27,negative
F,0.615,0.475,0.17,1.1025,0.4695,0.2355,0.345,negative
M,0.7,0.535,0.16,1.7255,0.63,0.2635,0.54,positive
M,0.56,0.45,0.185,1.07,0.3805,0.175,0.41,positive
M,0.545,0.46,0.16,0.8975,0.341,0.1655,0.345,negative
M,0.61,0.5,0.24,1.642,0.532,0.3345,0.69,negative
M,0.595,0.455,0.195,1.3305,0.4595,0.3235,0.345,positive
M,0.59,0.45,0.185,1.283,0.473,0.276,0.425,negative
F,0.645,0.525,0.19,1.8085,0.7035,0.3885,0.395,negative
F,0.68,0.58,0.2,1.787,0.585,0.453,0.6,positive
F,0.505,0.425,0.14,0.85,0.275,0.1625,0.285,positive
M,0.735,0.59,0.225,1.756,0.637,0.3405,0.58,negative
F,0.58,0.46,0.15,0.9955,0.429,0.212,0.26,positive
F,0.655,0.51,0.155,1.2895,0.5345,0.2855,0.41,negative
F,0.64,0.52,0.175,1.248,0.4245,0.2595,0.48,negative
F,0.645,0.525,0.19,1.4635,0.6615,0.3435,0.435,positive
F,0.66,0.52,0.18,1.514,0.526,0.2975,0.42,positive
F,0.555,0.435,0.165,0.97,0.336,0.2315,0.295,negative
I,0.45,0.355,0.12,0.412,0.1145,0.0665,0.16,positive
F,0.53,0.41,0.165,0.8115,0.24,0.169,0.24,positive
F,0.45,0.38,0.165,0.8165,0.25,0.1915,0.265,negative
F,0.535,0.405,0.125,0.927,0.26,0.1425,0.345,negative
M,0.525,0.41,0.13,0.99,0.3865,0.243,0.295,negative
M,0.535,0.41,0.135,0.862,0.2855,0.1525,0.32,negative
M,0.55,0.415,0.175,1.042,0.3295,0.2325,0.2905,negative
M,0.555,0.435,0.145,0.9685,0.4985,0.168,0.2385,negative
F,0.605,0.49,0.15,1.1345,0.5265,0.2645,0.295,negative
F,0.605,0.475,0.165,1.056,0.433,0.2195,0.357,negative
F,0.755,0.625,0.21,2.505,1.1965,0.513,0.6785,negative
F,0.605,0.475,0.175,1.076,0.463,0.2195,0.335,negative
F,0.73,0.58,0.19,1.7375,0.6785,0.4345,0.52,negative
I,0.47,0.355,0.12,0.3685,0.126,0.0835,0.1365,negative
F,0.58,0.435,0.14,0.953,0.475,0.2165,0.2095,negative
M,0.725,0.575,0.24,2.21,1.351,0.413,0.5015,negative
M,0.595,0.45,0.145,0.959,0.463,0.2065,0.2535,negative
M,0.615,0.47,0.16,1.0175,0.473,0.2395,0.28,negative
M,0.71,0.56,0.22,2.015,0.9215,0.454,0.566,negative
M,0.72,0.57,0.2,1.8275,0.919,0.366,0.485,negative
M,0.485,0.37,0.155,0.968,0.419,0.2455,0.2365,negative
M,0.515,0.35,0.155,0.9225,0.4185,0.198,0.273,negative
I,0.42,0.325,0.1,0.368,0.1675,0.0625,0.1135,negative
F,0.65,0.51,0.185,1.375,0.531,0.384,0.3985,negative
F,0.4,0.31,0.115,0.3465,0.1475,0.0695,0.115,negative
M,0.5,0.38,0.155,0.66,0.2655,0.1365,0.215,positive
M,0.425,0.325,0.1,0.3295,0.1365,0.0725,0.11,negative
F,0.745,0.585,0.19,1.966,0.8435,0.437,0.5855,negative
M,0.69,0.55,0.2,1.8465,0.732,0.472,0.57,positive
M,0.57,0.405,0.16,0.9245,0.3445,0.2185,0.295,positive
M,0.635,0.51,0.21,1.598,0.6535,0.2835,0.58,negative
F,0.6,0.475,0.18,1.1805,0.4345,0.2475,0.425,positive
M,0.515,0.42,0.14,0.769,0.2505,0.154,0.29,negative
F,0.8,0.63,0.195,2.526,0.933,0.59,0.62,negative
M,0.59,0.475,0.16,0.9455,0.3815,0.184,0.27,positive
M,0.695,0.57,0.23,1.885,0.8665,0.435,0.5,positive
I,0.625,0.43,0.175,1.411,0.572,0.297,0.395,negative
F,0.66,0.515,0.18,1.523,0.54,0.3365,0.555,negative
M,0.615,0.475,0.17,1.1825,0.474,0.2895,0.24,negative
M,0.57,0.42,0.155,1.008,0.377,0.193,0.34,negative
M,0.54,0.41,0.145,0.989,0.2815,0.213,0.355,positive
F,0.655,0.545,0.165,1.6225,0.6555,0.299,0.513,negative
F,0.695,0.53,0.2,2.0475,0.75,0.4195,0.6095,negative
M,0.695,0.525,0.175,1.742,0.696,0.389,0.505,negative
M,0.625,0.495,0.185,1.3835,0.7105,0.3005,0.345,negative
F,0.675,0.525,0.17,1.711,0.8365,0.352,0.475,negative
F,0.54,0.42,0.14,0.8035,0.38,0.1805,0.21,negative
F,0.72,0.55,0.18,1.52,0.637,0.325,0.435,negative
M,0.65,0.52,0.195,1.676,0.693,0.44,0.47,negative
M,0.485,0.365,0.155,1.029,0.4235,0.2285,0.313,negative
I,0.575,0.445,0.16,0.9175,0.45,0.1935,0.24,negative
F,0.7,0.555,0.22,1.666,0.647,0.4285,0.455,negative
M,0.51,0.395,0.125,0.5805,0.244,0.1335,0.188,negative
M,0.535,0.42,0.125,0.764,0.312,0.1505,0.265,negative
M,0.55,0.42,0.17,0.8465,0.336,0.2405,0.245,negative
F,0.67,0.545,0.175,1.707,0.6995,0.387,0.575,negative
F,0.69,0.555,0.205,1.8165,0.7785,0.4395,0.515,positive
M,0.55,0.435,0.16,0.906,0.342,0.219,0.295,negative
F,0.655,0.53,0.19,1.428,0.493,0.318,0.565,negative
M,0.605,0.485,0.175,1.145,0.4325,0.27,0.405,negative
F,0.66,0.525,0.19,1.67,0.6525,0.4875,0.49,negative
F,0.705,0.555,0.2,1.4685,0.4715,0.3235,0.52,positive
F,0.58,0.44,0.175,1.073,0.4005,0.2345,0.335,positive
M,0.54,0.405,0.155,0.9715,0.3225,0.194,0.29,positive
M,0.545,0.435,0.165,0.9955,0.3245,0.2665,0.325,positive
M,0.645,0.515,0.185,1.4605,0.5835,0.3155,0.41,positive
M,0.575,0.435,0.13,1.0105,0.368,0.222,0.32,negative
M,0.49,0.395,0.12,0.674,0.3325,0.1235,0.185,negative
M,0.55,0.44,0.155,0.9155,0.3645,0.195,0.25,negative
F,0.7,0.56,0.175,1.6605,0.8605,0.3275,0.398,negative
F,0.575,0.475,0.16,0.895,0.3605,0.221,0.271,negative
F,0.67,0.525,0.195,1.42,0.573,0.368,0.3905,negative
F,0.575,0.42,0.19,1.764,0.914,0.377,0.4095,negative
M,0.67,0.52,0.175,1.4755,0.6275,0.379,0.374,negative
F,0.705,0.56,0.17,1.4575,0.607,0.318,0.44,negative
M,0.525,0.395,0.165,0.782,0.285,0.1405,0.285,positive
M,0.575,0.47,0.165,0.853,0.292,0.179,0.35,negative
I,0.52,0.39,0.14,0.7325,0.2415,0.144,0.26,positive
M,0.55,0.45,0.175,1.0985,0.3765,0.215,0.4,negative
M,0.525,0.41,0.165,0.8005,0.2635,0.1985,0.25,negative
M,0.685,0.51,0.18,1.4545,0.6315,0.3105,0.3725,negative
M,0.52,0.385,0.165,0.791,0.375,0.18,0.1815,negative
