@relation ecoli-0-1-3-7_vs_2-6
@attribute Mcg real [0.0, 89.0]
@attribute Gvh real [1.0, 88.0]
@attribute Lip real [1.0, 48.0]
@attribute Chg real [1.0, 5.0]
@attribute Aac real [0.0, 88.0]
@attribute Alm1 real [1.0, 94.0]
@attribute Alm2 real [0.0, 99.0]
@attribute Class {positive, negative}
@data
49.0,29.0,48.0,5.0,56.0,24.0,35.0,negative
56.0,4.0,48.0,5.0,49.0,37.0,46.0,negative
59.0,49.0,48.0,5.0,52.0,45.0,36.0,negative
67.0,39.0,48.0,5.0,36.0,38.0,46.0,negative
21.0,34.0,48.0,5.0,51.0,28.0,39.0,negative
2.0,44.0,48.0,5.0,46.0,51.0,57.0,negative
42.0,4.0,48.0,5.0,56.0,18.0,3.0,negative
42.0,24.0,48.0,5.0,57.0,27.0,37.0,negative
25.0,48.0,48.0,5.0,44.0,17.0,29.0,negative
39.0,32.0,48.0,5.0,46.0,24.0,35.0,negative
51.0,5.0,48.0,5.0,46.0,32.0,35.0,negative
25.0,4.0,48.0,5.0,46.0,44.0,52.0,negative
34.0,45.0,48.0,5.0,38.0,24.0,35.0,negative
44.0,27.0,48.0,5.0,55.0,52.0,58.0,negative
23.0,4.0,48.0,5.0,39.0,28.0,38.0,negative
41.0,57.0,48.0,5.0,39.0,21.0,32.0,negative
4.0,45.0,48.0,5.0,38.0,22.0,0.0,negative
31.0,23.0,48.0,5.0,73.0,5.0,14.0,negative
51.0,54.0,48.0,5.0,41.0,34.0,43.0,negative
3.0,16.0,48.0,5.0,56.0,11.0,23.0,negative
36.0,39.0,48.0,5.0,48.0,22.0,23.0,negative
29.0,37.0,48.0,5.0,48.0,44.0,52.0,negative
21.0,51.0,48.0,5.0,5.0,32.0,41.0,negative
43.0,37.0,48.0,5.0,53.0,35.0,44.0,negative
43.0,39.0,48.0,5.0,47.0,31.0,41.0,negative
53.0,38.0,48.0,5.0,44.0,26.0,36.0,negative
34.0,33.0,48.0,5.0,38.0,35.0,44.0,negative
56.0,51.0,48.0,5.0,34.0,37.0,46.0,negative
4.0,29.0,48.0,5.0,42.0,35.0,44.0,negative
24.0,35.0,48.0,5.0,31.0,19.0,31.0,negative
29.0,52.0,48.0,5.0,42.0,29.0,39.0,negative
65.0,47.0,48.0,5.0,59.0,3.0,4.0,negative
32.0,42.0,48.0,5.0,35.0,28.0,38.0,negative
33.0,45.0,48.0,5.0,52.0,32.0,41.0,negative
3.0,37.0,48.0,5.0,59.0,41.0,49.0,negative
28.0,38.0,48.0,5.0,5.0,33.0,42.0,negative
17.0,38.0,48.0,5.0,45.0,42.0,5.0,negative
44.0,35.0,48.0,5.0,55.0,55.0,61.0,negative
42.0,35.0,48.0,5.0,58.0,15.0,27.0,negative
23.0,33.0,48.0,5.0,43.0,33.0,43.0,negative
37.0,52.0,48.0,5.0,42.0,42.0,36.0,negative
29.0,3.0,48.0,5.0,45.0,3.0,17.0,negative
22.0,36.0,48.0,5.0,35.0,39.0,47.0,negative
23.0,58.0,48.0,5.0,37.0,53.0,59.0,negative
47.0,47.0,48.0,5.0,22.0,16.0,26.0,negative
54.0,47.0,48.0,5.0,28.0,33.0,42.0,negative
51.0,37.0,48.0,5.0,35.0,36.0,45.0,negative
4.0,35.0,48.0,5.0,45.0,33.0,42.0,negative
44.0,34.0,48.0,5.0,3.0,33.0,43.0,negative
42.0,38.0,48.0,5.0,54.0,34.0,43.0,negative
44.0,56.0,48.0,5.0,5.0,46.0,54.0,negative
52.0,36.0,48.0,5.0,41.0,28.0,38.0,negative
36.0,41.0,48.0,5.0,48.0,47.0,54.0,negative
47.0,29.0,48.0,5.0,51.0,33.0,43.0,negative
25.0,37.0,48.0,5.0,41.0,33.0,42.0,negative
25.0,37.0,48.0,5.0,43.0,26.0,36.0,negative
35.0,48.0,48.0,5.0,56.0,4.0,48.0,negative
44.0,51.0,48.0,5.0,47.0,26.0,36.0,negative
44.0,42.0,48.0,5.0,42.0,25.0,2.0,negative
24.0,43.0,48.0,5.0,37.0,28.0,38.0,negative
48.0,42.0,48.0,5.0,45.0,25.0,35.0,negative
44.0,28.0,48.0,5.0,43.0,27.0,37.0,negative
29.0,41.0,48.0,5.0,48.0,38.0,46.0,negative
34.0,28.0,48.0,5.0,41.0,35.0,44.0,negative
41.0,43.0,48.0,5.0,45.0,31.0,41.0,negative
29.0,47.0,48.0,5.0,41.0,23.0,34.0,negative
36.0,56.0,48.0,5.0,43.0,45.0,53.0,negative
4.0,46.0,48.0,5.0,52.0,49.0,56.0,negative
5.0,49.0,48.0,5.0,49.0,46.0,53.0,negative
5.0,51.0,48.0,5.0,27.0,23.0,34.0,negative
53.0,42.0,48.0,5.0,16.0,29.0,39.0,negative
34.0,46.0,48.0,5.0,52.0,35.0,44.0,negative
4.0,42.0,48.0,5.0,37.0,27.0,27.0,negative
41.0,43.0,48.0,5.0,5.0,24.0,25.0,negative
3.0,45.0,48.0,5.0,36.0,21.0,32.0,negative
31.0,47.0,48.0,5.0,29.0,28.0,39.0,negative
57.0,54.0,48.0,5.0,37.0,28.0,33.0,negative
65.0,55.0,48.0,5.0,34.0,37.0,28.0,negative
51.0,46.0,48.0,5.0,58.0,31.0,41.0,negative
38.0,4.0,48.0,5.0,63.0,25.0,35.0,negative
24.0,57.0,48.0,5.0,63.0,34.0,43.0,negative
38.0,26.0,48.0,5.0,54.0,16.0,28.0,negative
33.0,47.0,48.0,5.0,53.0,18.0,29.0,negative
24.0,34.0,48.0,5.0,38.0,3.0,4.0,negative
26.0,5.0,48.0,5.0,44.0,32.0,41.0,negative
44.0,49.0,48.0,5.0,39.0,38.0,4.0,negative
43.0,32.0,48.0,5.0,33.0,45.0,52.0,negative
47.0,28.0,48.0,5.0,56.0,2.0,25.0,negative
32.0,33.0,48.0,5.0,6.0,6.0,2.0,negative
34.0,35.0,48.0,5.0,51.0,49.0,56.0,negative
35.0,34.0,48.0,5.0,46.0,3.0,27.0,negative
38.0,3.0,48.0,5.0,43.0,29.0,39.0,negative
41.0,51.0,48.0,5.0,58.0,2.0,31.0,negative
34.0,42.0,48.0,5.0,41.0,34.0,43.0,negative
51.0,49.0,48.0,5.0,53.0,14.0,26.0,negative
25.0,51.0,48.0,5.0,37.0,42.0,5.0,negative
29.0,28.0,48.0,5.0,5.0,42.0,5.0,negative
25.0,26.0,48.0,5.0,39.0,32.0,42.0,negative
17.0,39.0,48.0,5.0,53.0,3.0,39.0,negative
34.0,51.0,48.0,5.0,44.0,37.0,46.0,negative
28.0,33.0,48.0,5.0,45.0,22.0,33.0,negative
23.0,34.0,48.0,5.0,43.0,26.0,37.0,negative
37.0,44.0,48.0,5.0,42.0,39.0,47.0,negative
0.0,38.0,48.0,5.0,42.0,48.0,55.0,negative
39.0,31.0,48.0,5.0,38.0,34.0,43.0,negative
3.0,44.0,48.0,5.0,49.0,22.0,33.0,negative
17.0,52.0,48.0,5.0,49.0,37.0,46.0,negative
36.0,42.0,48.0,5.0,53.0,32.0,41.0,negative
3.0,37.0,48.0,5.0,43.0,18.0,3.0,negative
26.0,4.0,48.0,5.0,36.0,26.0,37.0,negative
4.0,41.0,48.0,5.0,55.0,22.0,33.0,negative
22.0,34.0,48.0,5.0,42.0,29.0,39.0,negative
16.0,43.0,48.0,5.0,54.0,27.0,37.0,negative
6.0,61.0,48.0,5.0,49.0,92.0,37.0,negative
44.0,52.0,48.0,5.0,43.0,47.0,54.0,negative
23.0,48.0,48.0,5.0,59.0,88.0,89.0,negative
34.0,49.0,48.0,5.0,58.0,85.0,8.0,negative
46.0,61.0,48.0,5.0,48.0,86.0,87.0,negative
27.0,35.0,48.0,5.0,51.0,77.0,79.0,negative
52.0,39.0,48.0,5.0,65.0,71.0,73.0,negative
29.0,47.0,48.0,5.0,71.0,65.0,69.0,negative
55.0,47.0,48.0,5.0,57.0,78.0,8.0,negative
12.0,67.0,48.0,5.0,74.0,58.0,63.0,negative
4.0,5.0,48.0,5.0,65.0,82.0,84.0,negative
73.0,36.0,48.0,5.0,53.0,91.0,92.0,negative
84.0,44.0,48.0,5.0,48.0,71.0,74.0,negative
48.0,45.0,48.0,5.0,6.0,78.0,8.0,negative
54.0,49.0,48.0,5.0,4.0,87.0,88.0,negative
48.0,41.0,48.0,5.0,51.0,9.0,88.0,negative
5.0,66.0,48.0,5.0,31.0,92.0,92.0,negative
47.0,55.0,48.0,5.0,58.0,71.0,75.0,negative
33.0,56.0,48.0,5.0,33.0,78.0,8.0,negative
64.0,58.0,48.0,5.0,48.0,78.0,73.0,negative
54.0,57.0,48.0,5.0,56.0,81.0,83.0,negative
47.0,59.0,48.0,5.0,52.0,76.0,79.0,negative
49.0,42.0,48.0,5.0,53.0,79.0,81.0,negative
33.0,45.0,48.0,5.0,45.0,88.0,89.0,negative
45.0,4.0,48.0,5.0,61.0,74.0,77.0,negative
5.0,37.0,48.0,5.0,66.0,64.0,69.0,negative
6.0,61.0,48.0,5.0,54.0,67.0,71.0,negative
83.0,37.0,48.0,5.0,61.0,71.0,74.0,negative
34.0,51.0,48.0,5.0,67.0,9.0,9.0,negative
63.0,54.0,48.0,5.0,65.0,79.0,81.0,negative
7.0,4.0,48.0,5.0,56.0,86.0,83.0,negative
16.0,51.0,48.0,5.0,33.0,39.0,48.0,negative
74.0,7.0,48.0,5.0,66.0,65.0,69.0,negative
2.0,46.0,48.0,5.0,57.0,78.0,81.0,negative
7.0,46.0,48.0,5.0,56.0,78.0,73.0,negative
12.0,43.0,48.0,5.0,63.0,7.0,74.0,negative
61.0,52.0,48.0,5.0,54.0,67.0,52.0,negative
33.0,37.0,48.0,5.0,46.0,65.0,69.0,negative
63.0,65.0,48.0,5.0,66.0,67.0,71.0,negative
41.0,51.0,48.0,5.0,53.0,75.0,78.0,negative
34.0,67.0,48.0,5.0,52.0,76.0,79.0,negative
59.0,56.0,48.0,5.0,55.0,8.0,82.0,negative
51.0,4.0,48.0,5.0,57.0,62.0,67.0,negative
5.0,57.0,48.0,5.0,71.0,61.0,66.0,negative
6.0,46.0,48.0,5.0,45.0,81.0,83.0,negative
37.0,47.0,48.0,5.0,39.0,76.0,79.0,negative
58.0,55.0,48.0,5.0,57.0,7.0,74.0,negative
36.0,47.0,48.0,5.0,51.0,69.0,72.0,negative
39.0,41.0,48.0,5.0,52.0,72.0,75.0,negative
35.0,51.0,48.0,5.0,61.0,71.0,74.0,negative
61.0,66.0,48.0,5.0,46.0,87.0,88.0,negative
48.0,49.0,48.0,5.0,52.0,77.0,71.0,negative
11.0,5.0,48.0,5.0,58.0,72.0,68.0,negative
31.0,36.0,48.0,5.0,58.0,94.0,94.0,negative
69.0,39.0,48.0,5.0,57.0,76.0,79.0,negative
52.0,54.0,48.0,5.0,62.0,76.0,79.0,negative
0.0,51.0,48.0,5.0,35.0,67.0,44.0,negative
1.0,49.0,48.0,5.0,41.0,67.0,21.0,negative
3.0,51.0,48.0,5.0,42.0,61.0,34.0,negative
61.0,47.0,48.0,5.0,0.0,8.0,32.0,negative
63.0,75.0,48.0,5.0,64.0,73.0,66.0,negative
71.0,52.0,48.0,5.0,64.0,1.0,99.0,negative
75.0,55.0,1.0,1.0,4.0,47.0,3.0,negative
7.0,39.0,1.0,5.0,51.0,82.0,84.0,negative
74.0,49.0,48.0,5.0,42.0,54.0,36.0,negative
66.0,86.0,48.0,5.0,34.0,41.0,36.0,negative
73.0,78.0,48.0,5.0,58.0,51.0,31.0,negative
65.0,57.0,48.0,5.0,47.0,47.0,51.0,negative
72.0,86.0,48.0,5.0,17.0,55.0,21.0,negative
67.0,7.0,48.0,5.0,46.0,45.0,33.0,negative
67.0,81.0,48.0,5.0,54.0,49.0,23.0,negative
67.0,61.0,48.0,5.0,51.0,37.0,38.0,negative
63.0,1.0,48.0,5.0,35.0,51.0,49.0,negative
57.0,59.0,48.0,5.0,39.0,47.0,33.0,negative
71.0,71.0,48.0,5.0,4.0,54.0,39.0,negative
66.0,74.0,48.0,5.0,31.0,38.0,43.0,negative
67.0,81.0,48.0,5.0,25.0,42.0,25.0,negative
68.0,82.0,48.0,5.0,38.0,65.0,56.0,negative
32.0,39.0,48.0,5.0,53.0,28.0,38.0,negative
7.0,64.0,48.0,5.0,47.0,51.0,47.0,negative
63.0,57.0,48.0,5.0,49.0,7.0,2.0,negative
74.0,82.0,48.0,5.0,49.0,49.0,41.0,negative
63.0,86.0,48.0,5.0,39.0,47.0,34.0,negative
63.0,83.0,48.0,5.0,4.0,39.0,19.0,negative
71.0,86.0,48.0,5.0,4.0,54.0,32.0,negative
68.0,78.0,48.0,5.0,43.0,44.0,42.0,negative
64.0,84.0,48.0,5.0,37.0,45.0,4.0,negative
74.0,47.0,48.0,5.0,5.0,57.0,42.0,negative
75.0,84.0,48.0,5.0,35.0,52.0,33.0,negative
69.0,67.0,48.0,5.0,3.0,39.0,24.0,negative
7.0,71.0,48.0,5.0,42.0,84.0,85.0,negative
69.0,8.0,48.0,5.0,46.0,57.0,26.0,negative
63.0,8.0,48.0,5.0,46.0,31.0,29.0,negative
68.0,67.0,48.0,5.0,49.0,4.0,34.0,negative
64.0,78.0,48.0,5.0,5.0,36.0,38.0,negative
62.0,78.0,48.0,5.0,47.0,49.0,54.0,negative
76.0,73.0,48.0,5.0,44.0,39.0,39.0,negative
64.0,81.0,48.0,5.0,37.0,39.0,44.0,negative
29.0,39.0,48.0,5.0,52.0,4.0,48.0,negative
62.0,83.0,48.0,5.0,46.0,36.0,4.0,negative
56.0,54.0,48.0,5.0,43.0,37.0,3.0,negative
69.0,66.0,48.0,5.0,41.0,5.0,25.0,negative
43.0,59.0,48.0,5.0,52.0,49.0,56.0,negative
74.0,56.0,48.0,5.0,47.0,68.0,3.0,negative
61.0,6.0,48.0,5.0,44.0,39.0,38.0,negative
59.0,61.0,48.0,5.0,42.0,42.0,37.0,negative
85.0,53.0,48.0,5.0,53.0,52.0,35.0,positive
63.0,49.0,48.0,5.0,54.0,76.0,79.0,positive
77.0,57.0,1.0,5.0,37.0,54.0,1.0,positive
71.0,46.0,1.0,5.0,52.0,59.0,3.0,positive
68.0,49.0,1.0,5.0,62.0,55.0,28.0,positive
59.66328776272418,50.51668738057992,48.0,5.0,56.426699808927864,76.0,79.0,positive
74.60842193563978,56.20280731187993,38.46805634164332,5.0,44.97192688120071,65.160697633681,2.594385376240141,positive
72.15153874273717,48.11115436168483,1.0,5.0,49.12115314315705,58.04038438105235,2.6161537524209404,positive
73.04627438924294,50.18735867982187,14.951464487906941,5.0,59.3284429704008,54.1094809901336,30.07787768968827,positive
70.11399359942038,59.61600284470205,48.0,5.0,51.34599928882449,39.59499466618365,37.48100106676327,positive
63.568496751884865,54.116470766963815,48.0,5.0,50.589019488690795,77.13699350376973,75.5890194886908,positive
73.77796471781903,51.09293531600156,1.0,5.0,45.055088205452414,56.685029401817474,2.0740117607269886,positive
74.02948300629596,51.554052178209254,1.0,5.0,44.42629248426011,56.4754308280867,1.9901723312346815,positive
72.4354188015878,50.043627953314775,13.262628451448622,5.0,59.65183710504175,54.21727903501392,29.82634891830086,positive
78.10195086727745,50.4916184971918,48.0,5.0,46.10195086727745,53.2541907514041,35.62709537570205,positive
61.9446224645024,49.47971706158982,48.0,5.0,54.76754729854371,76.0,79.0,positive
70.164178181562,50.92371393916622,1.0,5.0,55.98839394010555,54.75953575760422,21.507465455313998,positive
71.6440632989155,47.180782714678415,1.0,5.0,50.38984175271125,58.46328058423708,2.7853122336948335,positive
71.60257180700779,49.0,29.220145821561086,5.0,49.99142730997401,54.3995713654987,32.803429076010396,positive
75.39515642600625,73.01009077915363,48.0,5.0,57.002018155830726,51.19959636883385,31.79838547533542,positive
63.0,51.68515248144763,48.0,5.0,59.90733545918478,77.61109148886858,80.07406099257905,positive
73.10961033167074,49.86761894139635,1.0,5.0,46.72597417082316,57.241991390274386,2.2967965561097543,positive
74.25176591915104,51.961570851776905,1.0,5.0,43.8705852021224,56.290195067374135,1.9160780269496533,positive
70.74679545180842,46.253204548191576,1.0,5.0,52.844015160638584,58.66239393574457,5.11003790159646,positive
71.77447885241176,58.87800939892811,48.0,5.0,51.530497650267975,40.9787323770098,37.204253524598045,positive
67.20961921078745,41.9839679820209,48.0,5.0,56.104809605393726,76.0,79.0,positive
74.20727530506655,54.51757804894804,1.0,5.0,44.757568597037384,54.31030274388149,9.378174084800373,positive
69.68537864007162,47.31462135992838,1.0,5.0,56.38207119976127,57.24717152009549,13.955177999403167,positive
70.96765925864744,49.69827276674057,9.20470500920177,5.0,60.4288862748337,54.47629542494457,29.22197734179601,positive
84.60142669717088,53.83036104756066,48.0,5.0,53.16607220951213,51.96678555809758,34.86714223239029,positive
63.55787750387142,48.07020416021431,48.0,5.0,54.278938751935705,76.0,79.0,positive
74.3178206861143,54.61584060987938,1.0,5.0,44.45049809412695,54.298019923765075,9.046537941657103,positive
68.41480697826296,48.58519302173705,1.0,5.0,60.617310072456824,55.55307597101727,24.543275181142064,positive
73.60633591319858,50.31913786192908,16.499869877666654,5.0,59.03193981065958,54.01064660355319,30.308491258375884,positive
63.05250030733882,49.62346158574444,48.0,5.0,52.155865396436106,46.09105777505276,35.844134603563894,positive
63.1579659954119,50.421693958707074,48.0,5.0,53.05220402752862,76.3159319908238,78.05220402752862,positive
70.68169357145925,51.3837276190749,1.0,5.0,54.55085119039096,54.70203404761564,19.954919285622232,positive
72.4157733801908,49.18549010542931,1.0,3.5842266198091948,35.010719437710335,54.75267985942759,3.0,positive
79.18747884748626,51.632347964114416,31.930088578344375,5.0,56.077217080742564,53.02573902691419,32.60660893720023,positive
78.51481688080109,50.641751593018576,48.0,5.0,46.51481688080109,53.17912420349071,35.58956210174536,positive
60.036718434799276,50.34694616600033,48.0,5.0,56.155113865600526,76.0,79.0,positive
68.61043829263984,49.542611815679855,1.0,5.0,60.30433807600045,54.93217352304002,26.168685122080486,positive
74.39377985918223,53.636004683160024,1.0,1.6062201408177668,11.274641689813201,48.8186604224533,3.0,positive
69.39035187152423,47.60964812847577,1.0,5.0,57.365493761585896,56.85380249536564,16.41373440396473,positive
73.74979960724612,76.43791748490392,48.0,5.0,57.687583496980785,51.062483300603844,31.24993320241537,positive
63.44193481414339,52.97741332729047,48.0,5.0,51.348391115139684,76.88386962828677,76.34839111513969,positive
74.58631029183961,56.19543676394653,38.81447209451284,5.0,45.04563236053465,65.2638853047485,2.6091264721069294,positive
73.50357785355976,50.589892731526234,1.0,5.0,45.74105536610059,56.91368512203353,2.1654740488134117,positive
70.30866065815655,46.691339341843445,1.0,5.0,54.30446447281149,58.07821421087541,8.761161182028712,positive
81.56690516042934,52.47183156314298,48.0,5.0,52.867957890785746,51.07570523550021,35.132042109214254,positive
63.70705695944183,55.36351263497646,48.0,5.0,49.75765824334903,77.41411391888366,74.75765824334903,positive
75.2994766722435,56.43315889074783,27.641532134851804,5.0,42.66841109252166,61.935775529530325,2.1336822185043323,positive
71.29000852575678,46.96669508585592,5.543466903522807,5.0,51.51665245707204,59.870025577270326,3.0,positive
73.38470784301835,49.0,43.180211436977025,5.0,44.05097385660552,54.102548692830275,35.17961045735779,positive
81.10956552381795,54.72908198941425,48.0,5.0,52.567729502646436,48.75797126984829,35.64840574603034,positive
57.174631488827615,51.64789477780563,48.0,5.0,58.23663164448901,76.0,79.0,positive
73.39336993192354,53.79410660615426,1.0,5.0,47.01841685576795,54.40073667423072,11.819890204229386,positive
71.96331238126483,49.21104127088275,16.091893973148938,5.0,50.39447936455862,61.88993714379448,3.0,positive
71.37396188808717,49.0,27.429368123349448,5.0,50.753460373042785,54.43767301865214,32.49861585078288,positive
74.07513104485876,75.76014365654424,48.0,5.0,57.55202873130885,51.08959425373823,31.35837701495292,positive
63.0,50.8706036771744,48.0,5.0,58.11532808978369,77.12236220630464,79.74824147086976,positive
76.82166869130147,56.67305926738602,1.0,5.0,37.445828271746336,54.148609423915445,1.059443769566178,positive
74.46731130215137,52.35673738727751,1.0,5.0,43.331721744621575,56.11057391487386,1.8442295659495433,positive
69.23820046203808,49.0,10.699236952631601,5.0,57.872665126539744,54.793633256326984,29.650933949384104,positive
64.52421886497346,49.84987982538053,48.0,5.0,52.21246995634513,46.48728969441593,35.78753004365487,positive
67.08147937509972,42.19753437483379,48.0,5.0,56.04073968754986,76.0,79.0,positive
72.63050221364742,48.9892540583536,1.0,5.0,47.92374446588145,57.641248155293816,2.456499262117527,positive
72.16481947733197,48.13550237510862,1.0,5.0,49.087951306670064,58.02931710222335,2.611726840889342,positive
66.88655408755001,49.0,6.81466198723883,5.0,60.76283787505557,53.76283787505557,28.989729699955546,positive
83.9171532050197,52.606237529098074,48.0,5.0,51.91715320501971,52.19688123545096,35.09844061772548,positive
63.0,51.972861381030356,48.0,5.0,60.54029503826678,77.78371682861821,80.18914455241215,positive
71.55998502849263,47.02663921890315,1.0,5.0,50.60003742876844,58.53334580958948,2.8133383238357914,positive
71.3368733995432,47.12291133181063,6.277683259509945,5.0,51.438544334094686,60.01062019862957,3.0,positive
75.4440682260915,50.75154546496271,21.58065921331182,5.0,58.059022703833904,53.68634090127797,31.065204563684738,positive
76.76149087850155,50.00417850127329,48.0,5.0,44.76149087850155,53.497910749363356,35.74895537468168,positive
63.0,50.04301667796025,48.0,5.0,56.29463669151255,76.62581000677615,79.4172066711841,positive
69.56637581085245,50.392334054091066,1.0,5.0,57.64895608096541,54.82595824323862,23.300872567442642,positive
70.67510593119388,46.32489406880612,1.0,5.0,53.08298022935373,58.56680790825851,5.707450573384326,positive
70.70195381646423,46.298046183535774,1.0,5.0,52.99348727845259,58.602605088618965,5.48371819613147,positive
84.70212211621248,53.62057892455732,48.0,5.0,53.12411578491147,51.97517684301771,34.900707372070826,positive
63.75684685030559,55.811621652750354,48.0,5.0,49.45891889816643,77.51369370061119,74.45891889816643,positive
74.47775056858451,56.159250189528166,40.515241092176076,5.0,45.407498104718314,65.77049734660564,2.681499620943663,positive
72.63482463459574,51.4494154486525,26.61225260866678,5.0,49.27529227567375,63.904473903787256,3.0,positive
69.25533330845622,47.74466669154378,1.0,5.0,57.81555563847927,56.673777744608294,17.53888909619817,positive
82.72315914537805,52.17205787104656,48.0,5.0,50.72315914537805,52.41397106447672,35.206985532238356,positive
63.488689535169186,53.39820581652267,48.0,5.0,51.06786278898489,76.97737907033837,76.06786278898488,positive
75.18656338441784,55.18656338441783,1.0,1.3731267688356676,7.078295842894256,47.65297184546242,2.813436615582166,positive
73.48805144445322,50.561427648164226,1.0,5.0,45.779871388866965,56.926623796288986,2.170649518515595,positive
72.52197100447913,49.0,36.422106201753124,5.0,46.92676331840293,54.24633816592014,34.02929467263883,positive
77.82657162065959,56.18819039081796,48.0,5.0,52.20295240229551,46.02214301721633,36.19557139655674,positive
63.40404608819378,52.636414793743995,48.0,5.0,51.57572347083734,76.80809217638756,76.57572347083735,positive
71.15746444327655,46.28868481267368,1.0,5.0,51.60633889180862,58.86877963060287,2.947511852241149,positive
71.96979653864635,47.77796032085163,1.0,5.0,49.575508653384134,58.19183621779471,2.6767344871178844,positive
70.0255440508115,49.0,16.866761731356785,5.0,55.24818649729498,54.66240932486475,30.700725401082007,positive
71.80422257045666,58.864789968685926,48.0,5.0,51.53380250782852,41.003518808713885,37.199296238257226,positive
64.98593176673327,45.69011372211121,48.0,5.0,54.99296588336664,76.0,79.0,positive
75.5040056114585,55.504005611458496,1.0,2.0080112229169913,12.316092589065178,48.764019640104735,2.4959943885415043,positive
69.22332001386432,47.776679986135676,1.0,5.0,57.92226662045225,56.6310933518191,17.80566655113062,positive
73.1914641318496,49.0,41.6664690328219,5.0,44.69511956050132,54.13475597802507,34.921952175799476,positive
80.79399126182174,51.470542277026084,48.0,5.0,48.79399126182174,52.76472886148696,35.38236443074348,positive
57.41069212344407,51.540594489343604,48.0,5.0,58.06495118294976,76.0,79.0,positive
68.92295150355895,49.82040133649685,1.0,5.0,59.436245823447344,54.897449832937895,25.23114548932313,positive
69.08555884094056,47.91444115905943,1.0,5.0,58.3814705301981,56.44741178792076,18.95367632549526,positive
81.31599853502843,52.133176125889044,37.814819479196245,5.0,54.95035371674965,52.650117905583215,33.48305822030582,positive
75.17150617239099,51.48792402652169,48.0,5.0,52.62198100663042,49.35386704641296,35.37801899336958,positive
63.54642506025762,53.917825542318575,48.0,5.0,50.72144963845428,77.09285012051524,75.72144963845429,positive
74.77423173088532,52.91942483995642,1.0,5.0,42.564420672786696,55.8548068909289,1.7419227563715594,positive
76.65073133869531,56.359674120941406,1.0,5.0,37.873171653261714,54.2910572177539,1.116422887101562,positive
69.33314239269411,49.0,11.442948742770582,5.0,57.556192024352946,54.77780960121765,29.777523190258822,positive
79.62340970708799,64.20122977690002,48.0,5.0,55.240245955380004,51.551950808924,33.207803235696,positive
55.67627103980908,52.32896770917769,48.0,5.0,59.326348334684305,76.0,79.0,positive
76.32317992692937,56.32317992692937,1.0,3.646359853858743,25.83246879433463,51.6311297442528,1.6768200730706284,positive
71.39173537093347,46.71818151337805,1.0,5.0,51.0206615726663,58.67355385755543,2.8694215430221734,positive
69.8930114268063,47.1069885731937,1.0,5.0,55.68996191064568,57.52401523574173,12.224904776614187,positive
82.93320448669736,57.30582398604716,48.0,5.0,53.86116479720943,51.827767040558115,34.31106816223245,positive
63.0,52.70580080982569,48.0,5.0,62.152761781616505,78.22348048589541,80.48232032393028,positive
71.45556224590662,46.83519745082881,1.0,5.0,50.86109438523344,58.62036479507781,2.8481459180311255,positive
70.19622612759993,46.803773872400065,1.0,5.0,54.67924624133356,57.92830150346658,9.698115603333898,positive
66.84572545555076,49.0,7.027878176568237,5.0,60.71747272838974,53.71747272838974,29.02602181728821,positive
72.97349292001152,58.34511425777266,48.0,5.0,51.66372143555684,41.97791076667627,37.004417846664744,positive
65.74275448790839,44.4287425201527,48.0,5.0,55.37137724395419,76.0,79.0,positive
76.72122178403579,56.907073928011926,5.367525383439332,5.0,37.92926071988071,55.30096500783299,1.1858521439761418,positive
72.76859104119775,49.24241690886254,1.0,5.0,47.578522397005635,57.526174132335214,2.4104696529340846,positive
65.28156185316233,49.0,15.196288100152275,5.0,58.97951317018037,51.97951317018037,30.416389463855708,positive
83.70642106904597,53.5749239693129,48.0,5.0,52.85626900767178,50.92201755753831,35.21559648849234,positive
68.43693344705665,39.93844425490559,48.0,5.0,56.71846672352832,76.0,79.0,positive
73.42832785114716,50.45193439376979,1.0,5.0,45.9291803721321,56.97639345737737,2.1905573829509466,positive
73.28441240941487,53.61470803138289,36.78912774749958,5.0,48.192645984308555,65.8532372282446,3.0,positive
69.53954733135069,49.0,13.059787428913726,5.0,56.868175562164375,54.74340877810822,30.052729775134253,positive
76.70630693386067,49.98411161231297,48.0,5.0,44.706306933860674,53.507944193843514,35.75397209692176,positive
55.31113815456305,52.49493720247134,48.0,5.0,59.59189952395415,76.0,79.0,positive
71.14375619219466,46.26355301902353,1.0,5.0,51.64060951951336,58.88020317317112,2.952081269268448,positive
69.310696197412,47.689303802588,1.0,5.0,57.63101267529333,56.747594929882666,17.07753168823332,positive
63.772883758905785,49.0,23.074940370158675,5.0,57.303204176561984,50.303204176561984,31.757436658750414,positive
83.38254028747606,53.71887098334397,48.0,5.0,52.820282254164006,50.652116906230056,35.26957661875399,positive
55.03223788272851,52.62171005330522,48.0,5.0,59.794736085288356,76.0,79.0,positive
75.08234276289015,55.08234276289015,1.0,1.1646855257803046,5.358655587687512,47.28819967011553,2.9176572371098475,positive
69.23567649085192,47.764323509148085,1.0,5.0,57.88107836382694,56.647568654469225,17.702695909567343,positive
80.38375701623883,51.91382518029149,35.23744586842501,5.0,55.44389334434415,52.814631114781385,33.099194065510105,positive
79.12066326894558,50.862059370525664,48.0,5.0,47.120663268945584,53.068970314737165,35.534485157368586,positive
63.0,53.4299449529508,48.0,5.0,63.74587889649176,78.65796697177048,80.77197798118031,positive
74.02923422239041,56.009744740796805,47.54199718255021,5.0,46.90255259203196,67.86357362884475,2.9805105184063923,positive
71.09749741685675,46.32499138952252,2.5274595307558485,5.0,51.83750430523874,59.29249225057027,3.0,positive
59.29452153526708,49.0,46.46194309360523,5.0,52.32724615029676,45.32724615029676,35.73820307976259,positive
76.51731582306876,49.915387572025,48.0,5.0,44.517315823068756,53.5423062139875,35.77115310699375,positive
63.0,53.37034304618233,48.0,5.0,63.614754701601115,78.6222058277094,80.74813721847293,positive
76.96761946486293,56.971217302100385,1.0,5.0,37.0899459309363,54.00359783723745,1.0971416054112069,positive
72.38354036391002,48.53649066716836,1.0,5.0,48.54114909022496,57.84704969674166,2.5388198786966614,positive
72.31364768969352,49.0,34.79024023593265,5.0,47.62117436768823,54.281058718384415,33.75153025292471,positive
71.68601135800058,50.95169405507701,48.0,5.0,52.48792351376925,48.41546459638477,35.51207648623075,positive
63.98359636242894,57.852367261860486,48.0,5.0,48.09842182542634,77.96719272485788,73.09842182542634,positive
76.37284371802684,56.37284371802684,1.0,3.745687436053691,26.65192134744295,51.80495301309396,1.6271562819731544,positive
74.86752530100429,53.09046305184121,1.0,5.0,42.331186747489255,55.77706224916309,1.7108248996652338,positive
72.35411361141969,50.02449732033404,13.037843513925017,5.0,59.6948810292484,54.23162700974947,29.792870310584576,positive
74.10194948686262,75.70427190236953,48.0,5.0,57.5408543804739,51.09182912390522,31.367316495620877,positive
66.51952743852159,43.134120935797355,48.0,5.0,55.759763719260796,76.0,79.0,positive
76.09896283764967,56.69965427921655,15.116248876821999,5.0,40.003457207834465,58.204840090968254,1.6006914415668936,positive
72.93731989744701,50.358969769255765,1.0,3.062680102552992,28.752161230635906,53.18804030765898,3.0,positive
69.64722523097288,49.38758240728774,5.554093285630883,5.0,61.1279395836026,54.7093131945342,28.678269212753534,positive
75.61008259353204,57.17329662509687,48.0,5.0,51.95667584372578,44.17506882794337,36.56498623441133,positive
54.44500492180045,52.88863412645434,48.0,5.0,60.221814602326944,76.0,79.0,positive
71.46055206734746,46.84434545680367,1.0,5.0,50.84861983163136,58.616206610543784,2.8464826442175144,positive
69.47194056810568,47.52805943189432,1.0,5.0,57.093531439647734,56.96258742414091,15.73382859911934,positive
66.49612176128117,49.0,8.85358635775387,5.0,60.329024179201305,53.329024179201305,29.336780656638958,positive
78.93057317624596,65.64463921615425,48.0,5.0,55.52892784323085,51.49421443135383,32.97685772541532,positive
63.3831890339749,52.44870130577414,48.0,5.0,51.70086579615057,76.7663780679498,76.70086579615058,positive
71.82988764025635,52.404344569116745,1.0,5.0,51.361423221510165,54.57445692886041,16.510337079230972,positive
72.33592147464704,50.45307158215681,21.929436436137017,5.0,49.773464208921595,63.00776442394113,3.0,positive
68.67127244560992,48.328727554390085,1.0,5.0,59.76242518130027,55.89502992747989,22.40606295325069,positive
73.80304218435015,51.277391105284636,48.0,5.0,52.56934777632116,48.98543443424812,35.43065222367884,positive
63.0,53.07450652857669,48.0,5.0,62.96391436286873,78.44470391714601,80.62980261143068,positive
76.79376110391657,56.79376110391656,1.0,4.5875222078331195,33.59705821462324,53.27816386370796,1.20623889608344,positive
72.56946072371639,51.23153574572129,25.588218004890074,5.0,49.384232127139356,63.70838217114916,3.0,positive
79.71657766453743,51.75684180342057,33.39289119019171,5.0,55.797105942303716,52.93236864743457,32.824473155986,positive
59.867570444764524,49.133472376117616,48.0,5.0,52.033368094029406,45.233576658205834,35.966631905970594,positive
63.0,53.061048249837214,48.0,5.0,62.93430614964188,78.43662894990233,80.62441929993489,positive
76.58885973443401,56.86295324481134,7.441197493867268,5.0,38.370467551886655,55.918654572641316,1.2740935103773305,positive
74.52730037091959,52.46671734668591,1.0,5.0,43.18174907270103,56.06058302423368,1.8242332096934708,positive
61.45828175266301,49.0,35.16230640275983,5.0,54.73142416962557,47.73142416962557,33.814860664299545,positive
84.90074039279486,52.96390559737995,48.0,5.0,52.90074039279485,52.018047201310026,35.00902360065501,positive
63.51329557865895,53.61966020793054,48.0,5.0,50.92022652804631,77.0265911573179,75.9202265280463,positive
75.04281947405758,55.04281947405757,1.0,1.085638948115152,4.706521321950007,47.14986815920152,2.957180525942424,positive
74.26777240930525,51.990916083726304,1.0,5.0,43.830568976736856,56.276856325578954,1.9107425302315812,positive
70.65663103598072,46.34336896401928,1.0,5.0,53.14456321339759,58.542174714640964,5.861408033493973,positive
84.11099714432854,52.676726234301285,48.0,5.0,52.110997144328536,52.16163688284936,35.080818441424675,positive
66.48444430256575,43.19259282905709,48.0,5.0,55.742222151282874,76.0,79.0,positive
74.30404465854997,52.057415207341606,1.0,5.0,43.73988835362508,56.24662945120836,1.8986517804833443,positive
70.24037600899938,46.759623991000616,1.0,5.0,54.53207997000206,57.987168011999174,9.330199925005145,positive
68.68325679344348,48.316743206556524,1.0,5.0,59.72247735518841,55.91100905792464,22.306193387971028,positive
83.4997409182456,52.4544512429984,48.0,5.0,51.499740918245614,52.2727743785008,35.1363871892504,positive
63.0,50.79435353707217,48.0,5.0,57.94757778155878,77.0766121222433,79.71774141482886,positive
76.03856510343446,56.038565103434465,1.0,3.077130206868935,21.13632420666871,50.634977862020634,1.9614348965655326,positive
68.97932544933853,48.02067455066147,1.0,5.0,58.73558183553822,56.30576726578471,19.83895458884555,positive
74.32157573897598,50.48742958564141,18.47729763128652,5.0,58.653283432306836,53.88442781076895,30.60300177487246,positive
67.34841028966983,60.84515098236896,48.0,5.0,51.038712254407756,37.29034190805819,37.94193161838836,positive
66.91591357258628,42.47347737902287,48.0,5.0,55.95795678629314,76.0,79.0,positive
76.52530892902801,56.84176964300934,8.43682677856102,5.0,38.5823035699066,56.21522499786924,1.31646071398132,positive
70.88984681822853,46.110153181771466,1.0,5.0,52.367177272571546,58.85312909097138,3.9179431814288597,positive
68.63078128940958,48.369218710590424,1.0,5.0,59.89739570196807,55.84104171921277,22.743489254920178,positive
73.48916334112408,58.11592740394485,48.0,5.0,51.72101814901379,42.4076361176034,36.91847277647932,positive
57.117407611771355,51.67390563101302,48.0,5.0,58.278249009620836,76.0,79.0,positive
73.52628148007838,50.631516046810376,1.0,5.0,45.68429629980403,56.894765433268006,2.157906173307204,positive
71.19498737549861,46.43872159487189,1.0,4.80501262450138,49.66015149401657,58.41503787350414,3.0,positive
66.54350734991388,49.0,8.606128283783045,5.0,60.38167483323765,53.38167483323765,29.29466013340988,positive
75.94715112217251,71.86010182880725,48.0,5.0,56.77202036576145,51.24559592684771,31.982383707390838,positive
63.21879288969715,50.969136007274344,48.0,5.0,52.68724266181711,76.4375857793943,77.68724266181711,positive
76.20462877687801,55.54181942427635,1.0,5.0,38.98842805780498,54.66280935260166,1.2651237410406646,positive
69.20216317616196,47.79783682383804,1.0,5.0,57.99278941279347,56.60288423488261,17.981973531983677,positive
70.45810566679887,46.54189433320112,1.0,5.0,53.806314444003746,58.2774742223985,7.515786110009362,positive
60.590055728852604,49.24462395828502,48.0,5.0,52.061155989571255,45.428091926998775,35.938844010428745,positive
63.59475966793554,54.35283701141988,48.0,5.0,50.43144199238675,77.18951933587108,75.43144199238675,positive
74.1800228463625,56.06000761545417,45.179642073654165,5.0,46.39992384545833,67.15989338364167,2.8799847690916667,positive
71.04515794065941,46.10160536648365,1.0,4.954842059340599,51.458104712087184,58.8645261780218,3.0,positive
71.41768103854722,49.0,27.771834801953208,5.0,50.60772987150927,54.43038649357546,32.55690805139629,positive
60.1078524507699,49.17043883857998,48.0,5.0,52.042609709645,45.298267967514974,35.957390290355,positive
63.0,49.559064909654175,48.0,5.0,55.22994280123918,76.3354389457925,79.22362596386166,positive
75.26850446816334,53.825591524966136,1.0,5.0,41.328738829591636,55.442912943197214,1.5771651772788844,positive
72.2153900997809,50.051300332603034,20.04111156323425,5.0,49.97434983369848,62.64617029934273,3.0,positive
70.59447713254445,46.405522867455545,1.0,5.0,53.351742891518484,58.45930284339261,6.37935722879622,positive
