@relation ecoli4
@attribute Mcg real [0.0, 0.89]
@attribute Gvh real [0.16, 1.0]
@attribute Lip real [0.48, 1.0]
@attribute Chg real [0.5, 1.0]
@attribute Aac real [0.0, 0.88]
@attribute Alm1 real [0.03, 1.0]
@attribute Alm2 real [0.0, 0.99]
@attribute Class {positive, negative}
@data
0.49,0.29,0.48,0.5,0.56,0.24,0.35,negative
0.07,0.4,0.48,0.5,0.54,0.35,0.44,negative
0.56,0.4,0.48,0.5,0.49,0.37,0.46,negative
0.59,0.49,0.48,0.5,0.52,0.45,0.36,negative
0.23,0.32,0.48,0.5,0.55,0.25,0.35,negative
0.29,0.28,0.48,0.5,0.44,0.23,0.34,negative
0.21,0.34,0.48,0.5,0.51,0.28,0.39,negative
0.2,0.44,0.48,0.5,0.46,0.51,0.57,negative
0.42,0.24,0.48,0.5,0.57,0.27,0.37,negative
0.25,0.48,0.48,0.5,0.44,0.17,0.29,negative
0.51,0.5,0.48,0.5,0.46,0.32,0.35,negative
0.22,0.43,0.48,0.5,0.48,0.16,0.28,negative
0.25,0.4,0.48,0.5,0.46,0.44,0.52,negative
0.34,0.45,0.48,0.5,0.38,0.24,0.35,negative
0.44,0.27,0.48,0.5,0.55,0.52,0.58,negative
0.23,0.4,0.48,0.5,0.39,0.28,0.38,negative
0.41,0.57,0.48,0.5,0.39,0.21,0.32,negative
0.4,0.45,0.48,0.5,0.38,0.22,0.0,negative
0.31,0.23,0.48,0.5,0.73,0.05,0.14,negative
0.3,0.16,0.48,0.5,0.56,0.11,0.23,negative
0.36,0.39,0.48,0.5,0.48,0.22,0.23,negative
0.25,0.4,0.48,0.5,0.47,0.33,0.42,negative
0.21,0.51,0.48,0.5,0.5,0.32,0.41,negative
0.43,0.37,0.48,0.5,0.53,0.35,0.44,negative
0.43,0.39,0.48,0.5,0.47,0.31,0.41,negative
0.53,0.38,0.48,0.5,0.44,0.26,0.36,negative
0.56,0.51,0.48,0.5,0.34,0.37,0.46,negative
0.4,0.29,0.48,0.5,0.42,0.35,0.44,negative
0.24,0.35,0.48,0.5,0.31,0.19,0.31,negative
0.36,0.54,0.48,0.5,0.41,0.38,0.46,negative
0.65,0.47,0.48,0.5,0.59,0.3,0.4,negative
0.38,0.46,0.48,0.5,0.48,0.22,0.29,negative
0.4,0.5,0.48,0.5,0.45,0.39,0.47,negative
0.28,0.38,0.48,0.5,0.5,0.33,0.42,negative
0.61,0.45,0.48,0.5,0.48,0.35,0.41,negative
0.44,0.35,0.48,0.5,0.55,0.55,0.61,negative
0.23,0.33,0.48,0.5,0.43,0.33,0.43,negative
0.37,0.52,0.48,0.5,0.42,0.42,0.36,negative
0.29,0.3,0.48,0.5,0.45,0.03,0.17,negative
0.22,0.36,0.48,0.5,0.35,0.39,0.47,negative
0.54,0.47,0.48,0.5,0.28,0.33,0.42,negative
0.51,0.37,0.48,0.5,0.35,0.36,0.45,negative
0.4,0.35,0.48,0.5,0.45,0.33,0.42,negative
0.44,0.34,0.48,0.5,0.3,0.33,0.43,negative
0.42,0.38,0.48,0.5,0.54,0.34,0.43,negative
0.44,0.56,0.48,0.5,0.5,0.46,0.54,negative
0.36,0.41,0.48,0.5,0.48,0.47,0.54,negative
0.47,0.29,0.48,0.5,0.51,0.33,0.43,negative
0.24,0.43,0.48,0.5,0.54,0.52,0.59,negative
0.52,0.57,0.48,0.5,0.42,0.47,0.54,negative
0.25,0.37,0.48,0.5,0.43,0.26,0.36,negative
0.35,0.48,0.48,0.5,0.56,0.4,0.48,negative
0.26,0.26,0.48,0.5,0.34,0.25,0.35,negative
0.44,0.51,0.48,0.5,0.47,0.26,0.36,negative
0.37,0.5,0.48,0.5,0.42,0.36,0.45,negative
0.44,0.42,0.48,0.5,0.42,0.25,0.2,negative
0.24,0.43,0.48,0.5,0.37,0.28,0.38,negative
0.42,0.3,0.48,0.5,0.48,0.26,0.36,negative
0.48,0.42,0.48,0.5,0.45,0.25,0.35,negative
0.41,0.48,0.48,0.5,0.51,0.44,0.51,negative
0.44,0.28,0.48,0.5,0.43,0.27,0.37,negative
0.29,0.41,0.48,0.5,0.48,0.38,0.46,negative
0.41,0.43,0.48,0.5,0.45,0.31,0.41,negative
0.34,0.55,0.48,0.5,0.58,0.31,0.41,negative
0.36,0.56,0.48,0.5,0.43,0.45,0.53,negative
0.4,0.46,0.48,0.5,0.52,0.49,0.56,negative
0.5,0.49,0.48,0.5,0.49,0.46,0.53,negative
0.52,0.44,0.48,0.5,0.37,0.36,0.42,negative
0.5,0.51,0.48,0.5,0.27,0.23,0.34,negative
0.34,0.46,0.48,0.5,0.52,0.35,0.44,negative
0.4,0.42,0.48,0.5,0.37,0.27,0.27,negative
0.41,0.43,0.48,0.5,0.5,0.24,0.25,negative
0.64,0.76,0.48,0.5,0.45,0.35,0.38,negative
0.35,0.37,0.48,0.5,0.3,0.34,0.43,negative
0.57,0.54,0.48,0.5,0.37,0.28,0.33,negative
0.65,0.55,0.48,0.5,0.34,0.37,0.28,negative
0.51,0.46,0.48,0.5,0.58,0.31,0.41,negative
0.38,0.4,0.48,0.5,0.63,0.25,0.35,negative
0.24,0.57,0.48,0.5,0.63,0.34,0.43,negative
0.38,0.26,0.48,0.5,0.54,0.16,0.28,negative
0.33,0.47,0.48,0.5,0.53,0.18,0.29,negative
0.24,0.34,0.48,0.5,0.38,0.3,0.4,negative
0.26,0.5,0.48,0.5,0.44,0.32,0.41,negative
0.44,0.49,0.48,0.5,0.39,0.38,0.4,negative
0.43,0.32,0.48,0.5,0.33,0.45,0.52,negative
0.49,0.43,0.48,0.5,0.49,0.3,0.4,negative
0.32,0.33,0.48,0.5,0.6,0.06,0.2,negative
0.35,0.34,0.48,0.5,0.46,0.3,0.27,negative
0.38,0.3,0.48,0.5,0.43,0.29,0.39,negative
0.38,0.44,0.48,0.5,0.43,0.2,0.31,negative
0.41,0.51,0.48,0.5,0.58,0.2,0.31,negative
0.34,0.42,0.48,0.5,0.41,0.34,0.43,negative
0.51,0.49,0.48,0.5,0.53,0.14,0.26,negative
0.25,0.51,0.48,0.5,0.37,0.42,0.5,negative
0.29,0.28,0.48,0.5,0.5,0.42,0.5,negative
0.25,0.26,0.48,0.5,0.39,0.32,0.42,negative
0.24,0.41,0.48,0.5,0.49,0.23,0.34,negative
0.17,0.39,0.48,0.5,0.53,0.3,0.39,negative
0.61,0.36,0.48,0.5,0.49,0.35,0.44,negative
0.34,0.51,0.48,0.5,0.44,0.37,0.46,negative
0.28,0.33,0.48,0.5,0.45,0.22,0.33,negative
0.37,0.44,0.48,0.5,0.42,0.39,0.47,negative
0.0,0.38,0.48,0.5,0.42,0.48,0.55,negative
0.39,0.31,0.48,0.5,0.38,0.34,0.43,negative
0.3,0.44,0.48,0.5,0.49,0.22,0.33,negative
0.27,0.3,0.48,0.5,0.71,0.28,0.39,negative
0.36,0.42,0.48,0.5,0.53,0.32,0.41,negative
0.3,0.37,0.48,0.5,0.43,0.18,0.3,negative
0.26,0.4,0.48,0.5,0.36,0.26,0.37,negative
0.4,0.41,0.48,0.5,0.55,0.22,0.33,negative
0.22,0.34,0.48,0.5,0.42,0.29,0.39,negative
0.27,0.42,0.48,0.5,0.37,0.38,0.43,negative
0.06,0.61,0.48,0.5,0.49,0.92,0.37,negative
0.44,0.52,0.48,0.5,0.43,0.47,0.54,negative
0.63,0.47,0.48,0.5,0.51,0.82,0.84,negative
0.23,0.48,0.48,0.5,0.59,0.88,0.89,negative
0.34,0.49,0.48,0.5,0.58,0.85,0.8,negative
0.43,0.4,0.48,0.5,0.58,0.75,0.78,negative
0.46,0.61,0.48,0.5,0.48,0.86,0.87,negative
0.27,0.35,0.48,0.5,0.51,0.77,0.79,negative
0.52,0.39,0.48,0.5,0.65,0.71,0.73,negative
0.29,0.47,0.48,0.5,0.71,0.65,0.69,negative
0.55,0.47,0.48,0.5,0.57,0.78,0.8,negative
0.4,0.5,0.48,0.5,0.65,0.82,0.84,negative
0.73,0.36,0.48,0.5,0.53,0.91,0.92,negative
0.84,0.44,0.48,0.5,0.48,0.71,0.74,negative
0.48,0.41,0.48,0.5,0.51,0.9,0.88,negative
0.5,0.66,0.48,0.5,0.31,0.92,0.92,negative
0.72,0.46,0.48,0.5,0.51,0.66,0.7,negative
0.47,0.55,0.48,0.5,0.58,0.71,0.75,negative
0.33,0.56,0.48,0.5,0.33,0.78,0.8,negative
0.64,0.58,0.48,0.5,0.48,0.78,0.73,negative
0.54,0.57,0.48,0.5,0.56,0.81,0.83,negative
0.63,0.5,0.48,0.5,0.59,0.85,0.86,negative
0.49,0.42,0.48,0.5,0.53,0.79,0.81,negative
0.31,0.5,0.48,0.5,0.57,0.84,0.85,negative
0.74,0.44,0.48,0.5,0.55,0.88,0.89,negative
0.33,0.45,0.48,0.5,0.45,0.88,0.89,negative
0.45,0.4,0.48,0.5,0.61,0.74,0.77,negative
0.66,0.53,0.48,0.5,0.59,0.66,0.66,negative
0.6,0.61,0.48,0.5,0.54,0.67,0.71,negative
0.34,0.51,0.48,0.5,0.67,0.9,0.9,negative
0.63,0.54,0.48,0.5,0.65,0.79,0.81,negative
0.7,0.4,0.48,0.5,0.56,0.86,0.83,negative
0.16,0.51,0.48,0.5,0.33,0.39,0.48,negative
0.74,0.7,0.48,0.5,0.66,0.65,0.69,negative
0.2,0.46,0.48,0.5,0.57,0.78,0.81,negative
0.89,0.55,0.48,0.5,0.51,0.72,0.76,negative
0.7,0.46,0.48,0.5,0.56,0.78,0.73,negative
0.12,0.43,0.48,0.5,0.63,0.7,0.74,negative
0.61,0.52,0.48,0.5,0.54,0.67,0.52,negative
0.33,0.37,0.48,0.5,0.46,0.65,0.69,negative
0.63,0.65,0.48,0.5,0.66,0.67,0.71,negative
0.34,0.67,0.48,0.5,0.52,0.76,0.79,negative
0.58,0.34,0.48,0.5,0.56,0.87,0.81,negative
0.51,0.4,0.48,0.5,0.57,0.62,0.67,negative
0.5,0.57,0.48,0.5,0.71,0.61,0.66,negative
0.6,0.46,0.48,0.5,0.45,0.81,0.83,negative
0.37,0.47,0.48,0.5,0.39,0.76,0.79,negative
0.58,0.55,0.48,0.5,0.57,0.7,0.74,negative
0.35,0.51,0.48,0.5,0.61,0.71,0.74,negative
0.31,0.44,0.48,0.5,0.5,0.79,0.82,negative
0.61,0.66,0.48,0.5,0.46,0.87,0.88,negative
0.48,0.49,0.48,0.5,0.52,0.77,0.71,negative
0.31,0.36,0.48,0.5,0.58,0.94,0.94,negative
0.69,0.39,0.48,0.5,0.57,0.76,0.79,negative
0.52,0.54,0.48,0.5,0.62,0.76,0.79,negative
0.46,0.59,0.48,0.5,0.36,0.76,0.23,negative
0.36,0.45,0.48,0.5,0.38,0.79,0.17,negative
0.0,0.51,0.48,0.5,0.35,0.67,0.44,negative
0.1,0.49,0.48,0.5,0.41,0.67,0.21,negative
0.3,0.51,0.48,0.5,0.42,0.61,0.34,negative
0.61,0.47,0.48,0.5,0.0,0.8,0.32,negative
0.63,0.75,0.48,0.5,0.64,0.73,0.66,negative
0.71,0.52,0.48,0.5,0.64,1.0,0.99,negative
0.85,0.53,0.48,0.5,0.53,0.52,0.35,negative
0.63,0.49,0.48,0.5,0.54,0.76,0.79,negative
0.75,0.55,1.0,1.0,0.4,0.47,0.3,negative
0.7,0.39,1.0,0.5,0.51,0.82,0.84,negative
0.79,0.41,0.48,0.5,0.66,0.81,0.83,negative
0.83,0.48,0.48,0.5,0.65,0.76,0.79,negative
0.69,0.43,0.48,0.5,0.59,0.74,0.77,negative
0.79,0.36,0.48,0.5,0.46,0.82,0.7,negative
0.78,0.33,0.48,0.5,0.57,0.77,0.79,negative
0.75,0.37,0.48,0.5,0.64,0.7,0.74,negative
0.67,0.37,0.48,0.5,0.54,0.64,0.68,negative
0.66,0.48,0.48,0.5,0.54,0.7,0.74,negative
0.64,0.46,0.48,0.5,0.48,0.73,0.76,negative
0.76,0.71,0.48,0.5,0.5,0.71,0.75,negative
0.84,0.49,0.48,0.5,0.55,0.78,0.74,negative
0.77,0.55,0.48,0.5,0.51,0.78,0.74,negative
0.58,0.6,0.48,0.5,0.59,0.73,0.76,negative
0.63,0.42,0.48,0.5,0.48,0.77,0.8,negative
0.86,0.39,0.48,0.5,0.59,0.89,0.9,negative
0.81,0.53,0.48,0.5,0.57,0.87,0.88,negative
0.87,0.49,0.48,0.5,0.61,0.76,0.79,negative
0.47,0.46,0.48,0.5,0.62,0.74,0.77,negative
0.76,0.41,0.48,0.5,0.5,0.59,0.62,negative
0.64,0.45,0.48,0.5,0.67,0.61,0.66,negative
0.81,0.52,0.48,0.5,0.57,0.78,0.8,negative
0.73,0.26,0.48,0.5,0.57,0.75,0.78,negative
0.49,0.61,1.0,0.5,0.56,0.71,0.74,negative
0.88,0.42,0.48,0.5,0.52,0.73,0.75,negative
0.84,0.54,0.48,0.5,0.75,0.92,0.7,negative
0.86,0.55,0.48,0.5,0.63,0.81,0.83,negative
0.57,0.38,0.48,0.5,0.06,0.49,0.33,negative
0.78,0.44,0.48,0.5,0.45,0.73,0.68,negative
0.63,0.69,0.48,0.5,0.65,0.41,0.28,positive
0.67,0.88,0.48,0.5,0.73,0.5,0.25,positive
0.67,0.84,0.48,0.5,0.74,0.54,0.37,positive
0.73,0.84,0.48,0.5,0.86,0.58,0.29,positive
0.75,0.76,0.48,0.5,0.83,0.57,0.3,positive
0.77,0.57,0.48,0.5,0.88,0.53,0.2,positive
0.74,0.78,0.48,0.5,0.75,0.54,0.15,positive
0.68,0.76,0.48,0.5,0.84,0.45,0.27,positive
0.56,0.68,0.48,0.5,0.77,0.36,0.45,positive
0.52,0.81,0.48,0.5,0.72,0.38,0.38,positive
0.64,0.57,0.48,0.5,0.7,0.33,0.26,positive
0.63,0.49,0.48,0.5,0.79,0.45,0.28,positive
0.77,0.57,1.0,0.5,0.37,0.54,0.01,negative
0.66,0.49,1.0,0.5,0.54,0.56,0.36,negative
0.67,0.55,1.0,0.5,0.66,0.58,0.16,negative
0.68,0.49,1.0,0.5,0.62,0.55,0.28,negative
0.66,0.86,0.48,0.5,0.34,0.41,0.36,negative
0.73,0.78,0.48,0.5,0.58,0.51,0.31,negative
0.65,0.57,0.48,0.5,0.47,0.47,0.51,negative
0.67,0.7,0.48,0.5,0.46,0.45,0.33,negative
0.67,0.81,0.48,0.5,0.54,0.49,0.23,negative
0.67,0.61,0.48,0.5,0.51,0.37,0.38,negative
0.63,1.0,0.48,0.5,0.35,0.51,0.49,negative
0.57,0.59,0.48,0.5,0.39,0.47,0.33,negative
0.66,0.74,0.48,0.5,0.31,0.38,0.43,negative
0.64,0.72,0.48,0.5,0.49,0.42,0.19,negative
0.68,0.82,0.48,0.5,0.38,0.65,0.56,negative
0.32,0.39,0.48,0.5,0.53,0.28,0.38,negative
0.7,0.64,0.48,0.5,0.47,0.51,0.47,negative
0.63,0.57,0.48,0.5,0.49,0.7,0.2,negative
0.74,0.82,0.48,0.5,0.49,0.49,0.41,negative
0.63,0.86,0.48,0.5,0.39,0.47,0.34,negative
0.63,0.83,0.48,0.5,0.4,0.39,0.19,negative
0.71,0.86,0.48,0.5,0.4,0.54,0.32,negative
0.68,0.78,0.48,0.5,0.43,0.44,0.42,negative
0.64,0.84,0.48,0.5,0.37,0.45,0.4,negative
0.74,0.47,0.48,0.5,0.5,0.57,0.42,negative
0.75,0.84,0.48,0.5,0.35,0.52,0.33,negative
0.63,0.65,0.48,0.5,0.39,0.44,0.35,negative
0.7,0.71,0.48,0.5,0.42,0.84,0.85,negative
0.64,0.66,0.48,0.5,0.41,0.39,0.2,negative
0.63,0.8,0.48,0.5,0.46,0.31,0.29,negative
0.66,0.71,0.48,0.5,0.41,0.5,0.35,negative
0.69,0.59,0.48,0.5,0.46,0.44,0.52,negative
0.68,0.67,0.48,0.5,0.49,0.4,0.34,negative
0.64,0.78,0.48,0.5,0.5,0.36,0.38,negative
0.62,0.78,0.48,0.5,0.47,0.49,0.54,negative
0.76,0.73,0.48,0.5,0.44,0.39,0.39,negative
0.64,0.81,0.48,0.5,0.37,0.39,0.44,negative
0.29,0.39,0.48,0.5,0.52,0.4,0.48,negative
0.69,0.66,0.48,0.5,0.41,0.5,0.25,negative
0.43,0.59,0.48,0.5,0.52,0.49,0.56,negative
0.74,0.56,0.48,0.5,0.47,0.68,0.3,negative
0.71,0.57,0.48,0.5,0.48,0.35,0.32,negative
0.61,0.6,0.48,0.5,0.44,0.39,0.38,negative
0.59,0.61,0.48,0.5,0.42,0.42,0.37,negative
0.74,0.74,0.48,0.5,0.31,0.53,0.52,negative
0.6347996031415819,0.49405076871587494,0.48,0.5,0.7305647600574522,0.5081003636478472,0.2944255536155858,positive
0.6045122294908887,0.755395280072938,1.0,0.5,0.7310742801636085,0.5843132669410163,0.3704909226464498,positive
0.7306499232188665,0.76,0.48,0.5,0.8358129212249457,0.5116984069204058,0.29916448849774496,positive
0.7551971184756159,0.5741162730812951,0.48,0.5,0.8799123471310599,0.5492024058531818,0.24227601465213716,positive
0.6404412665561368,0.7330844751732756,0.48,0.5,0.7891556494048004,0.41811068623737246,0.2790233789985365,positive
0.7361066474366956,0.8023003344201987,0.48,0.5,0.8260995706339975,0.5401145414699506,0.1947454790417394,positive
0.6374658401014857,0.6912362482463728,0.48,0.5,0.6510089174430567,0.42896925817914,0.28264076811350997,positive
0.5304922895294949,0.7514238183795627,0.48,0.5,0.7590699293216937,0.36967580892144203,0.3879888160542037,positive
0.5900047840966679,0.6840348463479932,0.48,0.5,0.6616663313635491,0.36441846656707727,0.43793494926708715,positive
0.7069625859821164,0.8807541033510344,0.48,0.5,0.7019891354922215,0.5071698725633585,0.27643755376585005,positive
0.6988866387169109,0.7031674862400854,0.48,0.5,0.6411271110432011,0.44114239988190096,0.34114723036957023,positive
0.6493490222720915,0.57,0.48,0.5,0.6873274691531301,0.33825026996785834,0.313801775999129,positive
0.6886121139182206,0.5647058285738479,0.48,0.5,0.6335781663885084,0.48457252230192455,0.3455921428471549,positive
0.6968815601018181,0.8959422000821077,0.48,0.5,0.6450682557764746,0.5179360842698955,0.28685718370730584,positive
0.7138760093212001,0.84,0.48,0.5,0.7471521118911992,0.5763666315252053,0.34984862375071313,positive
0.7234419866343464,0.8307639395354878,0.48,0.5,0.6054999587666189,0.5397563470597723,0.32427361445096026,positive
0.6322494240150096,0.55384380420441,0.48,0.5,0.700983573959512,0.3407212718422141,0.2690273602403772,positive
0.603940972373602,0.778185531285295,0.7010349126418858,0.5,0.7418428744327694,0.5498595301482795,0.39089147016798165,positive
0.736876851602376,0.8001939593456164,0.48,0.5,0.8351988265862671,0.5756808358513968,0.2993434136996476,positive
0.7109395905223742,0.5844669456573088,0.48,0.5,0.8728402519833554,0.45207070072267685,0.21917495196685416,positive
0.657893842438364,0.6928629136169598,0.48,0.5,0.6821224745427024,0.41379501364023763,0.2791427847742191,positive
0.7465084215008305,0.7751000706883578,0.48,0.5,0.7830829166121239,0.5567128182406113,0.25370242308527524,positive
0.6341981179572288,0.6310458987312811,0.48,0.5,0.6549776875619623,0.3901526062649414,0.2655441698912647,positive
0.5277267077267583,0.7607630991489507,0.48,0.5,0.7261395272310501,0.3786658453812363,0.3917626664450229,positive
0.6212995385717897,0.6867646675224424,0.48,0.5,0.7410845718176622,0.39011431532517754,0.41854456792051153,positive
0.7311780000083291,0.8887447359828767,0.48,0.5,0.6063688821192728,0.5287678700818551,0.28705493923549286,positive
0.6590312857097035,0.6943029827714016,0.48,0.5,0.6799420723803498,0.42648126523780344,0.33506484070528375,positive
0.6301566387266048,0.6480395069482587,0.48,0.5,0.6956137917221801,0.4060786751010611,0.26635423540495845,positive
0.6796250554275668,0.566403137562401,0.48,0.5,0.6414905253755054,0.5331897556163955,0.3894349085275004,positive
0.733203067732787,0.809075576429187,0.48,0.5,0.5760019600347738,0.5227310404315252,0.3031881778892891,positive
0.6995722962186502,0.84,0.48,0.5,0.750257384748661,0.5561841710114452,0.31241247519992876,positive
0.67,0.8465500751498046,0.48,0.5,0.731504650354722,0.538217565871229,0.32821925611338687,positive
0.6080509858012922,0.49,0.48,0.5,0.5456106146925342,0.45,0.28974172113855007,positive
0.654025204669617,0.8031743810349475,0.5078832327837863,0.5,0.765959611471348,0.5712170217373649,0.37568817974156926,positive
0.7399248024889731,0.7612675568112733,0.48,0.5,0.8173063758125029,0.5672030667170611,0.3029555970071291,positive
0.7688510372198336,0.6879270207105121,0.48,0.5,0.8517850525023861,0.5367805767526749,0.19956120984293516,positive
0.6752756989059879,0.8310296311771365,0.48,0.5,0.8296335502162008,0.49909324953650214,0.25807798487667644,positive
0.730837713089349,0.8053491103977485,0.48,0.5,0.8328632113048028,0.5480483460067316,0.2033125029141067,positive
0.6495744589798639,0.6718679361344566,0.48,0.5,0.5468271913838844,0.4053688195972999,0.3236427030926967,positive
0.5998153716482401,0.7197020249225139,0.48,0.5,0.7141253081427136,0.4078714617731698,0.37776089412764857,positive
0.6164753301908131,0.7031996255172649,0.48,0.5,0.71149836449148,0.36,0.4423795505236284,positive
0.67,0.8493365500201938,0.48,0.5,0.7385632884244311,0.5383046327108267,0.3326951201970506,positive
0.6463327912163368,0.6984769527578765,0.48,0.5,0.6786794696760844,0.41318203539066867,0.2993945033318025,positive
0.6499006680898383,0.5675713559887212,0.48,0.5,0.46647480957874543,0.34757225260712593,0.2725978327343062,positive
0.8106964887811439,0.5145974950895571,0.48,0.5,0.6150665171088203,0.5315196249374987,0.3480881663535545,positive
0.7127148163339685,0.8923861181854646,0.48,0.5,0.5542774004360586,0.5395359178830405,0.31756696231915915,positive
0.7102108661557376,0.84,0.48,0.5,0.8304364014019698,0.5796971437005688,0.31618549603739055,positive
0.6946955443273867,0.8147441133376281,0.48,0.5,0.6649325505617862,0.5164296471039278,0.3200488408909927,positive
0.6450532233980242,0.49313684610399094,0.48,0.5,0.6827185724776458,0.4628025081991678,0.3069922093720593,positive
0.602815415681349,0.5105698979372597,1.0,0.5,0.6953482359727129,0.5645101657261121,0.5176592387224273,positive
0.731764310922061,0.769690999216937,0.48,0.5,0.8564055447138277,0.5746785432634072,0.2927394902365143,positive
0.759023316905768,0.7115368224139813,0.48,0.5,0.7617724236187048,0.5383441786408056,0.16764085206409465,positive
0.6743594363057773,0.8291674033033666,0.48,0.5,0.7747246472090942,0.4758478112270645,0.25902939808845266,positive
0.681826060332963,0.8339543254103199,0.48,0.5,0.740934326186366,0.5044351423016294,0.2003673183256016,positive
0.6320344596518314,0.6522353710933256,0.48,0.5,0.6866800826144929,0.39788026324219855,0.27476343879111853,positive
0.5332629106566797,0.766845049034439,0.48,0.5,0.7593041412912442,0.37234173421263445,0.4410966874781231,positive
0.5987947032869904,0.7479744134868844,0.48,0.5,0.741802542817576,0.36,0.4156770922891101,positive
0.6726301139990011,0.8514562247276627,0.48,0.5,0.7961006345608302,0.47217842875912247,0.2686547567373767,positive
0.6334899247708168,0.708093314018784,0.48,0.5,0.6564472188009747,0.41359096610451834,0.3016265499665009,positive
0.6460348907573787,0.5543533144137088,0.48,0.5,0.583513738986901,0.3318305747552606,0.2630853768370153,positive
0.6412423051866858,0.5059645455954882,0.48,0.5,0.6368236419483395,0.47302336291216035,0.35887427742847117,positive
0.7269806088429566,0.8951428758525596,0.48,0.5,0.6565429055183682,0.5029872669125566,0.27246134504705577,positive
0.7469789798375047,0.8089773294928764,0.48,0.5,0.8343623567055841,0.5722569421708567,0.2941581861778781,positive
0.67,0.8423411530456242,0.48,0.5,0.7304763538033394,0.5130416524045992,0.2613026031124169,positive
0.6364012229597176,0.4984384567118153,0.48,0.5,0.7896541298070642,0.512816040217918,0.2924876226159011,positive
0.6313663401651162,0.7760328568403013,0.8527755139399782,0.5,0.7659915980948102,0.5444297347680339,0.38182152252716706,positive
0.7296503636817913,0.76,0.48,0.5,0.8342316286128642,0.5231796627437145,0.2917847802382329,positive
0.7585743778670849,0.6098150858265577,0.48,0.5,0.8413469627838892,0.5361222590852737,0.22101077664036228,positive
0.6850523220621879,0.7324337825412098,0.48,0.5,0.8252544202263111,0.43546733236338553,0.32759184896061183,positive
0.7101976311378048,0.8001288707895788,0.48,0.5,0.7319439156925189,0.5349883322625772,0.22027517390930085,positive
0.6899850770506771,0.706351057843145,0.48,0.5,0.658835145198339,0.42278170518505515,0.34262598338303746,positive
0.5927988219364919,0.7839094972815405,0.48,0.5,0.7010416146618493,0.36828862236155646,0.38,positive
0.5911566714239423,0.6829786809937148,0.48,0.5,0.7687967002912519,0.37394534854220846,0.4444129447341526,positive
0.7095817253155807,0.8968218046219469,0.48,0.5,0.672221027680201,0.5165486411899227,0.28701663918440595,positive
0.6976945101923966,0.7071411876028912,0.48,0.5,0.6626414260147406,0.43631985552780816,0.34190698085109295,positive
0.648858472766511,0.5535755914690527,0.48,0.5,0.5722857724967418,0.3496901995134356,0.2696307281295211,positive
0.6892195856664685,0.5129087472692414,0.48,0.5,0.6369507869973313,0.4831270762452368,0.4049093496385873,positive
0.7362390440327979,0.8213009941907001,0.48,0.5,0.5783332032675741,0.520334383156636,0.29983675971417934,positive
0.7328059339192204,0.7657168561967269,0.48,0.5,0.859075055427035,0.5765960624577027,0.2918880599022989,positive
0.7202743647726982,0.84,0.48,0.5,0.858929290539602,0.5483916480743527,0.32314336433462365,positive
0.6314446836380262,0.5030590514355524,0.48,0.5,0.7693548409043833,0.4643144461555432,0.2844972460827653,positive
0.6496159346618322,0.6988857696786208,1.0,0.5,0.6729347432490804,0.5804246079284413,0.40072064024675874,positive
0.7379827692526787,0.76,0.48,0.5,0.8346613792428782,0.4653928071288189,0.297068710898386,positive
0.7664782410324601,0.6372142064481725,0.48,0.5,0.8505349567415155,0.5656742248699159,0.22440448165612922,positive
0.6795030294435046,0.8188326683618803,0.48,0.5,0.8066668409690047,0.49108126588190537,0.25987405209956693,positive
0.7458685894902097,0.7717083753972396,0.48,0.5,0.7920639786286061,0.5461934592554832,0.20550567475938894,positive
0.6373215728551891,0.608454144194382,0.48,0.5,0.6736862848133301,0.3893807237665384,0.26339301933073594,positive
0.6234042813102196,0.8023625075758662,0.48,0.5,0.6487632936091142,0.3696992822965014,0.38,positive
0.6326958006303698,0.7652298816737984,0.48,0.5,0.6668695158336186,0.36,0.41249165425262824,positive
0.67,0.8473635305257602,0.48,0.5,0.5729101631757306,0.49213579132862073,0.2497482083381335,positive
0.6903443898925752,0.7097912032741296,0.48,0.5,0.6709893054479049,0.42150230922951704,0.3068377298506049,positive
0.6832018850948804,0.57,0.48,0.5,0.5934165393345708,0.34557144866150874,0.2860397639034172,positive
0.6143222733130117,0.49604040881091943,0.48,0.5,0.5339502056743987,0.483480176866629,0.3438293534996111,positive
0.7333933823801875,0.8259157661894021,0.48,0.5,0.5708213450378492,0.5239063162681735,0.29084182351724575,positive
0.7468176140073776,0.7813486220760731,0.48,0.5,0.8307885797587578,0.5744697113409849,0.29649034716936673,positive
0.6798280632317788,0.8118839033666876,0.48,0.5,0.6968502656224089,0.5222357662937365,0.3313761395268026,positive
0.6349343517426908,0.5080286350049237,0.48,0.5,0.7017472235918555,0.35249538298075506,0.26888671217147614,positive
0.6163182135926898,0.7721462580351862,0.9294899346530601,0.5,0.7662245374990507,0.5853750471383488,0.40104713649414636,positive
0.7324385614239696,0.8374506799292207,0.48,0.5,0.8374034628087466,0.5744479854938159,0.290826635427737,positive
0.7524194703839348,0.7502631602801538,0.48,0.5,0.8784680597215924,0.5424783349441252,0.20619836127866387,positive
0.647809382971782,0.7216062481458652,0.48,0.5,0.8395137876115273,0.43341631083740034,0.2785729579246662,positive
0.7329171623595787,0.78,0.48,0.5,0.6403634930631067,0.5158440859684987,0.3098403181409072,positive
0.6356175974239721,0.6898059520642392,0.48,0.5,0.6956588405041136,0.3606983631391377,0.2671198669518075,positive
0.5714851940066461,0.750317456980495,0.48,0.5,0.6800637072666746,0.399671154428454,0.36192974495692404,positive
0.5814380664523693,0.7067643141017935,0.48,0.5,0.558165118938452,0.36,0.42754146280364175,positive
0.7297907823090403,0.8983444917660441,0.48,0.5,0.5893828205015138,0.5040242115109869,0.28200188201742477,positive
0.7045171957790451,0.6986915008434068,0.48,0.5,0.5294731163197007,0.4018878630557766,0.3415364652758074,positive
0.6367181525737248,0.5477476712921542,0.48,0.5,0.7236777689364913,0.37761602630794266,0.26528367096258604,positive
0.657036126643102,0.6359419815087773,0.48,0.5,0.6500060358888029,0.5311514839500692,0.4037331297418477,positive
0.7402486126315418,0.8463923360455216,0.48,0.5,0.47772875587472935,0.5227788131052349,0.3015197465860188,positive
0.7470695302531475,0.8249948228229205,0.48,0.5,0.8376218719413262,0.576994238624414,0.2981098768514357,positive
0.6954636585214178,0.84,0.48,0.5,0.7980612620809435,0.5459749490529472,0.32960722175908347,positive
0.6334019354197699,0.5051493296587337,0.48,0.5,0.7496213903196101,0.45399732725440317,0.28759194042161906,positive
0.6453957678342415,0.7041777628262214,1.0,0.5,0.5718216702391311,0.5842408486365227,0.5107536882855277,positive
0.7310188013764778,0.8382704014779396,0.48,0.5,0.8325445512164963,0.5761581508701222,0.2935739552374444,positive
0.76746104835356,0.6209508600649355,0.48,0.5,0.8760113310306423,0.5344292290093433,0.17862454000373257,positive
0.643706989592936,0.6989465321677848,0.48,0.5,0.72898869603963,0.4304356640785042,0.27247354292227743,positive
0.7058539898780141,0.8483426801271495,0.48,0.5,0.7494379263603373,0.520374101823574,0.22137057848854552,positive
0.6337266135095988,0.6773329398535338,0.48,0.5,0.5012769848800945,0.40654582157952773,0.3241219785435638,positive
0.5833318591125392,0.7175411463489749,0.48,0.5,0.6803547768478683,0.40044564078019773,0.36826831120081244,positive
0.5244432078231133,0.7309136006120988,0.48,0.5,0.7379827726825718,0.375869330953519,0.4140799751634719,positive
0.7157731664646182,0.8912674858008073,0.48,0.5,0.7111878416930725,0.5140631589485207,0.26493624268715865,positive
0.7004662390901255,0.6967421641403544,0.48,0.5,0.5104739967818881,0.4246419071874678,0.3495902113844312,positive
0.6304689523359457,0.580982327899981,0.48,0.5,0.6949245772697141,0.3794887356363751,0.2690564133683053,positive
0.8431268284948344,0.5224207495520503,0.48,0.5,0.6340879847465654,0.5367133914481047,0.3482092961058286,positive
0.7156257201220521,0.8849574736715408,0.48,0.5,0.6655700877741371,0.5024162388358553,0.260781271112817,positive
0.7322678207205776,0.8113848201841023,0.48,0.5,0.8342525324089424,0.5721701232580886,0.2904010310970194,positive
0.7061204155673564,0.7820697839866391,0.48,0.5,0.6202293645853788,0.5253593492703695,0.3484317897906429,positive
0.633924097975353,0.5067445248360135,0.48,0.5,0.7553988969945221,0.4938222604350409,0.3053037235104492,positive
0.6456090907221865,0.8104159422616904,0.6642127621881215,0.5,0.7643479005747078,0.5468467479394578,0.4818539128710857,positive
0.7425087180963618,0.7690686590356972,0.48,0.5,0.7378828951677994,0.5307563653254337,0.3048534152841568,positive
0.7578928866043814,0.6105421376365311,0.48,0.5,0.8797373080639228,0.5387296802663976,0.1690081084774017,positive
0.7106052595095067,0.76,0.48,0.5,0.8374123334522485,0.5393888751116619,0.274134330956457,positive
0.7258424226321724,0.8701023167672346,0.48,0.5,0.7373301500845327,0.5273039755441138,0.22129213545555304,positive
0.6397940593426371,0.7022024149330263,0.48,0.5,0.647749675813969,0.4159355303867017,0.19232775846656533,positive
0.5996025518593562,0.7919589724480489,0.48,0.5,0.5712411045032587,0.35979086829162343,0.38,positive
0.5772658904640068,0.6833830218615673,0.48,0.5,0.6901639167926843,0.4097295027349574,0.4033793724182304,positive
0.727025421684947,0.8812864346825386,0.48,0.5,0.6764129725161716,0.5059616541981155,0.26949388125726653,positive
0.6417861036037042,0.7056051637419547,0.48,0.5,0.6732318033302795,0.41950052484564837,0.28367052443061097,positive
0.6438208627167207,0.5507196056573356,0.48,0.5,0.394272839116761,0.34290326821176975,0.2768706752452571,positive
0.7099277841977156,0.5139463319681157,0.48,0.5,0.553469112039154,0.5252093476170949,0.33965432495563924,positive
0.7319829116137035,0.8877611785543053,0.48,0.5,0.5784579258254415,0.5186863381014936,0.29765330672280543,positive
0.7192422831817681,0.8388000648929375,0.48,0.5,0.8502130994529614,0.5521090678457835,0.28035648343448266,positive
0.67,0.8793147545025782,0.48,0.5,0.7311629710695068,0.5003630401983264,0.259484881009313,positive
0.63,0.5126412464311203,0.48,0.5,0.7642361052888401,0.41583929765926075,0.28,positive
0.6346405234383333,0.8263840657393112,0.9735326748565215,0.5,0.7613398898307409,0.5533405273146602,0.3898074386421339,positive
0.7331932395857257,0.76,0.48,0.5,0.8374480464484682,0.5281150326527274,0.27351710709029353,positive
0.7504669678336608,0.7437952222147337,0.48,0.5,0.831932402021516,0.5381910545082481,0.16240349201641113,positive
0.6775769234216158,0.822431865287342,0.48,0.5,0.8113385085317701,0.49424187669626396,0.26897403590729335,positive
0.7335100719094533,0.8112062291962918,0.48,0.5,0.7317064758068268,0.5002897415889578,0.20549639342060666,positive
0.6352969491561583,0.7153702897652713,0.48,0.5,0.6000740807758094,0.41376358685155007,0.1934915367785225,positive
0.6076483179172987,0.7643443375183002,0.48,0.5,0.6749663481179845,0.36786920257666084,0.38,positive
0.601169296931735,0.6886146692065411,0.48,0.5,0.6887438479089083,0.39236934833566656,0.37260478574131384,positive
0.67,0.8690330636414356,0.48,0.5,0.7377721834137997,0.5306644768760373,0.3638200754618929,positive
0.6706415599085551,0.7098329199243998,0.48,0.5,0.6785192345067075,0.4466100634728547,0.3580870787730103,positive
0.6833840432466536,0.57,0.48,0.5,0.592883192120159,0.3332104690928808,0.2922976919603676,positive
0.663196881947256,0.522099457833256,0.48,0.5,0.5756611133857391,0.5242568190770326,0.34063514446133175,positive
0.7462878534677104,0.87696541816944,0.48,0.5,0.5475667557148803,0.520389152321404,0.31895434338467016,positive
0.7347607894017127,0.8954490227318649,0.48,0.5,0.7620982029087072,0.5560246853255714,0.29,positive
0.6741772378635926,0.8119712308593419,0.48,0.5,0.75474675839725,0.5618109174934441,0.30519806767154023,positive
0.6323438953370826,0.5165017278798422,0.48,0.5,0.7141848185391672,0.36329733214198257,0.273153642839336,positive
0.6080396280301551,0.674564568183629,0.5912356231997169,0.5,0.5506721772931406,0.5962655896692346,0.52,positive
0.7324915096120109,0.764683047610964,0.48,0.5,0.7195376424192935,0.5370969316124173,0.30312908390524695,positive
0.760489866894455,0.6340351608179791,0.48,0.5,0.8620475981721281,0.5545041922387185,0.2029823878707167,positive
0.6933827548386872,0.76,0.48,0.5,0.8348403910426533,0.5575694188771052,0.2922826808963732,positive
0.738735234603313,0.8292661821051635,0.48,0.5,0.806376482547124,0.5522333427693508,0.20739800641428807,positive
0.6349966640055793,0.7069564209395441,0.48,0.5,0.5482676007249532,0.41888620665366727,0.19063406290807772,positive
0.5279597900439602,0.808840222849452,0.48,0.5,0.5437540349701808,0.3699195062485428,0.38,positive
0.6945253668291661,0.6935794758715829,0.48,0.5,0.7574040942866772,0.3660495050380062,0.3968249143994171,positive
0.6755186152951516,0.8346853173443721,0.48,0.5,0.8213268198092373,0.47215789901732524,0.2629339031406901,positive
0.7039437232286481,0.7000486772515603,0.48,0.5,0.6543286008202259,0.41832351558199926,0.3367109905499193,positive
0.6394158069073099,0.5741058819494874,0.48,0.5,0.6954480289962626,0.3493014844221107,0.2789230316541307,positive
0.6426367899929442,0.4926760880142232,0.48,0.5,0.7355463966259599,0.4530223444565754,0.3203942754013381,positive
0.7385836619130604,0.8908533730735577,0.48,0.5,0.6440864898843593,0.5002641791275682,0.2893839397810188,positive
0.6802676339951572,0.84,0.48,0.5,0.8315069841610013,0.5647465154049368,0.3525690355484734,positive
0.6771907849515472,0.84,0.48,0.5,0.7738748205391498,0.5674173004056872,0.32029442139341635,positive
0.6179372292051665,0.49,0.48,0.5,0.7023261138004899,0.45,0.31734441302254984,positive
0.6002955903287454,0.8204539758836386,0.7189447277529033,0.5,0.7455480776108847,0.5639962189394768,0.39535777126500665,positive
0.7460014117261702,0.7703436862818419,0.48,0.5,0.7864718491671081,0.5479915703784217,0.19744173901848494,positive
0.7571418211318675,0.571602362717691,0.48,0.5,0.8131625971606317,0.5387558857288749,0.1870369157565971,positive
0.687814507494584,0.7529058888949535,0.48,0.5,0.8096451144954744,0.4409015236068831,0.28413712996828994,positive
0.7132771561074471,0.8468357088020262,0.48,0.5,0.7402387421678981,0.5323694741391536,0.15585126519545514,positive
0.6301474175784946,0.6345304377320007,0.48,0.5,0.6771878839445171,0.36752903938265785,0.2695668631818383,positive
0.5577805247308629,0.7843580785303546,0.48,0.5,0.7312102024488772,0.37294310500375144,0.3878191769254765,positive
0.6101673630222962,0.6924693245725642,0.48,0.5,0.7251218812815916,0.36,0.435877042635847,positive
0.6977861103246369,0.8864209646272109,0.48,0.5,0.6334218938014828,0.5281513480110372,0.25438219814417606,positive
0.6994590479129713,0.7080021294131525,0.48,0.5,0.5366223756401288,0.43716894892964636,0.3339453165974383,positive
0.6300414686556547,0.6526402867619426,0.48,0.5,0.6609343096009411,0.406027082865911,0.26242230723263793,positive
0.6517247555133521,0.5329190863015336,0.48,0.5,0.6542219780700262,0.489811874171263,0.3428517197802216,positive
0.7399806985768265,0.8784760018518498,0.48,0.5,0.5750939940199916,0.5267316489655023,0.3028098685740911,positive
0.7079281421290122,0.7812376337231769,0.48,0.5,0.8432295310669972,0.4785483679596956,0.2887801031839689,positive
0.7470047331477896,0.7661380722308738,0.48,0.5,0.8268160289448543,0.5579376311859202,0.35066122520909093,positive
0.63,0.6436340769992691,0.48,0.5,0.6879828223845353,0.4398842766418033,0.28,positive
0.6182691565080017,0.7629876811851263,0.7977419278309074,0.5,0.5352571494588902,0.560825342708629,0.5389911904583096,positive
0.7088987311552793,0.76,0.48,0.5,0.8342950296771917,0.4822637656049494,0.2822927888370345,positive
0.7438155140446051,0.61363820315886,0.48,0.5,0.7770605086563842,0.5301761233598126,0.17789225231779485,positive
0.6557995816915423,0.7454924231695538,0.48,0.5,0.6585876418731551,0.4161972785224646,0.276161638972934,positive
0.7031038392553448,0.8205954118531598,0.48,0.5,0.7390133530999408,0.5383530078301765,0.23129709149219943,positive
0.6381207245201714,0.686276290101463,0.48,0.5,0.6378417733342138,0.4006472017283278,0.3193999105852511,positive
0.5369543124754566,0.8026517016915554,0.48,0.5,0.7317075401473359,0.36520542240534454,0.3885024733392698,positive
0.6583317817152747,0.6843201293294938,0.48,0.5,0.7656800807800879,0.38463376124129284,0.43404581401054293,positive
0.7296361645222388,0.8924357348745107,0.48,0.5,0.5862619784806111,0.52319891275692,0.27821649026039474,positive
0.6858255505115728,0.7036065120087353,0.48,0.5,0.5320584401581001,0.44506325863353347,0.33003923538458085,positive
0.6323833586033023,0.5392343865928889,0.48,0.5,0.7380302231441037,0.4164175088435972,0.2795685912907001,positive
0.6030456346181599,0.5068006483965685,0.48,0.5,0.6304223075537354,0.48943445707984745,0.34873433460438696,positive
0.6981710597755074,0.8938911964240278,0.48,0.5,0.5822196452816147,0.5038845576876035,0.2824175404949584,positive
0.7328513491348528,0.842758933270119,0.48,0.5,0.7758615707120101,0.5359719776300272,0.29,positive
0.6856767196016407,0.84,0.48,0.5,0.816911389850283,0.5440632607137403,0.3662922852387026,positive
0.6351623402452828,0.49251537440215226,0.48,0.5,0.7532668874700446,0.5001411769270664,0.3130094096537287,positive
0.6008368237367608,0.7021066864003065,0.6208583298063044,0.5,0.7020848133719771,0.6259015713552581,0.52,positive
0.7494829468509562,0.7707667958580284,0.48,0.5,0.8407193683041568,0.5701557215957687,0.2933754540307021,positive
0.7657455243487652,0.6883371965356397,0.48,0.5,0.8418201995091371,0.5480548339897761,0.26334076176775884,positive
0.6752240092185966,0.8272676188067634,0.48,0.5,0.8242778065368028,0.48083581739005965,0.2682522439440121,positive
0.7314632837461125,0.7925524997586897,0.48,0.5,0.8261351052735735,0.5644822508585383,0.28852780805138706,positive
0.6692635087970488,0.6866884916226688,0.48,0.5,0.5338889246049197,0.40587053867361744,0.30250818837166477,positive
0.5265041608714781,0.8060863470563081,0.48,0.5,0.6168720304930235,0.3669886014958538,0.38,positive
0.5394433255610568,0.7891508595676076,0.48,0.5,0.7467933809976877,0.3673053524986517,0.42812349392098625,positive
0.67,0.8641565375806981,0.48,0.5,0.7386739250529231,0.5165654518438122,0.31557307042149013,positive
0.708488508773396,0.6731087767741218,0.48,0.5,0.575081219056568,0.40725109259254966,0.3439252247359927,positive
0.6590510969089449,0.57,0.48,0.5,0.518231856333242,0.335360407580172,0.2679483064369785,positive
0.7322893857233955,0.5172124783740323,0.48,0.5,0.6062844682812832,0.5339675410762961,0.3421170641961288,positive
0.7343288546481029,0.8458229245457382,0.48,0.5,0.5737087645565758,0.5223627994244056,0.2961132986794271,positive
0.7360291949239387,0.7706058879275361,0.48,0.5,0.8473424680862759,0.5796118153300136,0.29889433708410457,positive
0.6997753668907114,0.84,0.48,0.5,0.7968673133871,0.5534624412644207,0.3066424551000815,positive
0.6225152443812643,0.49,0.48,0.5,0.6999298289592439,0.45,0.32725709091827065,positive
0.6096920389757962,0.6220410637624227,0.8227533412892519,0.5,0.7693185263615339,0.635207067405506,0.52,positive
0.6950590461066093,0.76,0.48,0.5,0.8376662572351412,0.5309734257924337,0.2911506790643896,positive
0.751104384945309,0.7241552499024673,0.48,0.5,0.8661231991868049,0.5738858006102792,0.2050139538032837,positive
0.6951033555627474,0.7437233801570606,0.48,0.5,0.8193402462599262,0.43383615406554715,0.34823251139828176,positive
0.7111018802550164,0.7906452351900134,0.48,0.5,0.7482023552435296,0.5016640887801862,0.20659951397957244,positive
0.6374664710728711,0.6351928884357597,0.48,0.5,0.6878308185043229,0.344195066814995,0.269488358783875,positive
0.5394303212663673,0.8078368050471267,0.48,0.5,0.7652374887402876,0.3692772481114119,0.39251065542217317,positive
0.6159509270278952,0.6839610101199084,0.48,0.5,0.6503044975219534,0.4092448805495914,0.31730470138758604,positive
0.7227713223585638,0.8966153471691097,0.48,0.5,0.7032535880924684,0.526520962632942,0.27776016952199617,positive
0.6458377507780667,0.707883381177495,0.48,0.5,0.6584015239554205,0.41052710772011347,0.34171850806769954,positive
0.6604182728841523,0.57,0.48,0.5,0.6880508468112654,0.33208305888614414,0.3054289806091379,positive
0.6399531147601855,0.505911477441695,0.48,0.5,0.6183951589717857,0.4667416856963747,0.3526051253113465,positive
