@relation glass4
@attribute RI real [1.51115, 1.53393]
@attribute Na real [10.73, 17.38]
@attribute Mg real [0.0, 4.49]
@attribute Al real [0.29, 3.5]
@attribute Si real [69.81, 75.41]
@attribute K real [0.0, 6.21]
@attribute Ca real [5.43, 16.19]
@attribute Ba real [0.0, 3.15]
@attribute Fe real [0.0, 0.51]
@attribute Class {positive, negative}
@data
1.51588824,12.87795,3.43036,1.40066,73.282,0.68931,8.04468,0.0,0.1224,negative
1.52212996,14.20795,3.82099,0.46976,71.77,0.11178,9.5726,0.0,0.0,negative
1.52222108,13.21045,3.7716,0.79076,71.9884,0.13041,10.2452,0.0,0.0,negative
1.51755118,13.39,3.65935,1.1888,72.7892,0.57132,8.27064,0.0,0.0561,negative
1.52099096,13.68925,3.592,1.12139,71.9604,0.08694,9.40044,0.0,0.0,negative
1.51755118,13.1506,3.60996,1.05077,73.2372,0.57132,8.23836,0.0,0.0,negative
1.51910022,13.90205,3.73119,1.17917,72.1228,0.0621,8.89472,0.0,0.0,negative
1.51898632,13.58285,3.34954,1.23053,72.078,0.58995,8.90548,0.0,0.0,negative
1.51215232,12.991,3.47077,1.12139,72.9796,0.621,8.34596,0.0,0.1581,negative
1.51761952,13.88875,3.60098,1.35893,72.7276,0.47817,7.82948,0.0,0.0,negative
1.51784732,12.67845,3.66833,1.15991,73.1084,0.60858,8.70104,0.0,0.0,negative
1.51720948,13.3767,3.5022,1.15028,72.8508,0.50301,8.43204,0.0,0.0,negative
1.51746006,12.83805,3.5022,1.14065,73.2708,0.5589,8.5504,0.0,0.0,negative
1.52210718,13.72915,3.83895,0.72014,71.7588,0.16767,9.74476,0.0,0.0,negative
1.51823458,12.8713,3.47975,1.29152,72.9516,0.60237,8.43204,0.0,0.0,negative
1.51919134,14.417,3.57853,1.36856,72.078,0.5589,8.30292,0.0,0.0,negative
1.51761952,12.79815,3.65935,1.26905,73.0076,0.60237,8.56116,0.0,0.0,negative
1.51750562,12.81145,3.56955,1.3493,73.0188,0.621,8.59344,0.0,0.0,negative
1.51793844,12.7915,3.5022,1.12139,73.03,0.63963,8.7656,0.0,0.0,negative
1.51837126,13.1373,2.84217,1.27868,72.8508,0.55269,9.06688,0.0,0.0,negative
1.5215149,13.05085,3.65037,0.87101,72.218,0.19251,9.85236,0.0,0.0867,negative
1.51595658,12.7915,3.60996,1.61894,72.9684,0.63963,8.0662,0.0,0.1326,negative
1.51734616,13.0176,3.53812,1.68956,72.7276,0.54027,8.4428,0.0,0.0357,negative
1.5177562,12.85135,3.47975,1.23053,72.9684,0.60858,8.56116,0.09135,0.1122,negative
1.51777898,13.21045,3.38995,1.33004,72.7612,0.58995,8.59344,0.0,0.0,negative
1.51755118,13.4831,3.74017,1.16954,72.9908,0.58995,8.03392,0.0,0.0,negative
1.5215149,13.05085,3.65037,0.87101,72.3188,0.19251,9.85236,0.0,0.0867,negative
1.515706,12.71835,3.46179,1.56116,73.198,0.67068,8.08772,0.0,0.1224,negative
1.51910022,13.88875,3.52914,1.32041,71.8092,0.50922,8.77636,0.11025,0.0,negative
1.51869018,13.1905,3.37199,1.17917,72.722,0.57132,8.83016,0.0,0.0816,negative
1.52171992,13.5097,3.8614,0.88064,71.7924,0.22977,9.54032,0.0,0.0561,negative
1.51755118,12.99765,3.60098,1.35893,72.9908,0.57132,8.39976,0.0,0.0561,negative
1.51761952,12.81145,3.53812,1.23053,73.2372,0.57753,8.389,0.0,0.0,negative
1.51784732,13.7745,3.48873,1.27868,72.862,0.60237,8.48584,0.0,0.0,negative
1.5178701,12.73165,3.43036,1.1888,72.9516,0.621,8.75484,0.0,0.153,negative
1.52320062,13.7225,3.72221,0.51149,71.7476,0.08694,10.568,0.0,0.0816,negative
1.5229956,13.3102,3.57853,0.81965,71.9884,0.11799,10.17516,0.0,0.0153,negative
1.52101374,13.6427,4.49,1.09892,71.7812,0.0621,8.75484,0.0,0.0,negative
1.51750562,12.8181,3.55159,1.49054,72.75,0.54027,8.51812,0.0,0.0969,negative
1.52666318,13.9885,3.69976,0.71051,71.5684,0.01863,9.82008,0.0,0.051,negative
1.52171992,13.4831,3.74017,0.8999,72.0108,0.18009,9.60488,0.0,0.0357,negative
1.51761952,12.61195,3.592,1.31078,73.2876,0.57753,8.4966,0.0,0.0,negative
1.51768786,12.55875,3.52016,1.42955,73.1476,0.57132,8.53964,0.0,0.0,negative
1.51807512,13.4299,2.86911,1.1888,72.8396,0.55269,9.0346,0.0,0.0,negative
1.5215149,13.11735,3.57853,0.8999,72.2012,0.22977,9.82008,0.0,0.0816,negative
1.5174145,13.2703,3.61894,1.24016,73.0804,0.55269,8.0662,0.0,0.0,negative
1.51736894,12.7782,3.61894,1.29152,72.7892,0.58995,8.70104,0.0,0.0,negative
1.51768786,12.65185,3.56057,1.30115,73.0804,0.60858,8.69028,0.0,0.0714,negative
1.51755118,12.7117,3.42138,1.19843,73.198,0.58995,8.63648,0.0,0.0,negative
1.51905466,13.6028,3.61894,1.10855,72.638,0.14283,8.75484,0.0,0.0,negative
1.51766508,13.21045,3.69078,1.29152,72.61,0.57132,8.21684,0.0,0.0,negative
1.52226664,14.16805,3.81201,0.78113,71.35,0.0,9.69096,0.0,0.0,negative
1.51966972,14.7732,3.74915,0.29,72.022,0.03105,9.00232,0.0,0.0,negative
1.5190091,13.48975,3.47975,1.3493,71.9492,0.55269,9.00232,0.0,0.0,negative
1.51848516,13.6427,3.87038,1.26905,71.9604,0.54027,8.32444,0.0,0.1632,negative
1.51663998,12.93115,3.53812,1.61894,72.9572,0.63963,8.03392,0.0,0.1071,negative
1.51709558,12.99765,3.47077,1.78907,72.722,0.65826,8.18456,0.0,0.0,negative
1.51689056,12.6718,2.87809,1.70882,73.2092,0.73278,8.53964,0.0,0.0,negative
1.51850794,13.19715,3.62792,1.07003,72.8284,0.57132,8.41052,0.09135,0.0867,negative
1.51812068,12.95775,2.95891,1.42955,72.918,0.60237,8.78712,0.1386,0.0,negative
1.51645774,13.40995,3.55159,1.24979,72.8116,0.6831,8.09848,0.0,0.0,negative
1.51629828,12.7117,3.33158,1.49054,73.282,0.67068,8.23836,0.0,0.0,negative
1.52725546,13.8023,3.15198,0.65915,70.5716,0.08073,11.63852,0.0,0.0,negative
1.51871296,12.93115,3.65935,1.56116,72.5092,0.57753,8.5504,0.0,0.0612,negative
1.5162755,12.99765,3.57853,1.53869,72.8284,0.60858,8.04468,0.0,0.0,negative
1.51618438,13.01095,3.5022,1.48091,72.89,0.60237,8.12,0.0,0.0,negative
1.5170728,13.7225,3.6818,1.81154,72.0612,0.63963,7.88328,0.0,0.0,negative
1.51666276,12.9378,3.60996,1.25942,72.75,0.5589,8.6042,0.0,0.0,negative
1.51689056,13.33015,3.53812,1.60931,72.5428,0.6831,8.10924,0.0,0.0,negative
1.51645774,13.4432,3.60996,1.53869,72.3916,0.65826,8.03392,0.0,0.0,negative
1.5159338,13.25035,3.44832,1.42955,73.17,0.60858,7.86176,0.0,0.0,negative
1.51743728,12.19965,3.25076,1.15991,73.5508,0.621,8.89472,0.0,0.1224,negative
1.51828014,13.23705,3.90181,1.41029,72.33,0.55269,8.31368,0.0,0.051,negative
1.51789288,13.1905,3.90181,1.30115,72.33,0.55269,8.4428,0.0,0.1428,negative
1.51839404,12.85135,3.66833,1.24016,72.5708,0.621,8.67952,0.0,0.1785,negative
1.5159338,13.09075,3.52016,1.55153,72.8676,0.6831,8.04468,0.0,0.459,negative
1.51588824,13.11735,3.40791,1.58042,73.2596,0.06831,8.389,0.0,0.0969,negative
1.51818902,12.6186,2.76135,0.82928,73.8084,0.34776,9.42196,0.0,0.102,negative
1.51846238,13.0974,3.96916,1.1888,72.442,0.60237,8.43204,0.0,0.0,negative
1.52080872,13.78235,2.28092,1.42955,71.9884,0.49059,9.85236,0.0,0.0867,negative
1.51613882,13.922,3.52016,1.24979,72.8788,0.3726,7.93708,0.0,0.0714,negative
1.51591102,12.858,3.52016,2.1197,72.6604,0.68931,7.96936,0.0,0.0,negative
1.52408904,13.8289,2.90054,1.16954,71.1484,0.08073,10.78848,0.0,0.0,negative
1.51652608,13.5629,3.56955,1.47128,72.4476,0.63963,7.9586,0.0,0.0,negative
1.51632106,13.3368,3.56955,1.57079,72.8676,0.60858,7.89404,0.0,0.0,negative
1.51645774,13.4033,3.48873,1.51943,72.6492,0.67068,8.07696,0.0,0.051,negative
1.52739214,11.0226,0.0,0.74903,73.0804,0.0,14.96336,0.0,0.0,negative
1.51686778,13.2304,3.53812,1.48091,72.8396,0.5589,8.09848,0.0,0.0,negative
1.51812068,13.33015,3.84793,1.24979,72.778,0.52164,8.12,0.0,0.0,negative
1.5166172,12.85135,3.51118,1.43918,73.0076,0.6831,8.2276,0.5985,0.1275,negative
1.51572878,14.85965,3.66833,1.74092,71.8708,0.16146,7.35604,0.0,0.0612,negative
1.51625272,13.35675,3.57853,1.49054,72.722,0.44712,8.20608,0.0,0.0,negative
1.51859906,13.35675,3.43036,1.42955,72.2628,0.50922,8.6042,0.0,0.0,negative
1.5173006,12.3526,2.72094,1.62857,72.8676,0.70173,9.22828,0.0,0.0,negative
1.5170728,13.4831,3.47975,1.70882,72.5204,0.621,7.99088,0.0,0.0,negative
1.51591102,13.0176,3.57853,1.5098,73.1196,0.68931,7.9586,0.0,0.0,negative
1.51568322,13.23705,3.48873,1.47128,73.2484,0.37881,8.03392,0.0,0.0,negative
1.51841682,12.93115,3.74017,1.10855,72.2796,0.63963,8.95928,0.0,0.1122,negative
1.53393,12.2994,0.0,0.99941,70.1628,0.11799,16.19,0.0,0.1224,negative
1.5277794,12.63855,0.0,0.66878,72.022,0.0621,14.40384,0.0,0.0,negative
1.52019366,13.98185,1.35149,1.62857,71.7588,0.39123,10.56252,0.0,0.51,negative
1.51800678,13.7092,3.92875,1.53869,71.8092,0.54027,8.20608,0.0,0.0765,negative
1.51591102,12.8181,3.52016,1.90142,72.862,0.68931,7.96936,0.0,0.0,negative
1.51654886,12.7516,2.85115,1.43918,73.2708,0.57132,8.78712,0.11025,0.1122,negative
1.5167311,13.2969,3.64139,1.52906,72.5316,0.65205,8.03392,0.0,0.1479,negative
1.52176548,13.19715,3.6818,1.15028,72.75,0.54027,8.51812,0.0,0.0,negative
1.5167311,12.8713,3.56057,1.64141,73.142,0.65205,7.99088,0.0,0.0,negative
1.51408862,14.24785,3.08912,2.08118,72.2796,1.09917,7.07628,0.0,0.0,negative
1.53124196,10.73,0.0,2.10044,69.81,0.57753,13.29556,3.15,0.1428,negative
1.51846238,13.40995,3.88834,1.33004,72.3804,0.50922,8.2814,0.0,0.0,negative
1.52067204,13.5496,2.08785,1.6703,72.1788,0.52785,9.5726,0.2709,0.0867,negative
1.5167311,12.7915,3.52016,1.53869,73.3604,0.65826,7.9048,0.0,0.0,negative
1.51659442,12.991,3.17892,1.23053,72.9684,0.57753,8.80864,0.0,0.1224,negative
1.51609326,13.33015,3.52914,1.33967,72.6716,0.5589,8.3352,0.0,0.0,negative
1.51663998,13.1373,3.44832,1.76018,72.4812,0.60237,8.37824,0.0,0.0867,negative
1.52121876,14.0284,3.75813,0.5789,71.7924,0.11178,9.64792,0.0,0.0,negative
1.51645774,13.03755,3.39893,1.25942,73.0076,0.52164,8.58268,0.0,0.0,negative
1.52210718,14.188,3.78058,0.90953,71.3612,0.22977,9.1422,0.0,0.1887,negative
1.51796122,13.50305,3.35852,1.62857,71.938,0.57132,8.80864,0.0,0.459,negative
1.51609326,13.42325,3.39893,1.2209,72.6884,0.58995,8.32444,0.0,0.0,negative
1.5193508,13.6427,3.53812,0.74903,72.6492,0.16146,8.89472,0.1512,0.1224,negative
1.51768786,13.64935,3.65935,1.10855,72.7724,0.11178,8.6042,0.0,0.0,negative
1.5183257,13.33015,3.34056,1.53869,72.1396,0.5589,8.99156,0.0,0.0,negative
1.51670832,13.23705,3.56955,1.3814,72.6996,0.5589,8.4428,0.0,0.051,negative
1.51654886,13.40995,3.38995,1.27868,72.638,0.52164,8.64724,0.0,0.0,negative
1.51643496,12.15975,3.52016,1.3493,72.89,0.57132,8.52888,0.0,0.0,negative
1.5196925,12.63855,0.0,1.65104,73.7524,0.37881,11.53092,0.0,0.0,positive
1.5215149,11.02925,1.71069,1.56116,73.4388,0.57753,11.617,0.0,0.0,positive
1.5132002,12.99765,0.0,3.0185,70.7004,6.21,6.92564,0.0,0.0,positive
1.51666276,12.858,0.0,1.8308,73.8812,0.96876,10.17516,0.0,0.0,positive
1.523679,13.4432,0.0,1.58042,72.218,0.32292,12.24108,0.0,0.0,positive
1.52042146,13.3767,0.0,1.40066,72.2516,0.32913,12.49932,0.0,0.0,positive
1.51994308,13.2703,0.0,1.76018,73.03,0.47196,11.31572,0.0,0.0,positive
1.52171992,11.56125,1.88131,1.56116,72.862,0.47196,11.41256,0.0,0.0,positive
1.51115,17.38,0.0,0.34136,75.41,0.0,6.64588,0.0,0.0,negative
1.51937358,13.789,2.41113,1.1888,72.7612,0.0,9.76628,0.0,0.0,negative
1.51828014,14.46065,2.24051,1.61894,72.3804,0.0,9.26056,0.0,0.0,negative
1.51853072,14.08825,2.19112,1.66067,72.6716,0.0,9.32512,0.0,0.0,negative
1.51299518,14.4008,1.74212,1.53869,74.5476,0.0,7.59276,0.0,0.0,negative
1.51905466,14.0018,2.38868,1.56116,72.3692,0.0,9.5726,0.0,0.0,negative
1.51509094,15.15225,0.0,2.25131,73.5004,0.0,8.3352,0.63,0.0,negative
1.52247166,14.85965,2.2001,2.05871,70.258,0.75762,9.75552,0.0,0.0,negative
1.52064926,14.3609,0.0,2.02019,73.422,0.0,8.4428,1.64115,0.0,negative
1.51130946,13.68925,3.20137,1.81154,72.8116,1.75743,5.43,1.1907,0.0,negative
1.5163894,14.36755,0.0,2.73923,72.8508,0.0,9.45424,0.53865,0.0,negative
1.52315506,13.4432,3.34056,1.23053,72.3804,0.60237,8.83016,0.0,0.0,negative
1.51545542,14.14145,0.0,2.68145,73.3884,0.08073,9.06688,0.6111,0.0255,negative
1.5165033,14.38085,0.0,1.93994,73.6124,0.0,8.47508,1.5687,0.0,negative
1.51682222,14.5604,0.0,1.97846,73.2876,0.0,8.51812,1.5687,0.0357,negative
1.51645774,14.93945,0.0,1.86932,73.1084,0.0,8.66876,1.3797,0.0,negative
1.5171867,14.75325,0.0,2.00093,73.0188,0.0,8.52888,1.59075,0.0408,negative
1.5161616,14.95275,0.0,2.27057,73.2988,0.0,8.7118,0.67095,0.0,negative
1.51711836,14.2279,0.0,2.08118,73.3604,0.0,8.61496,1.6695,0.0,negative
1.52365622,15.79065,1.83192,1.31078,70.4316,0.3105,8.61496,1.67895,0.0,negative
1.516845,14.9195,0.0,1.9913,73.58,0.0,8.39976,1.59075,0.0,negative
1.51830292,14.3875,0.0,1.82117,72.862,1.40967,6.47372,2.8791,0.0,negative
1.51602492,14.853,0.0,2.37971,73.282,0.0,8.75484,0.63945,0.459,negative
1.51727782,14.70005,0.0,2.34119,73.282,0.0,8.94852,0.6615,0.0,negative
1.51622994,14.14145,0.0,2.88047,72.61,0.08073,9.18524,1.06155,0.0,negative
1.51837126,14.321,3.25974,2.21921,71.2492,1.45935,5.78508,1.62855,0.0,negative
1.51732338,14.95275,0.0,1.7987,72.9908,0.0,8.61496,1.5498,0.0,negative
1.519438244687914,13.445185927535867,1.7785707959065065,1.7607485292892586,72.18366686181537,0.5758062333937348,9.675568237170312,0.20454845802220656,0.1426674720122369,positive
1.516494309862146,13.39863711385244,0.0,2.92845620439457,70.73726504664569,1.8114133443921308,6.752932058498984,0.487265391221543,0.0,positive
1.5216167887997796,11.781097233330946,1.1050430977178092,1.4036559130776192,73.3253167109318,0.43313703677234766,11.386980781436641,0.0,0.0,positive
1.520411096090965,13.360407229063982,0.0,1.4012902591888268,72.62527881790291,0.3895128317276475,11.644063612870724,0.0,0.0,positive
1.5177271091352,12.799274775062544,0.0,1.6685957391223079,73.78838339627455,0.7390716655278589,10.679058356558809,0.0,0.0,positive
1.5199537779442105,13.325560666616548,0.0,1.7434042572919617,72.97980832119727,0.4429234485089511,11.537368164574394,0.0,0.0,positive
1.5192872750798545,12.763048176417014,1.742654046613727,2.050284551902428,72.47421584239156,0.723682130543859,9.889121067190489,0.027321750905376654,0.11174036101962975,positive
1.5221716136831605,13.290637882287522,0.0,1.7427038356174034,72.28975589704933,0.33349750094843134,11.472539341262374,0.0,0.0,positive
1.5216678220604276,11.860449799918866,1.431684901594267,1.6927000487619872,73.00784347402555,0.47196,11.346393936748987,0.0,0.0,positive
1.513180022386931,13.005062908195764,0.0,3.0379689638506586,70.63459717748462,6.21,6.936526252988397,0.0,0.0,positive
1.518858937412639,13.684890022041381,0.0,0.65574775687084,74.11815947044322,0.04518150698769546,11.033920283307257,0.0,0.0,positive
1.5206271383410648,13.081105304271713,1.7459878656639345,1.823160860369914,72.10223434816626,0.7366393441340472,9.740341062740175,0.1750652771915882,0.14562580388009083,positive
1.5155085549331773,14.073278453490387,0.0,2.9152386807961133,72.04484319104273,0.7506605763616552,7.27347003709353,0.30918556994349045,0.0,positive
1.5215169351517919,13.102065162259262,1.4885100688683883,1.5156698981444618,72.44219821636916,0.3331335332503653,11.427324138898921,0.0,0.0,positive
1.5201846155664753,13.370709721992124,0.0,1.6073598619365177,72.59478448996457,0.4631860748255847,11.549114797670072,0.0,0.0,positive
1.5174295904048853,12.879202001643586,0.0,1.610515319886688,74.20568934383179,0.9051525455670644,10.808757296110349,0.0,0.0,positive
1.519809865856666,13.501219772906833,0.0,1.4313186166530418,73.26705977672508,0.2632955575442052,11.222840636495235,0.0,0.0,positive
1.5193519673973188,13.698362348102053,1.9436988154683117,1.4230465099307819,72.70623574269437,0.4430222289001078,9.970094547725873,0.0,0.0,positive
1.525622153902661,13.552078189220728,0.0,1.5541336233151308,72.08358761015509,0.30993719530089,12.537391664767556,0.0,0.006141221278367788,positive
1.521642269619904,11.117093332490748,1.7526269180543033,1.56116,72.90047701920514,0.48969978138001524,11.472060426989975,0.0,0.0,positive
1.5146290319806517,12.759614140138167,0.0,2.6982593668549053,74.48554946156064,3.143540146725374,7.8188742364581385,0.0,0.0,positive
1.5182507694229777,13.642692534607813,0.0,0.9556993152946306,74.30179560300094,0.11175629751529126,11.397235447898646,0.0,0.0,positive
1.5205968973483215,13.538662700914825,1.9214276911412858,1.8262803843914233,72.1788,0.7374636184801067,9.578929018386887,0.24940792076280952,0.15876321304142316,positive
1.5145401290511145,12.822457369728802,0.0,1.889607142652074,71.20889824730914,3.60329635243732,6.992865822651738,0.0,0.0,positive
1.5217103829884042,12.661693100057963,1.4561164979928742,1.4278077392724535,73.11830058213276,0.4515593063452119,11.584893444214217,0.0,0.0,positive
1.5229984517757065,12.836419269711715,0.0,1.449257233984878,72.2415128842693,0.7897249920710092,12.612236481885473,0.0,0.007726851948222218,positive
1.5194560486785929,13.08423946385318,0.0,1.8122479671337952,73.74487249364437,0.519083531034263,11.066350730338767,0.0,0.0,positive
1.5198078470450032,14.491222771895456,0.0,1.5984917318604022,73.1982954852332,0.01789728873887353,11.250209660265973,0.0,0.0,positive
1.5193619632061708,12.7853364141386,1.876042980084157,1.661401952388717,72.68861642421031,0.579299976337039,9.907809322450698,0.0,0.0,positive
1.5214702000005091,13.442616409091103,0.0,1.4954959635340381,72.2378882967296,0.32498464223917345,12.337501773869858,0.0,0.0,positive
1.5217430248149524,13.56582094174679,1.513300064948953,1.4273645811601838,72.48197044377213,0.3643658866303183,11.35843487310473,0.0,0.0,positive
1.517822087087885,13.56313351510032,0.0,2.2544063003128882,71.58422093584261,2.718343717717255,6.586669032112905,1.2094549290128838,0.0,positive
1.5189807356810863,12.797746805967641,0.0,1.5288519925457829,74.24282216343227,0.11139225213022619,11.406106014717116,0.0,0.0,positive
1.5194588020165956,12.838319031395404,1.6916803521959325,2.0820882069797397,72.56945235274273,0.7025515710642454,9.78416714885903,0.03439487511911882,0.011024125797849726,positive
1.5142955967138327,12.161460796637563,0.0,2.380083959445745,70.9363752460307,6.055557375966442,8.608580082526563,0.0,0.0,positive
1.5215453284808171,11.586294904183399,1.0525567511579994,1.4299772242808602,72.89019427360553,0.4210649174399168,11.189786073549923,0.0,0.0,positive
1.523357506655187,12.710129063418153,0.0,1.8332294542620788,72.2275967174112,0.7640285424528761,12.64064126035959,0.0,0.11098550707912178,positive
1.5195518951846962,12.656347670635352,0.0,1.7715117550025896,73.87039420299217,0.9434461348764958,10.223047722072813,0.0,0.0,positive
1.519408625031054,13.631595813509668,0.0,1.8933496105014198,72.97250895450162,0.250529791019629,10.977564003784352,0.0,0.0,positive
1.5191815086771243,13.787736332333326,2.1664874630294615,1.3060435622271367,72.69875580663222,0.277184056811053,9.869236755963804,0.0,0.0,positive
1.5246747657210982,13.527377978262942,0.0,1.57717965490394,72.04523052188529,0.2040141893672988,12.38576177280926,0.0,0.007226756062902367,positive
1.5208886177187848,12.802107421128522,1.572241111469656,1.6339793156471354,72.97522945793118,0.47196,11.404551957545934,0.0,0.0,positive
1.5146781922616195,13.651514750775224,0.0,2.9666699851310034,71.61503953471959,2.5728158036298603,8.109346938045304,0.5822921229601542,0.0,positive
1.5188813075083207,13.348440255035516,0.0,1.1563261799899953,74.37478500972148,0.1880135614507886,11.050630178850382,0.0,0.0,positive
1.5206393092333046,13.363587353711393,1.6840133439063503,2.0399469804520254,72.1788,0.6814345254603678,9.65885717485636,0.26563651424090157,0.1230217640753031,positive
1.5143603277093307,13.995969873392532,0.0,2.951564588816209,71.99843939994554,4.18151334224274,7.993863581495437,0.11086300248889723,0.0,positive
1.5202417473722105,11.452514245859243,1.3037770756613773,1.5857617011787641,73.59487095058414,0.45811619909156187,11.569102382951705,0.0,0.0,positive
1.5208340859131948,12.05177845672465,0.0,1.7761619906560604,72.20106017560191,0.6780354075314785,13.18958732939506,0.0,0.13565676403314478,positive
1.5166838466183712,12.991409126154725,0.0,1.8199055343884991,73.60974622311274,0.8962462869457581,10.405293893780499,0.0,0.0,positive
1.5197566021586502,12.662255841152112,0.0,1.7398809092731469,73.20543932420556,0.39762547654367947,11.422934015550496,0.0,0.0,positive
1.519295825754943,13.42604782790435,1.9421608112572524,1.747489418439652,72.48730490596144,0.5386860940566711,9.689166549240408,0.1126452635587182,0.0024784570657949614,positive
1.5238229949592241,13.543700026889722,0.0,1.3694807603901642,71.55752048391268,0.204793103932419,12.521059568691271,0.0,0.02151806461512901,positive
1.5214634454225153,11.5643638959524,1.8593732428438983,1.635718599590499,72.81836765116334,0.5303954917276115,11.147320432862474,0.0,0.0,positive
1.5131961636256794,12.999222262496113,0.0,3.034437766741855,70.60399003012306,6.21,6.956481918745893,0.0,0.0,positive
1.5185776325084537,12.763917638853412,0.0,1.7495370552914113,73.81842570016313,0.8348771861128912,11.323412150563735,0.0,0.0,positive
1.5197896923735237,12.809572551806754,1.742218933008354,2.1423641801616657,72.54909237138094,0.6582740605429446,9.874888059944851,0.13747589849129235,0.20774480707630555,positive
1.5146098100397125,14.030277461544843,0.0,2.921499177452992,71.01121026769431,1.614190834819948,8.772982515118532,1.0268533674875164,0.0,positive
1.5203502310235377,12.289049938229027,0.8877414960689191,1.6156863176304326,73.71153272175029,0.5693020250498353,11.612764171293689,0.0,0.0,positive
1.5218469387769984,12.518333702270388,0.0,1.6983369055992497,72.24310796044331,0.3339248485144341,12.706391691433545,0.0,0.17233576885821839,positive
1.5179464823761146,13.368095091129462,0.0,1.3717605096622765,74.19628612825613,0.07225401559287192,10.91978353563646,0.0,0.0,positive
1.5192754834276023,13.339560710201186,0.0,1.9595831640401045,72.76140818873321,0.053875519311750386,10.962266728414015,0.0,0.0,positive
1.5198970890977344,13.125522703677088,2.02143507907033,1.6739950667656884,72.67781215993996,0.5425594215076609,9.968013268257163,0.20813439341409853,0.08218137482563276,positive
1.5227538185881042,13.140574678099087,0.0,1.6073425994872184,72.55830877186801,0.3694942730624715,11.897873277125832,0.0,0.0,positive
1.521529550873218,11.479878395928141,1.7348838694832065,1.56116,73.0583391174397,0.49189224838856954,11.512508507930988,0.0,0.0,positive
1.5131644791360417,12.997828005447792,0.0,3.0278091424574876,70.51190304987088,6.21,6.936842690983018,0.0,0.0,positive
1.519732354599085,12.695372704255739,0.0,1.7412913851498728,73.58888548154013,0.40953226967310485,11.373519603961709,0.0,0.0,positive
1.5206391228067617,13.011179168939375,1.7433534803560795,1.6277393890588026,72.00195136743002,0.6331471900774234,9.833036896117623,0.21600831296912018,0.19967446122901605,positive
1.5131840827408116,13.015389153683664,0.0,3.031741590440363,70.50561873221025,6.21,6.9365205469076745,0.0,0.0,positive
1.5215574944040104,11.853442659913206,1.135190762513564,1.458771477804771,73.42230796680504,0.43175423706319005,11.420720662403456,0.0,0.0,positive
1.520322699098712,13.337327974704007,0.0,1.6638851872897575,72.7805607846591,0.3435271678995358,12.447969065394568,0.0,0.0,positive
1.5173682673609326,13.969682194319285,0.0,1.9212216656134833,73.28658753069426,0.6550724014398434,10.540917884215828,0.0,0.0,positive
1.5197295109625018,13.606400582360935,0.0,1.3016160316255276,73.45575724271706,0.21906801630100609,11.292988002863332,0.0,0.0,positive
1.5195217144573876,12.83061659719929,1.6627354262471878,1.8636100184877689,72.54253998885358,0.6405141683647213,10.085036025013341,0.04447655012310469,0.11885625849846934,positive
1.5220916653548369,13.32830304363962,0.0,1.691362440923653,72.93087116258563,0.37538840191395334,11.599857642835756,0.0,0.0,positive
1.5208458051436713,12.257203521907519,1.8593725024463599,1.787521279466761,72.82846067901005,0.5893753834142976,10.581417160882733,0.0,0.0,positive
1.515053233701981,13.399153495541208,0.0,3.027787412142519,71.13036794906634,5.952011818522553,7.008417794874933,0.8926369074765834,0.0,positive
1.519481050095103,13.694007299016484,0.0,0.9426835099353147,74.196896089982,0.31676052278616507,11.278812333521298,0.0,0.0,positive
1.5206348758991772,13.300835176256834,1.76684031471311,1.92396740213302,72.1788,0.7324131876173808,9.579420679758886,0.27028847174285053,0.11920582840719104,positive
1.5144967877742717,12.752713613973727,0.0,2.770399487374431,71.82854510325562,5.768440783201481,7.1107639131838845,0.0,0.0,positive
1.5217574948922084,11.853472782245847,1.3653446207747961,1.5112532572062396,72.88333557153227,0.34966362402498763,11.302888680275776,0.0,0.0,positive
1.5206798105588393,13.381793701425705,0.0,1.4130401935939179,72.2277302754088,0.32513192536509533,12.357679964588403,0.0,0.0,positive
1.5179188666600874,12.6698664383432,0.0,1.7034789105757873,73.85698824624977,0.6121338197277753,10.393379346449175,0.0,0.0,positive
1.5197395842327661,13.995026243666635,0.0,1.4676400908413096,73.10852362860675,0.04097707271357015,11.256040368579926,0.0,0.0,positive
1.5200566907810895,13.202595346612942,1.9640791806469295,1.6706016379808872,72.4879115940652,0.5350402297094989,9.74698855611604,0.07259465252433545,0.023204660326254962,positive
1.5251163516371917,13.64667917186412,0.0,1.509357979948266,71.2923024589692,0.2115297725582579,13.336576359284622,0.0,0.014032285719180722,positive
1.5214815740006273,12.928570411546996,0.909902173762104,1.5975329232018143,72.90949569645768,0.47196,11.386268344801085,0.0,0.0,positive
1.514689943364666,12.666229005305846,0.0,1.9401786164395354,70.92476136822913,5.286922178010886,7.739251375687031,0.0,0.0,positive
1.519917918155189,12.737282099994271,0.0,1.6873980414365353,73.64586386675883,0.4646630129431639,11.40280713656646,0.0,0.0,positive
1.520307224225479,13.333865694563261,2.1728301344246717,1.9954126639296783,72.21709707803734,0.11100912448052047,9.677501644036193,0.18514915233550133,0.021567425847233507,positive
1.5141998801643834,12.14554523921965,0.0,2.241985733389366,72.48810406910447,3.9736699405396996,7.2736780724434285,0.0,0.0,positive
1.521129150582778,11.318822742930811,1.8161217597599573,1.5824339151071387,73.36447583907284,0.5852454204958529,11.54913781934947,0.0,0.0,positive
1.5213163111367982,11.601856384322092,0.0,1.8127761449622868,72.23977454253365,0.3567631804531828,12.608216231816595,0.0,0.16965109520343427,positive
1.5176243344263738,12.96742418414673,0.0,1.9978835898712075,73.72719679782774,0.886772173433157,10.347461251351023,0.0,0.0,positive
1.519832092379484,13.000221062947162,0.0,1.6809596168834608,73.66007178802846,0.4103983569406563,11.51124205776105,0.0,0.0,positive
1.519850073942785,12.790039677308595,1.6872449241014222,2.0912762373469005,72.6860145145141,0.6067330966278814,9.89902280205949,0.170861164901578,0.0954409418726496,positive
1.521615827244524,13.397163150526769,0.0,1.4133296925127863,72.2296060394928,0.32748662477925883,12.442654916312508,0.0,0.0,positive
1.5214212890865162,12.721269229431375,1.8684578702055676,1.7362730528610735,72.86176847186589,0.5878840316946949,10.894228214322304,0.0,0.0,positive
1.5155947876740679,13.594295998750459,0.0,2.9360186683204113,71.6808604892059,3.537742786751763,7.809670463090709,0.12481279156699289,0.0,positive
1.517948213038266,12.708289461055733,0.0,1.7424666518516245,73.86713795343067,0.9051882399922375,11.288777069616046,0.0,0.0,positive
1.5204412376018281,13.607658696739652,2.10526707058795,2.1091499935359743,72.29658319081457,0.4145540051952256,9.591147999339608,0.00822718629168312,0.09856815207558561,positive
1.513196707562243,13.00162649772543,0.0,3.0389581441748987,70.51126720274365,6.21,6.949918637494132,0.0,0.0,positive
1.5193365919916932,12.272799101438506,1.7369082431776206,1.5950106259857022,73.17038961332688,0.5810842853954433,11.395410913330734,0.0,0.0,positive
1.5224097542425181,13.416733460587153,0.0,1.5384594790709603,72.24252697093368,0.32448140221297,12.373293278519341,0.0,0.0,positive
1.519199337833833,12.783846189560844,0.0,1.7829546594133483,73.81848547617741,0.6702013663002102,10.650279795888478,0.0,0.0,positive
1.5212207541976768,13.302874933021101,0.0,1.7144657291847092,72.5218320481503,0.4161349672540881,11.735308716263638,0.0,0.0,positive
1.5201440464976401,13.128635103167609,1.877572847853721,1.78325779313346,72.59001774600202,0.5890051141357795,9.850200336741157,5.474095806408534E-4,0.0756863279096665,positive
1.5238006580000307,13.556592486482723,0.0,1.3800853826188322,71.78672144449749,0.28917424055077307,13.13076747398637,0.0,0.024095835903802883,positive
1.5215351922301636,11.140396916502915,1.8073084898723593,1.56116,73.04507667265388,0.5472231074004273,11.533167047288082,0.0,0.0,positive
1.5131782329651173,13.017319412703054,0.0,3.0190811636971526,70.64045079659545,6.21,6.94627271261246,0.0,0.0,positive
1.5223779567851814,13.357418246735119,0.0,1.6336211830775977,73.23330912556112,0.36088729413156506,12.178462680580475,0.0,0.0,positive
1.5206632479545124,13.420178581307347,1.6425232861403716,2.0046562651968856,72.1788,0.6806656793440047,9.67606104033131,0.2547514314900974,0.1761599357017739,positive
1.5138659605602225,13.0542072833858,0.0,2.987359527122616,71.7028898877375,0.3619504409601353,8.886638494892749,0.4056036816934781,0.0,positive
1.520535958944095,12.395935333359436,1.1588527025701896,1.6369768145521852,73.70703613604127,0.5179857536211497,11.600014987209232,0.0,0.0,positive
1.5236223050821844,12.445781716152485,0.0,1.7841093204281733,72.24531740499121,0.7228250696548393,12.513885750388347,0.0,0.09808944866005104,positive
1.5194001674236066,12.946708132883142,0.0,1.763314171476556,73.8551195788754,0.7256533904115623,10.419862165983178,0.0,0.0,positive
1.5191818284085665,13.29512061993454,0.0,2.052358687528898,72.74144293264382,0.037304037009627866,11.017602974233636,0.0,0.0,positive
1.5194583009063285,12.925008029807255,2.217995728423806,1.5727973265105346,72.46043985917952,0.5470540327151872,9.892649549477378,0.0,0.07925656115955221,positive
1.5209398628561077,13.293131374274834,0.0,1.6235797607438562,72.74409670454165,0.33210961910591896,11.385725894686658,0.0,0.0,positive
1.5214325373556206,12.674014287462732,0.32434481188190123,1.6835744627266602,72.94194341214806,0.47196,11.333237828142126,0.0,0.0,positive
1.5131783432981873,13.000742275900993,0.0,3.035115238970081,70.67524851740929,6.21,6.945909917716403,0.0,0.0,positive
1.5209795161178656,13.37454421210184,0.0,1.6118484469663676,72.74017119705522,0.3492053511662312,12.131485499323503,0.0,0.0,positive
1.5206152138033913,13.522511493826629,1.8533789163521612,1.8053035693311128,72.1788,0.615541791516872,9.604527384328327,0.24465392605290182,0.1899839908930998,positive
1.5145165781639751,13.815066390579599,0.0,2.1881022809131068,71.06916391694888,2.959530461938083,6.633072882002911,1.3107562433657847,0.0,positive
1.5215836023728182,11.429158233696919,1.1590178122559975,1.4039831348227285,72.48145503193011,0.3419224437938817,11.250552269699885,0.0,0.0,positive
1.524775529226717,13.378893215618133,0.0,1.3979991265732574,71.55996059426786,0.24445674302345977,13.165422508958986,0.0,0.03707758953309998,positive
1.5171893282987379,13.079938973254327,0.0,1.826140180984424,73.36624707461662,0.9096095716482451,10.77488098186762,0.0,0.0,positive
1.5219532708143615,13.379016986456714,0.0,1.6123881633960562,72.52919319168647,0.4567624966897535,12.205069400786554,0.0,0.0,positive
1.5205562737572456,13.510189530339133,2.033125160260532,1.7957533746513106,72.44404359283823,0.5711378225127949,9.675298016085366,0.01414517171559026,0.030376178556188186,positive
1.5206498099890213,13.414869838590171,0.0,1.7468313622194847,72.55906432010765,0.3578534161038789,11.934534513613865,0.0,0.0,positive
1.5204361135970264,12.146288335271638,0.4524165853621236,1.7211646770561462,72.92180480227145,0.47196,11.391826358667387,0.0,0.0,positive
1.5155095035167228,12.080326738304976,0.0,2.1634585318406767,71.2823489444583,4.659704996297817,8.037732898343686,0.0,0.0,positive
1.5186713953255964,12.77586555669835,0.0,1.7155824750515651,73.83130349900867,0.3964045972432932,11.501111437319027,0.0,0.0,positive
1.520739688988026,13.331709593928975,2.2116184743581013,1.6202989762843432,72.07225897341007,0.7238469696122685,9.825410961205364,0.22265695969238425,0.22043216732631263,positive
1.5142173657512432,12.566877961860767,0.0,2.10426038689915,73.23255886030528,5.209634755693558,8.816049129410981,0.0,0.0,positive
1.5216284518988785,11.209661957925542,1.683611523089005,1.5338253590377369,73.1392193663448,0.37853228312087683,11.378374551915506,0.0,0.0,positive
1.5223806162489126,12.779474418670072,0.0,1.467598841595835,72.24627643556656,0.611649229795897,12.94695046330185,0.0,0.06547971643738233,positive
1.5173775685840942,12.675802994480572,0.0,1.7145500785714773,73.82005143587025,0.9240987439842615,10.849740266471228,0.0,0.0,positive
1.519796785326727,13.645864388644364,0.0,1.6900452824501855,73.04532862594475,0.43158771457297435,11.276293000086193,0.0,0.0,positive
1.5191958668910255,13.120924505048025,2.3360322801008615,1.274441383972549,72.7481512176375,0.2523170543416964,9.777120142117584,0.0,0.0,positive
1.5221892248461018,13.415026364487856,0.0,1.4971838286149222,72.25130411937712,0.3230156433489968,12.307797090341637,0.0,0.0,positive
1.5217375097704413,12.080737039194611,1.5491424927156072,1.4029932992629026,72.62251401453014,0.4548423364228421,11.297637302599258,0.0,0.0,positive
1.5166834384833148,13.868745901664486,0.0,2.673115804611553,72.4166721788201,1.9266507898842935,6.680355028645492,0.93489587317411,0.0,positive
1.5182806621755756,12.639476675680617,0.0,1.7481986456521887,73.77417534770765,0.8596570537819522,10.8258222757877,0.0,0.0,positive
1.5206280458347001,13.032478373355998,1.9243236440661156,1.898595539861513,72.1788,0.6005212558285153,9.68504478331147,0.2529010878115392,0.2587769062131065,positive
1.5132871949631372,12.457449544897505,0.0,2.544128895196913,74.53499626640965,5.296054275970937,7.20959740402392,0.0,0.0,positive
1.5216081684815057,11.11281614603478,1.7917334364492485,1.56116,73.0532916316299,0.53703972392386,11.579036284641544,0.0,0.0,positive
1.5234743773295665,13.37768032689699,0.0,1.4088063539351998,72.22750526356592,0.32575326481409095,12.36222373912722,0.0,0.0,positive
1.517157017898605,14.040679954596648,0.0,1.8890952947746515,73.47811015781429,0.8605470594525051,10.593400862644572,0.0,0.0,positive
1.5197149461081516,13.16529351296165,0.0,1.7381602919039478,73.71320536931195,0.4349846260465725,11.384809579388788,0.0,0.0,positive
