@relation glass4
@attribute RI real [1.51115, 1.53393]
@attribute Na real [10.73, 17.38]
@attribute Mg real [0.0, 4.49]
@attribute Al real [0.29, 3.5]
@attribute Si real [69.81, 75.41]
@attribute K real [0.0, 6.21]
@attribute Ca real [5.43, 16.19]
@attribute Ba real [0.0, 3.15]
@attribute Fe real [0.0, 0.51]
@attribute Class {positive, negative}
@data
1.51588824,12.87795,3.43036,1.40066,73.282,0.68931,8.04468,0.0,0.1224,negative
1.5176423,12.9777,3.53812,1.21127,73.002,0.65205,8.52888,0.0,0.0,negative
1.51755118,13.39,3.65935,1.1888,72.7892,0.57132,8.27064,0.0,0.0561,negative
1.51755118,13.1506,3.60996,1.05077,73.2372,0.57132,8.23836,0.0,0.0,negative
1.51793844,13.21045,3.47975,1.41029,72.638,0.58995,8.43204,0.0,0.0,negative
1.51898632,13.58285,3.34954,1.23053,72.078,0.58995,8.90548,0.0,0.0,negative
1.51215232,12.991,3.47077,1.12139,72.9796,0.621,8.34596,0.0,0.1581,negative
1.51976084,13.80895,3.57853,1.32041,71.7196,0.11799,8.66876,0.68985,0.0,negative
1.51761952,13.88875,3.60098,1.35893,72.7276,0.47817,7.82948,0.0,0.0,negative
1.51784732,12.67845,3.66833,1.15991,73.1084,0.60858,8.70104,0.0,0.0,negative
1.51720948,13.3767,3.5022,1.15028,72.8508,0.50301,8.43204,0.0,0.0,negative
1.52210718,13.72915,3.83895,0.72014,71.7588,0.16767,9.74476,0.0,0.0,negative
1.51823458,12.8713,3.47975,1.29152,72.9516,0.60237,8.43204,0.0,0.0,negative
1.51919134,14.417,3.57853,1.36856,72.078,0.5589,8.30292,0.0,0.0,negative
1.51761952,12.79815,3.65935,1.26905,73.0076,0.60237,8.56116,0.0,0.0,negative
1.51750562,12.81145,3.56955,1.3493,73.0188,0.621,8.59344,0.0,0.0,negative
1.51782454,12.69175,3.53812,1.33967,72.9516,0.57132,8.75484,0.0,0.0,negative
1.51793844,12.7915,3.5022,1.12139,73.03,0.63963,8.7656,0.0,0.0,negative
1.51837126,13.1373,2.84217,1.27868,72.8508,0.55269,9.06688,0.0,0.0,negative
1.51734616,13.0176,3.53812,1.68956,72.7276,0.54027,8.4428,0.0,0.0357,negative
1.5177562,12.85135,3.47975,1.23053,72.9684,0.60858,8.56116,0.09135,0.1122,negative
1.5215149,13.05085,3.65037,0.87101,72.3188,0.19251,9.85236,0.0,0.0867,negative
1.51743728,13.2969,3.60098,1.14065,73.0916,0.57753,8.1738,0.0,0.0,negative
1.515706,12.71835,3.46179,1.56116,73.198,0.67068,8.08772,0.0,0.1224,negative
1.51720948,12.8713,3.47975,1.33004,73.0412,0.5589,8.43204,0.0,0.0,negative
1.51869018,13.1905,3.37199,1.17917,72.722,0.57132,8.83016,0.0,0.0816,negative
1.52171992,13.5097,3.8614,0.88064,71.7924,0.22977,9.54032,0.0,0.0561,negative
1.51755118,12.99765,3.60098,1.35893,72.9908,0.57132,8.39976,0.0,0.0561,negative
1.51761952,12.81145,3.53812,1.23053,73.2372,0.57753,8.389,0.0,0.0,negative
1.51784732,13.7745,3.48873,1.27868,72.862,0.60237,8.48584,0.0,0.0,negative
1.5175284,12.57205,3.47077,1.3814,73.3884,0.60237,8.5504,0.0,0.0306,negative
1.5178701,12.73165,3.43036,1.1888,72.9516,0.621,8.75484,0.0,0.153,negative
1.52320062,13.7225,3.72221,0.51149,71.7476,0.08694,10.568,0.0,0.0816,negative
1.52101374,13.6427,4.49,1.09892,71.7812,0.0621,8.75484,0.0,0.0,negative
1.52212996,14.20795,3.82099,0.46976,71.77,0.11178,9.5726,0.0,0.0,negative
1.52666318,13.9885,3.69976,0.71051,71.5684,0.01863,9.82008,0.0,0.051,negative
1.51925968,13.19715,3.33158,1.27868,72.358,0.60237,9.1422,0.0,0.0561,negative
1.52171992,13.4831,3.74017,0.8999,72.0108,0.18009,9.60488,0.0,0.0357,negative
1.51618438,13.52965,3.55159,1.53869,72.9908,0.39123,7.77568,0.0,0.0,negative
1.51761952,12.61195,3.592,1.31078,73.2876,0.57753,8.4966,0.0,0.0,negative
1.51768786,12.55875,3.52016,1.42955,73.1476,0.57132,8.53964,0.0,0.0,negative
1.51796122,12.7383,3.47975,1.3493,72.9572,0.63963,8.67952,0.0,0.0,negative
1.51807512,13.4299,2.86911,1.1888,72.8396,0.55269,9.0346,0.0,0.0,negative
1.5215149,13.11735,3.57853,0.8999,72.2012,0.22977,9.82008,0.0,0.0816,negative
1.5174145,13.2703,3.61894,1.24016,73.0804,0.55269,8.0662,0.0,0.0,negative
1.51748284,12.858,3.56057,1.26905,73.2092,0.54027,8.37824,0.0,0.0867,negative
1.51736894,12.7782,3.61894,1.29152,72.7892,0.58995,8.70104,0.0,0.0,negative
1.51768786,12.65185,3.56057,1.30115,73.0804,0.60858,8.69028,0.0,0.0714,negative
1.51768786,12.45235,2.71196,1.29152,73.702,0.5589,9.05612,0.0,0.1224,negative
1.51766508,13.21045,3.69078,1.29152,72.61,0.57132,8.21684,0.0,0.0,negative
1.51566044,13.29025,3.44832,1.21127,72.7388,0.5589,8.57192,0.0,0.0,negative
1.52226664,14.16805,3.81201,0.78113,71.35,0.0,9.69096,0.0,0.0,negative
1.51966972,14.7732,3.74915,0.29,72.022,0.03105,9.00232,0.0,0.0,negative
1.51777898,13.21045,2.81074,1.29152,72.9796,0.50922,9.02384,0.0,0.459,negative
1.5219705,14.3609,3.84793,0.89027,71.3612,0.14904,9.15296,0.0,0.0,negative
1.51848516,13.6427,3.87038,1.26905,71.9604,0.54027,8.32444,0.0,0.1632,negative
1.51818902,13.7225,0.0,0.55964,74.4524,0.0,10.99292,0.0,0.0,negative
1.51663998,12.93115,3.53812,1.61894,72.9572,0.63963,8.03392,0.0,0.1071,negative
1.51709558,12.99765,3.47077,1.78907,72.722,0.65826,8.18456,0.0,0.0,negative
1.51689056,12.6718,2.87809,1.70882,73.2092,0.73278,8.53964,0.0,0.0,negative
1.5266404,11.22875,0.0,0.7715,73.2092,0.0,14.6836,0.0,0.0,negative
1.51850794,13.19715,3.62792,1.07003,72.8284,0.57132,8.41052,0.09135,0.0867,negative
1.51812068,12.95775,2.95891,1.42955,72.918,0.60237,8.78712,0.1386,0.0,negative
1.51645774,13.40995,3.55159,1.24979,72.8116,0.6831,8.09848,0.0,0.0,negative
1.51629828,12.7117,3.33158,1.49054,73.282,0.67068,8.23836,0.0,0.0,negative
1.51891798,13.46315,3.82997,1.25942,72.5484,0.57132,8.20608,0.0,0.0714,negative
1.51871296,12.93115,3.65935,1.56116,72.5092,0.57753,8.5504,0.0,0.0612,negative
1.52176548,13.7491,1.01025,1.35893,72.19,0.32913,11.14356,0.0,0.0,negative
1.5162755,12.99765,3.57853,1.53869,72.8284,0.60858,8.04468,0.0,0.0,negative
1.5160477,12.8979,3.43934,1.44881,73.58,0.44091,8.27064,0.0,0.0,negative
1.5170728,13.7225,3.6818,1.81154,72.0612,0.63963,7.88328,0.0,0.0,negative
1.51666276,12.9378,3.60996,1.25942,72.75,0.5589,8.6042,0.0,0.0,negative
1.52613924,13.70255,0.0,1.35893,71.238,0.19251,13.43544,0.0,0.051,negative
1.51689056,13.33015,3.53812,1.60931,72.5428,0.6831,8.10924,0.0,0.0,negative
1.51645774,13.4432,3.60996,1.53869,72.3916,0.65826,8.03392,0.0,0.0,negative
1.5159338,13.25035,3.44832,1.42955,73.17,0.60858,7.86176,0.0,0.0,negative
1.51839404,12.85135,3.66833,1.24016,72.5708,0.621,8.67952,0.0,0.1785,negative
1.5159338,13.09075,3.592,1.51943,73.0972,0.67068,7.82948,0.0,0.0,negative
1.5159338,13.09075,3.52016,1.55153,72.8676,0.6831,8.04468,0.0,0.459,negative
1.51588824,13.11735,3.40791,1.58042,73.2596,0.06831,8.389,0.0,0.0969,negative
1.51818902,12.6186,2.76135,0.82928,73.8084,0.34776,9.42196,0.0,0.102,negative
1.51846238,13.0974,3.96916,1.1888,72.442,0.60237,8.43204,0.0,0.0,negative
1.52080872,13.78235,2.28092,1.42955,71.9884,0.49059,9.85236,0.0,0.0867,negative
1.51711836,12.89125,3.61894,1.57079,72.9572,0.60858,8.10924,0.0,0.0,negative
1.51591102,12.858,3.52016,2.1197,72.6604,0.68931,7.96936,0.0,0.0,negative
1.51841682,13.0176,3.61894,1.0604,72.3412,0.63963,9.13144,0.0,0.0765,negative
1.52408904,13.8289,2.90054,1.16954,71.1484,0.08073,10.78848,0.0,0.0,negative
1.51652608,13.5629,3.56955,1.47128,72.4476,0.63963,7.9586,0.0,0.0,negative
1.5184396,13.25035,3.75813,1.32041,72.4028,0.57753,8.42128,0.0,0.0,negative
1.51812068,13.4299,3.97814,1.17917,72.4924,0.57753,8.15228,0.0,0.0,negative
1.51645774,13.4033,3.48873,1.51943,72.6492,0.67068,8.07696,0.0,0.051,negative
1.52222108,14.4274,0.0,0.99941,72.6716,0.09936,11.52016,0.0,0.0408,negative
1.52739214,11.0226,0.0,0.74903,73.0804,0.0,14.96336,0.0,0.0,negative
1.51686778,13.2304,3.53812,1.48091,72.8396,0.5589,8.09848,0.0,0.0,negative
1.51812068,13.33015,3.84793,1.24979,72.778,0.52164,8.12,0.0,0.0,negative
1.5166172,12.85135,3.51118,1.43918,73.0076,0.6831,8.2276,0.5985,0.1275,negative
1.51625272,13.35675,3.57853,1.49054,72.722,0.44712,8.20608,0.0,0.0,negative
1.51859906,13.35675,3.43036,1.42955,72.2628,0.50922,8.6042,0.0,0.0,negative
1.5173006,12.3526,2.72094,1.62857,72.8676,0.70173,9.22828,0.0,0.0,negative
1.51805234,12.99765,3.79854,1.07966,73.0692,0.5589,8.37824,0.0,0.0612,negative
1.51591102,13.0176,3.57853,1.5098,73.1196,0.68931,7.9586,0.0,0.0,negative
1.51841682,12.93115,3.74017,1.10855,72.2796,0.63963,8.95928,0.0,0.1122,negative
1.53393,12.2994,0.0,0.99941,70.1628,0.11799,16.19,0.0,0.1224,negative
1.5277794,12.63855,0.0,0.66878,72.022,0.0621,14.40384,0.0,0.0,negative
1.52019366,13.98185,1.35149,1.62857,71.7588,0.39123,10.56252,0.0,0.51,negative
1.51800678,13.7092,3.92875,1.53869,71.8092,0.54027,8.20608,0.0,0.0765,negative
1.51591102,12.8181,3.52016,1.90142,72.862,0.68931,7.96936,0.0,0.0,negative
1.5163894,12.5521,3.47975,1.86932,73.2316,0.62721,8.07696,0.0,0.459,negative
1.51591102,13.23705,3.34056,1.47128,73.0972,0.39123,8.21684,0.0,0.0,negative
1.51654886,12.7516,2.85115,1.43918,73.2708,0.57132,8.78712,0.11025,0.1122,negative
1.5167311,13.2969,3.64139,1.52906,72.5316,0.65205,8.03392,0.0,0.1479,negative
1.52176548,13.19715,3.6818,1.15028,72.75,0.54027,8.51812,0.0,0.0,negative
1.51595658,13.0176,3.56057,1.53869,73.1084,0.72036,7.9048,0.0,0.0,negative
1.51408862,14.24785,3.08912,2.08118,72.2796,1.09917,7.07628,0.0,0.0,negative
1.51846238,13.40995,3.88834,1.33004,72.3804,0.50922,8.2814,0.0,0.0,negative
1.52067204,13.5496,2.08785,1.6703,72.1788,0.52785,9.5726,0.2709,0.0867,negative
1.5167311,12.7915,3.52016,1.53869,73.3604,0.65826,7.9048,0.0,0.0,negative
1.51659442,12.991,3.17892,1.23053,72.9684,0.57753,8.80864,0.0,0.1224,negative
1.5177562,13.52965,3.40791,1.51943,72.0388,0.57753,8.78712,0.0,0.0,negative
1.51663998,13.1373,3.44832,1.76018,72.4812,0.60237,8.37824,0.0,0.0867,negative
1.51645774,13.03755,3.39893,1.25942,73.0076,0.52164,8.58268,0.0,0.0,negative
1.51693612,12.858,3.57853,1.31078,72.61,0.60858,8.78712,0.0,0.0,negative
1.51777898,13.6427,3.65037,0.64952,73.002,0.0621,8.927,0.0,0.0,negative
1.51796122,13.50305,3.35852,1.62857,71.938,0.57132,8.80864,0.0,0.459,negative
1.5193508,13.6427,3.53812,0.74903,72.6492,0.16146,8.89472,0.1512,0.1224,negative
1.5183257,13.33015,3.34056,1.53869,72.1396,0.5589,8.99156,0.0,0.0,negative
1.51670832,13.23705,3.56955,1.3814,72.6996,0.5589,8.4428,0.0,0.051,negative
1.51654886,13.40995,3.38995,1.27868,72.638,0.52164,8.64724,0.0,0.0,negative
1.52126432,14.321,3.90181,0.82928,71.5012,0.0,9.48652,0.0,0.0,negative
1.51643496,12.15975,3.52016,1.3493,72.89,0.57132,8.52888,0.0,0.0,negative
1.5196925,12.63855,0.0,1.65104,73.7524,0.37881,11.53092,0.0,0.0,positive
1.51315464,13.0176,0.0,3.04097,70.482,6.21,6.95792,0.0,0.0,positive
1.52119598,12.97105,0.32777,1.5098,73.3884,0.13041,11.27268,0.0,0.1428,positive
1.5132002,12.99765,0.0,3.0185,70.7004,6.21,6.92564,0.0,0.0,positive
1.51666276,12.858,0.0,1.8308,73.8812,0.96876,10.17516,0.0,0.0,positive
1.51994308,13.2703,0.0,1.76018,73.03,0.47196,11.31572,0.0,0.0,positive
1.5196925,14.5604,0.0,0.55964,73.478,0.0,11.21888,0.0,0.0,negative
1.51115,17.38,0.0,0.34136,75.41,0.0,6.64588,0.0,0.0,negative
1.51937358,13.789,2.41113,1.1888,72.7612,0.0,9.76628,0.0,0.0,negative
1.51828014,14.46065,2.24051,1.61894,72.3804,0.0,9.26056,0.0,0.0,negative
1.51853072,14.08825,2.19112,1.66067,72.6716,0.0,9.32512,0.0,0.0,negative
1.51299518,14.4008,1.74212,1.53869,74.5476,0.0,7.59276,0.0,0.0,negative
1.51887242,14.99265,0.78126,1.74092,72.498,0.0,9.9492,0.0,0.0,negative
1.51905466,14.0018,2.38868,1.56116,72.3692,0.0,9.5726,0.0,0.0,negative
1.51613882,13.8821,1.77804,1.78907,73.0972,0.0,8.66876,0.75915,0.0,negative
1.51509094,15.15225,0.0,2.25131,73.5004,0.0,8.3352,0.63,0.0,negative
1.52247166,14.85965,2.2001,2.05871,70.258,0.75762,9.75552,0.0,0.0,negative
1.51130946,13.68925,3.20137,1.81154,72.8116,1.75743,5.43,1.1907,0.0,negative
1.51556932,13.8688,0.0,2.54021,73.2316,0.14283,9.4112,0.80955,0.0051,negative
1.52315506,13.4432,3.34056,1.23053,72.3804,0.60237,8.83016,0.0,0.0,negative
1.51545542,14.14145,0.0,2.68145,73.3884,0.08073,9.06688,0.6111,0.0255,negative
1.5165033,14.38085,0.0,1.93994,73.6124,0.0,8.47508,1.5687,0.0,negative
1.51645774,14.93945,0.0,1.86932,73.1084,0.0,8.66876,1.3797,0.0,negative
1.5171867,14.75325,0.0,2.00093,73.0188,0.0,8.52888,1.59075,0.0408,negative
1.5161616,14.95275,0.0,2.27057,73.2988,0.0,8.7118,0.67095,0.0,negative
1.51711836,14.2279,0.0,2.08118,73.3604,0.0,8.61496,1.6695,0.0,negative
1.52365622,15.79065,1.83192,1.31078,70.4316,0.3105,8.61496,1.67895,0.0,negative
1.5151365,14.853,0.0,2.42144,73.7188,0.0,8.389,0.5607,0.0,negative
1.51622994,14.2013,0.0,2.79059,73.4612,0.03726,9.04536,0.40005,0.459,negative
1.51531874,14.38085,0.0,2.65898,73.0972,0.03726,9.07764,0.63945,0.0,negative
1.51609326,15.126,0.0,2.51132,73.0524,0.04968,8.83016,0.5292,0.0,negative
1.51830292,14.3875,0.0,1.82117,72.862,1.40967,6.47372,2.8791,0.0,negative
1.51602492,14.853,0.0,2.37971,73.282,0.0,8.75484,0.63945,0.459,negative
1.51727782,14.70005,0.0,2.34119,73.282,0.0,8.94852,0.6615,0.0,negative
1.51622994,14.14145,0.0,2.88047,72.61,0.08073,9.18524,1.06155,0.0,negative
1.51837126,14.321,3.25974,2.21921,71.2492,1.45935,5.78508,1.62855,0.0,negative
1.51657164,14.7998,0.0,1.9913,73.1084,0.0,8.2814,1.71045,0.0,negative
1.5232098103541087,13.399746202783039,0.0,1.721611382941986,72.48372534150333,0.46815035144452677,11.537788038154714,0.0,0.0,positive
1.515508403516088,13.901952090679842,0.0,2.2593100501485024,70.66098510313859,6.128132684416765,6.514243073904225,1.1002908354920689,0.0,positive
1.5200252304811483,13.092728598986598,0.2371646476206834,1.726295162174369,73.10926503113791,0.16144797035653646,11.297698812952166,0.0,0.138822965249266,positive
1.5225999291483985,13.464522294561108,0.0,1.1285086872670804,72.21879518682702,0.21559775368656686,11.936303755169813,0.0,0.032279926490192457,positive
1.5173690466364609,13.002841190479383,0.0,1.774499416552081,73.11312997964457,0.6107530999161479,10.619220219960242,0.0,0.0,positive
1.5207326289314254,12.639502125968965,0.10475875475364942,1.6306542670478696,73.71843042753824,0.36345579678005024,11.480608680508263,0.0,0.004802447028949371,positive
1.5152410222621249,14.045821761653137,1.97740757868758,2.7435426846935473,71.70858807058181,1.5680676153356938,6.341999532241596,2.5499289804925414,0.0,positive
1.5153874287415108,13.558433119675822,0.0,2.090919835583322,72.65185048437127,5.78579804768124,6.893566836898717,2.391183334671373,0.0,positive
1.5206654058036284,12.871823079346722,1.6952318178364503,2.0513804871724197,72.1788,0.558153005792564,9.665846069778189,0.2609224183437309,0.13612475127795037,positive
1.5215591762205216,12.544532815939416,1.2705155346687262,1.4332089184207146,73.2720134426659,0.40397167176199544,11.549365315219802,0.0,0.0,positive
1.5197183858495023,12.920043817965494,0.0,1.7175328990675018,73.68878606966878,0.42328786475459135,11.505252619773099,0.0,0.0,positive
1.5150489562602698,13.25776088814046,0.0,2.990790756035133,71.87977092255797,3.7277528272051463,7.121931011050535,0.10256476466547608,0.12334852869281963,positive
1.519965936319391,14.181973680924829,0.01953539762148654,1.4234929652497263,73.4554304586008,0.038595569468012694,11.224760351984536,0.0,0.10120827150117241,positive
1.5224534356242814,13.451193440792403,0.0,1.3961233267849098,72.32003387332084,0.144508489150776,11.531779272104885,0.0,0.04035411313835453,positive
1.517500115057976,13.286011231201183,0.0,1.541841000642305,74.20960164980568,0.5416487377979547,10.942685700128616,0.0,0.0,positive
1.5198569199262737,12.955956672707416,0.0,1.700995107428919,73.62721225580269,0.4317269859557619,11.516790262816418,0.0,0.0,positive
1.5176432711989547,14.174608833502134,2.784204941218019,2.2523616597324665,70.26116106623564,1.5646129382038856,5.833102039141887,1.651868431410138,0.0,positive
1.5157177150209422,14.087103295798197,0.0,2.980402456599763,72.49724500794929,4.697700517042676,7.4863795078703514,0.1474601306761587,0.18981323406206135,positive
1.5195257409316123,13.760001760525984,1.9380072085636577,1.871425780301737,72.20139662341775,0.6537082502099006,9.688865619639989,0.18000667424783728,0.0721019294358975,positive
1.5211628711959688,11.638764957996875,0.28246750086203165,1.6289482745591328,73.47730711479315,0.5642738397079643,11.602535281034465,0.0,0.0,positive
1.5221371119121605,13.77632085779726,0.0,1.3019786466012933,72.9636845478983,0.1544641440963958,11.49439471888147,0.0,0.022340630112586433,positive
1.5131898439608165,12.998469366395566,0.0,3.030387834950283,70.6211445900125,6.21,6.9351632261128096,0.0,0.0,positive
1.5208054642364957,13.023521701988322,0.005134147541922651,1.672629431247542,73.14163705121393,0.20721754272867127,11.276455648085546,0.0,0.09743075920859678,positive
1.5255011186591279,13.547686812334348,0.0,1.464176271555434,71.61335716226651,0.3081179338322356,13.128413466861318,0.0,0.03466435456278635,positive
1.5179154101031236,13.532415529872823,0.0,1.368799467746876,74.2578543605181,0.720131703993379,10.589869317403943,0.0,0.0,positive
1.51692173674057,12.76920959178846,0.0,1.66880300511505,73.7654868797952,0.47541542086568145,10.224990589016059,0.0,0.0,positive
1.5162627556591222,14.274595490834482,2.998357212850837,2.223776454257707,70.24588522124513,1.6471048104783053,5.793245043380494,1.7532062119461953,0.0,positive
1.5171384213195964,13.747723918517773,0.0,2.9590421962602638,70.99152346145114,4.406710119130494,6.4908573479254,1.947654059564612,0.0,positive
1.5206499791719152,13.51399233410397,1.6360756139831893,2.147716794820593,72.1788,0.7569369259504971,9.696774864194163,0.2570890531065768,0.10524909593578186,positive
1.521119369843695,12.120448216807958,1.6956773213242142,1.5867708100653533,73.58695408230821,0.45990493077066197,11.5883809333417,0.0,0.0,positive
1.5221700647369762,13.357982671318412,0.0,1.6842340652483454,72.49278059586644,0.38767487342232015,12.01279546557284,0.0,0.0,positive
1.515170135913537,14.259555714470395,0.0,2.0285919706828244,72.01669552816472,3.986880577750683,6.605723386041937,2.207494138049848,0.0,positive
1.52222080913582,13.660502447554883,0.27963130624843086,1.2252936925118376,73.30815044553493,0.10865627403632554,11.447386433945281,0.0,0.07309450578120467,positive
1.5242120669027537,13.64598251529184,0.0,1.5061739382784507,71.93797187538988,0.22294948720333682,12.664729138703432,0.0,0.04367277096459875,positive
1.5177145454512662,13.142727789068893,0.0,1.0984181633851127,74.0805022038392,0.9177324599676988,10.211155895922843,0.0,0.0,positive
1.5221959631318602,12.855773991978797,0.0,1.0387686149521544,73.05130548386863,0.2560458502234666,11.524142365988943,0.0,0.03278208371135335,positive
1.517684785501085,14.220469172422415,2.8807294048107708,2.9569210211849475,71.11911883869585,1.5957967880592636,5.7928697130009335,2.090173632086067,0.0,positive
1.5134804081694286,14.088368287462165,0.0,2.9752602169975253,71.3302221664834,5.695779134889812,7.02259602955008,0.03749573034046912,0.0,positive
1.5206107452799866,13.333175107249073,1.8078032894529403,1.9602743699158443,72.1788,0.7122569590516419,9.641140568303362,0.26414887054087577,0.115741150174969,positive
1.520143250283972,11.281656321757632,0.002044492023173028,1.6118623229881301,73.69759581285392,0.5492620618962375,11.570530212345064,0.0,0.0,positive
1.5222418121344605,13.340280121117408,0.0,1.6074449130308637,73.01812063651631,0.44568493569569706,12.159448862258081,0.0,0.0,positive
1.513194741220572,13.008266306189503,0.0,3.037278541428432,70.56191025292601,6.21,6.928225187982186,0.0,0.0,positive
1.521859407250982,13.692548824898177,0.14288924379446072,1.215613741899956,73.05657289309598,0.11387763272883311,11.419537675533576,0.0,0.08684993025110854,positive
1.5224673864268663,13.974218470688367,0.0,1.5094286848385785,72.42360948209321,0.12414801032380715,11.877971928727073,0.0,0.008300595379471847,positive
1.517727001454751,13.122199746394289,0.0,1.8201013023770507,73.65833195495001,0.8952347660861597,10.553338634464565,0.0,0.0,positive
1.5216801733117242,13.323524437686444,0.0,1.2491212739037627,73.22828355859275,0.18885550151090147,11.527358969659117,0.0,0.004260949085344079,positive
1.5132599979896304,13.785452678451298,2.817516857523972,3.098374810030578,70.68853009441214,1.7199967577727349,5.606060400519492,1.637817123783909,0.0,positive
1.5180803186384182,13.130150375549654,0.0,2.7206499891115237,72.39745639466044,2.2715611160251354,6.595888380760764,2.6767801681769834,0.0,positive
1.5204217842344099,12.858617102620668,1.5276451330749132,2.146233287525467,72.11400708642267,0.6407756046596252,9.827363728255014,0.1910956107779936,0.3174822920766015,positive
1.5214621042563583,12.474308154412968,0.37966280862062085,1.5154713923167664,73.42942603836693,0.4689441325598205,11.34222959617305,0.0,0.07723954317514371,positive
1.5215811552952951,13.287297700935394,0.0,1.6904720593704934,72.54894570871217,0.4131467880386437,12.106521653297355,0.0,0.0,positive
1.5131865849983401,13.016432349918494,0.0,3.039690904469413,70.68999643293508,6.21,6.92868040023724,0.0,0.0,positive
1.520773103724107,12.93792134459912,0.32689795482201084,1.608379305781986,73.47930989264376,0.19284246227549437,11.388394909774851,0.0,0.1023698911358248,positive
1.5240077210234408,13.679572965758208,0.0,1.4768987656858663,71.93310509154507,0.2500778762438291,12.24471973709805,0.0,0.021581305925607367,positive
1.5175610449896306,13.009715944854847,0.0,1.8160013612575183,73.41479649830859,0.7140894422279286,11.056882162544147,0.0,0.0,positive
1.5201183400173335,13.624786562023134,0.0,1.2942168289438427,73.65279360862873,0.17575230144740464,11.524034574502043,0.0,0.017370523565393786,positive
1.5177008599276118,14.15386631226183,3.2034432295868056,3.339527651964655,70.84470456655777,1.6465229328415698,5.806616057093471,1.7325722185365415,0.0,positive
1.5147029757368822,13.885882647572446,0.0,2.442509649783537,72.01174944581601,2.0352325695165687,6.906928313005845,0.1416748888050888,0.0,positive
1.5191693593090434,13.230247014693845,1.9576466808853668,1.9893902461933344,72.297300664505,0.6531761849198147,9.700425249513387,0.17262967117990582,0.2515518054432535,positive
1.520626109321635,12.914175262400711,0.7013035668660992,1.7071776543499437,73.29117472572291,0.519295331652662,11.338190673663055,0.0,0.0,positive
1.5198350576693656,12.725763855533462,0.0,1.7256925483847507,73.46567990110567,0.38604198070226237,11.506354333935315,0.0,0.0,positive
1.5142456387884466,13.600282229101342,0.0,2.860468421239529,73.40307474043857,6.0817504241518785,8.633322495545467,0.0937746786588469,0.3526529589408315,positive
1.5221558496789314,13.309037695776878,0.20449714626301885,1.1750734535415952,73.11513294658117,0.12352353795196705,11.478910114465924,0.0,0.09263252545768548,positive
1.5231548627676252,13.282655555455177,0.0,1.7346900810086674,72.24303516644159,0.37365228513039916,12.066366488880869,0.0,0.0,positive
1.516708903601213,12.81060758550546,0.0,1.793087933553859,73.80576081657874,0.8879847972924683,10.273092214454516,0.0,0.0,positive
1.5192113502744742,12.673453391209266,0.0,1.7546101160206593,73.85890887307407,0.5123445932522135,11.083769980332704,0.0,0.0,positive
1.5122834569940624,13.926894530648223,2.7699450637490695,3.168260476163247,72.03029263786505,1.7521261769911471,5.665518593321185,1.3199995798820787,0.0,positive
1.5140987274959423,13.489321920168383,0.0,2.3335970298169153,71.9742327501508,1.9287987032549108,6.81535126649962,0.9704517534661148,0.0,positive
1.5207579991531255,13.009604410303384,1.8146392429393292,1.5618166107181668,72.08240097598788,0.7540935204804206,9.79012443208052,0.14014925350495772,0.09196028962287298,positive
1.5213472119491969,11.430131972743244,1.1989572817449723,1.5223396250485672,73.40189927280986,0.2736901412682677,11.5822927756692,0.0,0.06764802942687079,positive
1.5197350111391947,13.092430946097387,0.0,1.7323948025610012,73.28122345771001,0.4234759738131741,11.385402450978722,0.0,0.0,positive
1.5159491574459822,13.975456025190983,0.0,2.896366346837199,71.29482100113356,0.38504219850807253,8.151392695000515,0.24918578645633374,0.0,positive
1.5208475966740251,12.883951732875264,0.05677349570583795,1.6208740832745607,73.39298260824597,0.20150816869852906,11.336128309426767,0.0,0.11627012799674458,positive
1.523241104273287,13.861371362815465,0.0,1.215896991999295,72.49794821541482,0.12665217104969925,11.987285580328722,0.0,0.019766387250679595,positive
1.5173251508342538,13.151563012616341,0.0,0.9435563032044159,74.31431413536802,0.7815966785586296,10.911434855769313,0.0,0.0,positive
1.5198580486243172,13.028572622582045,0.0,1.7329228844729836,73.69306603446576,0.40719133198098206,11.521861978954435,0.0,0.0,positive
1.514214600165929,14.042119292063957,3.0783798065456387,2.715351584481632,71.44037181513897,1.312238360619857,6.0685599260313525,1.1683856388722655,0.0,positive
1.513187913113136,13.009463215414666,0.0,3.0258145442106223,70.59263375793964,6.21,6.929181262583065,0.0,0.0,positive
1.5203657334077763,13.292073200721077,1.5512015830884534,2.0886947059811476,72.1218495626044,0.6653563650933427,9.810050604027237,0.21725572569841411,0.45827547060075213,positive
1.519914701716952,12.587267240126188,1.1922828557236067,1.6054744918690558,73.51619086456077,0.48913963226688967,11.538035677761961,0.0,0.0,positive
1.5201803677120904,13.362067846790191,0.0,1.570317142491158,73.00531674797475,0.2072618040869627,11.447340994904978,0.0,0.0013683383486557516,positive
1.5131678145132386,13.58554989459613,0.0,1.9995481709618832,72.16771535842025,5.307636584783506,6.665219946626305,0.4634119020784051,0.0,positive
1.522220056938289,14.153750377568038,0.1436420092344682,1.5089746656172258,73.21373476028708,0.12496768154410852,11.498672996959161,0.0,0.07711132145421833,positive
1.522598759337329,12.962964417593552,0.0,1.6143097597902516,73.74995618925036,0.34490841642012593,11.599441383930458,0.0,0.0,positive
1.5186468580389585,13.098878971163037,0.0,1.7728664930023732,73.60810418769229,0.4994880220570441,11.149373923862843,0.0,0.0,positive
1.5210138444814523,12.683151677580105,0.2622314217212831,1.5781112209163612,73.68587530878574,0.30858422023755605,11.443147246849058,0.0,0.1131328367870881,positive
1.518059665281069,14.181063702268649,1.8008209518446567,3.033026537442591,71.65568553974819,1.6571607840424551,6.029685293893024,2.468682869166035,0.0,positive
1.5137331408583918,14.026595988926712,0.0,2.9149805931645685,71.3365491288914,5.306084267177338,9.008232249558489,0.6319619432057327,0.0,positive
1.5202153387424462,13.054076319955945,1.502686011840441,1.7793178321458862,72.0578426608468,0.6839242729931723,10.436392582095467,0.1944970072975896,0.3167302708076784,positive
1.5203424203584939,11.702856153075688,0.32334147690174664,1.6410376521650814,73.26530760660741,0.5354032324608576,11.424971293712911,0.0,0.0,positive
1.5205756813982254,13.221574940440464,0.05575261862689852,1.5705255420023128,73.05554038513516,0.4381308193434541,11.302351574148894,0.0,0.021682581844144035,positive
1.515481400080344,13.24995489351019,0.0,2.922639115661571,72.31558037274404,5.03335354407932,7.086635593799241,0.15570119455431386,0.0,positive
1.5220875295079157,13.529909013428684,0.2999690815923002,1.1954941377398312,72.92778111142002,0.12622425120146297,11.2936246584487,0.0,0.06445578206044801,positive
1.5236342679979706,13.879124719099568,0.0,1.1454793630217688,72.54725019041288,0.12793266759185704,11.764633196840128,0.0,0.023838216850437344,positive
1.5174741612318805,13.060335934201708,0.0,1.7825363992942072,73.24810687853781,0.9664344325168799,10.207213935522683,0.0,0.0,positive
1.519804557777588,12.849139874935,0.22690974664422503,1.6506660706595138,73.41405514060222,0.2930082080354685,11.341019004348501,0.0,0.047598892006687356,positive
1.515977733387126,14.052424316764455,0.02377474960040704,2.8135048977796138,71.63266749066321,1.6825455832525165,6.4067875173526225,2.465173952742092,0.0,positive
1.5164676989235437,14.100449481287416,0.0,2.0443909672073044,72.1138753804274,3.50561749429053,6.7286105854349465,1.1009979519262882,0.0,positive
1.5206659819021033,13.387346871472223,1.8245160462105052,1.9252895532928544,72.0819618017771,0.5197436358339211,9.836127353288296,0.1966424193559932,0.16984713270301843,positive
1.5197779618737026,11.176532169078662,0.5860781312307748,1.6182463106253395,73.47063305136436,0.45459998067924423,11.578021196862814,0.0,0.0,positive
1.5203251182543687,13.358998413711825,0.0,1.6351623405987288,72.70368941378355,0.1492911343511153,11.386906825403539,0.0,0.037341081958795354,positive
1.5162297748217866,14.277166480625397,0.0,2.811204837071187,70.75187066574874,4.4929711734294,6.888637190480126,0.4175461669652107,0.0,positive
1.5212370896977554,13.85995767882864,0.1304501898247934,1.0170166174823454,72.83891921118122,0.12202554903246911,11.457935230327566,0.0,0.10613404264409286,positive
1.522945994194596,13.298443582792663,0.0,1.6149408062476538,72.43412381261884,0.3954896632804277,11.772778928247416,0.0,0.0,positive
1.5195900627349876,12.896662784012332,0.06175295428760034,1.553756121771319,73.75587738841915,0.4441016226192125,10.58625158574405,0.0,0.07277083728055121,positive
1.5197848308165154,13.05175277009429,0.0,1.6637407497363328,73.4608607094335,0.3967933339087756,11.492324677429144,0.0,0.0,positive
1.5170991669030998,14.027193888771679,1.5085540532425998,3.2910659809533356,72.57797974736846,1.56266249744336,6.027082435501312,2.7055349218831233,0.0,positive
1.514232230759805,14.249937049589409,0.0,2.4991926027363247,72.0697573788637,4.686372323091893,6.603456581449264,1.6984922219092002,0.0,positive
1.5206161483427203,13.33346261027941,1.6213193086481037,1.730934486295679,71.99332450235593,0.5638877828988929,9.801647736767444,0.1530195600812581,0.16896671281288644,positive
1.5205108325512842,12.113335188609682,0.18237244453203183,1.5870942091514566,73.51615118927874,0.5103025895669354,11.589396018587317,0.0,0.0,positive
1.520967614911737,13.426517112985017,0.0,1.748617525073343,72.76017047555689,0.4190952664169336,11.625640573452722,0.0,0.0,positive
1.517544442981739,13.318624309494808,0.0,2.5599620845903908,71.01894360246449,3.6899527216155605,6.495935849116273,2.4986328406114846,0.0,positive
1.5216229287863303,13.753359485715135,0.04941391243694648,1.3451575234348707,72.78375499920999,0.10385154329055708,11.346834640166254,0.0,0.10150749365430897,positive
1.5224842806755703,14.17104800376276,0.0,1.5733029446657545,72.5816551292024,0.3001190756466707,11.647519865287311,0.0,0.03450833736780183,positive
1.5183974661550979,12.952339548958252,0.07052113683023768,1.8259852603829114,73.41027085391741,0.9430732976388455,10.712225954419287,0.0,0.06885470827779394,positive
1.5197728229235294,13.259477403925096,0.0,1.7469577628973056,73.11401303006117,0.4711145701381473,11.332729553276701,0.0,0.0,positive
1.5171335788778761,14.067188384591747,2.7871207532546496,2.4061828512251155,70.79601972865687,1.6101060441688158,5.82856205346326,1.725589061484146,0.0,positive
1.5140747960728071,13.880153485954185,0.0,2.9068180544175286,71.36325863073898,2.2106672758714527,7.056339271411692,0.36978517531620425,0.34186533198468977,positive
1.5207820134334944,13.001928128541305,2.047503128320086,1.5573890703597753,72.0616875806293,0.630552801512516,9.757419253534453,0.04330615507253971,0.12971531031291383,positive
1.5214376232417621,12.039501633458006,0.5421243954386727,1.5255600175170818,73.42566782572729,0.181901441831329,11.599337002179963,0.0,0.013239453304715256,positive
1.519812406139642,13.066343538828127,0.0,1.6518305599254712,73.43090594607045,0.41050984815282454,11.429710345840528,0.0,0.0,positive
1.513168856405499,13.010091644231158,0.0,3.029569809744016,70.64151993860949,6.21,6.93795967197704,0.0,0.0,positive
1.520579458540959,12.88527305368083,0.13499770778121725,1.6314735878731872,73.64084900716396,0.17278646047839666,11.447543239300028,0.0,0.07778802002270362,positive
1.5222289750474896,13.713041469102475,0.0,1.122811842554476,72.57054623964996,0.15153623873982744,11.557286926650102,0.0,0.040145608893273815,positive
1.5176839048857589,12.690889601942875,0.0,1.681508749505982,73.87298719153213,0.5662021197595929,11.015422149601187,0.0,0.0,positive
1.518217336011337,12.673776872121636,0.0,1.8079406091801455,73.76089879197403,0.7357137574364683,11.369499338280646,0.0,0.0,positive
1.5168202667062625,14.212405873836616,0.9950520144198083,2.8554808830900162,72.33318084849515,1.5143872754881909,5.932602616711098,2.852622076051668,0.0,positive
1.5146425954081946,14.054693203345117,0.0,2.912212108792027,71.34506645422597,3.2709764605092957,7.8726639969147705,0.8504690695178517,0.0,positive
1.520669958917408,13.606231234132702,1.7215292092816026,1.6319595523145416,72.00253874406658,0.6454594022187853,9.737028439357811,0.1600935793195723,0.1136650099199005,positive
1.5199797268145085,12.19200502819923,1.1250902634411866,1.6294256978954307,73.69092273502565,0.5067894624560447,11.549333773932753,0.0,0.0,positive
1.5209897422553258,13.06128162583961,0.28693789472355874,1.7015529269583423,73.19980088770917,0.41377866550746334,11.296702800518906,0.0,0.04468331816692678,positive
1.5156026814032308,13.479293509497628,0.0,2.030582161124673,71.3365343270067,3.269294771767804,6.943479277929989,0.06330164100931608,0.0,positive
1.5202341994847757,14.078773841611799,0.15865349720504773,0.658065341331081,73.45495094027717,0.057437230684914894,11.265875562165824,0.0,0.13281292332528186,positive
1.5217642906483868,13.39032137587948,0.0,1.6734086156487018,72.62372911725305,0.4071594992276556,11.97724690679566,0.0,0.0,positive
1.5181782672793989,13.249753597974864,0.0,1.7816579225769795,73.95840687789965,0.7363595077996391,10.830282274376295,0.0,0.0,positive
1.5219602210137126,13.4482715137627,0.0,1.1199622536012213,73.60113716783378,0.3546595116732737,11.524562623099309,0.0,0.02251595040421825,positive
1.5148756765887887,13.933140930560748,3.112954189358574,2.5597945234958592,71.77881928304326,1.7182888121036417,5.83776266174438,1.6971533334786417,0.0,positive
1.5175666654007538,13.809078093417915,0.0,2.736328285170597,70.8266791789159,6.0457534308451395,6.886981971289555,1.1721837613779673,0.0,positive
1.5206671333322161,13.004875775498531,1.7871323085379078,1.7373038917001202,72.1788,0.5690343231240894,9.626684994366585,0.26984217944019856,0.22678734709184048,positive
1.5214830967352597,12.05415241367518,0.9859327588831878,1.6667659232918035,73.24950901834546,0.47288964634991226,11.612359834430634,0.0,0.0,positive
1.5197698559131643,13.026394436427692,0.0,1.7185608672823702,73.5949983910027,0.438763393531969,11.341510948692884,0.0,0.0,positive
1.514022766963367,13.787923326523288,0.0,2.9012467088605876,71.12373940628514,1.2275932161862926,8.945364480415913,0.6085276648933874,0.0,positive
1.5206111198115506,13.1104984242737,0.32638591939924466,1.699005831021818,73.19468805851277,0.18815355597476752,11.307760357987584,0.0,0.024140598244286327,positive
1.5220849627846378,13.027047641665797,0.0,1.6267759514727678,73.05286993297487,0.36392170438500043,11.755528169209116,0.0,0.0,positive
1.518728059944929,12.852259851630098,0.0,1.6734041981377457,73.847807094989,0.4638001635338468,10.528313222695237,0.0,0.0,positive
1.5199777372703644,12.789812170035567,0.05148585655229319,1.5839518804120745,73.61344121175873,0.21279009933576684,11.431874732462799,0.0,0.06969538092120721,positive
1.5153257743860367,14.301367143413742,2.689068573563987,2.907959494523077,69.95006866063096,1.5225939500831926,5.824353339001119,1.8960147725502796,0.0,positive
1.5131571679823315,13.001585048717843,0.0,3.034335506508656,70.6514338357033,6.21,6.929245757587919,0.0,0.0,positive
1.520592361218663,13.48705312867404,1.6910184882327381,2.060048679931582,72.1788,0.5403164317458371,9.65046653478404,0.24951301928785702,0.13531754104750893,positive
1.5204148753703988,12.539382145138738,1.523275436418486,1.641821279991695,73.5214410643623,0.5378283156981682,11.564597148432318,0.0,0.0,positive
1.5197254539144327,13.134211782346291,0.0,1.6850186591900131,73.20616734635756,0.4029872806765501,11.48385873147755,0.0,0.0,positive
