@relation ecoli4
@attribute Mcg real [0.0, 0.89]
@attribute Gvh real [0.16, 1.0]
@attribute Lip real [0.48, 1.0]
@attribute Chg real [0.5, 1.0]
@attribute Aac real [0.0, 0.88]
@attribute Alm1 real [0.03, 1.0]
@attribute Alm2 real [0.0, 0.99]
@attribute Class {positive, negative}
@data
0.49,0.29,0.48,0.5,0.56,0.24,0.35,negative
0.56,0.4,0.48,0.5,0.49,0.37,0.46,negative
0.67,0.39,0.48,0.5,0.36,0.38,0.46,negative
0.2,0.44,0.48,0.5,0.46,0.51,0.57,negative
0.42,0.4,0.48,0.5,0.56,0.18,0.3,negative
0.42,0.24,0.48,0.5,0.57,0.27,0.37,negative
0.25,0.48,0.48,0.5,0.44,0.17,0.29,negative
0.39,0.32,0.48,0.5,0.46,0.24,0.35,negative
0.25,0.4,0.48,0.5,0.46,0.44,0.52,negative
0.34,0.45,0.48,0.5,0.38,0.24,0.35,negative
0.44,0.27,0.48,0.5,0.55,0.52,0.58,negative
0.23,0.4,0.48,0.5,0.39,0.28,0.38,negative
0.41,0.57,0.48,0.5,0.39,0.21,0.32,negative
0.4,0.45,0.48,0.5,0.38,0.22,0.0,negative
0.31,0.23,0.48,0.5,0.73,0.05,0.14,negative
0.51,0.54,0.48,0.5,0.41,0.34,0.43,negative
0.3,0.16,0.48,0.5,0.56,0.11,0.23,negative
0.29,0.37,0.48,0.5,0.48,0.44,0.52,negative
0.25,0.4,0.48,0.5,0.47,0.33,0.42,negative
0.21,0.51,0.48,0.5,0.5,0.32,0.41,negative
0.43,0.37,0.48,0.5,0.53,0.35,0.44,negative
0.43,0.39,0.48,0.5,0.47,0.31,0.41,negative
0.53,0.38,0.48,0.5,0.44,0.26,0.36,negative
0.34,0.33,0.48,0.5,0.38,0.35,0.44,negative
0.4,0.29,0.48,0.5,0.42,0.35,0.44,negative
0.24,0.35,0.48,0.5,0.31,0.19,0.31,negative
0.36,0.54,0.48,0.5,0.41,0.38,0.46,negative
0.29,0.52,0.48,0.5,0.42,0.29,0.39,negative
0.65,0.47,0.48,0.5,0.59,0.3,0.4,negative
0.32,0.42,0.48,0.5,0.35,0.28,0.38,negative
0.38,0.46,0.48,0.5,0.48,0.22,0.29,negative
0.33,0.45,0.48,0.5,0.52,0.32,0.41,negative
0.3,0.37,0.48,0.5,0.59,0.41,0.49,negative
0.28,0.38,0.48,0.5,0.5,0.33,0.42,negative
0.61,0.45,0.48,0.5,0.48,0.35,0.41,negative
0.17,0.38,0.48,0.5,0.45,0.42,0.5,negative
0.44,0.35,0.48,0.5,0.55,0.55,0.61,negative
0.43,0.4,0.48,0.5,0.39,0.28,0.39,negative
0.42,0.35,0.48,0.5,0.58,0.15,0.27,negative
0.23,0.33,0.48,0.5,0.43,0.33,0.43,negative
0.37,0.52,0.48,0.5,0.42,0.42,0.36,negative
0.29,0.3,0.48,0.5,0.45,0.03,0.17,negative
0.23,0.58,0.48,0.5,0.37,0.53,0.59,negative
0.47,0.47,0.48,0.5,0.22,0.16,0.26,negative
0.54,0.47,0.48,0.5,0.28,0.33,0.42,negative
0.51,0.37,0.48,0.5,0.35,0.36,0.45,negative
0.44,0.34,0.48,0.5,0.3,0.33,0.43,negative
0.44,0.56,0.48,0.5,0.5,0.46,0.54,negative
0.52,0.36,0.48,0.5,0.41,0.28,0.38,negative
0.36,0.41,0.48,0.5,0.48,0.47,0.54,negative
0.18,0.3,0.48,0.5,0.46,0.24,0.35,negative
0.47,0.29,0.48,0.5,0.51,0.33,0.43,negative
0.24,0.43,0.48,0.5,0.54,0.52,0.59,negative
0.25,0.37,0.48,0.5,0.41,0.33,0.42,negative
0.52,0.57,0.48,0.5,0.42,0.47,0.54,negative
0.25,0.37,0.48,0.5,0.43,0.26,0.36,negative
0.26,0.26,0.48,0.5,0.34,0.25,0.35,negative
0.24,0.43,0.48,0.5,0.37,0.28,0.38,negative
0.42,0.3,0.48,0.5,0.48,0.26,0.36,negative
0.48,0.42,0.48,0.5,0.45,0.25,0.35,negative
0.41,0.48,0.48,0.5,0.51,0.44,0.51,negative
0.44,0.28,0.48,0.5,0.43,0.27,0.37,negative
0.29,0.41,0.48,0.5,0.48,0.38,0.46,negative
0.34,0.28,0.48,0.5,0.41,0.35,0.44,negative
0.41,0.43,0.48,0.5,0.45,0.31,0.41,negative
0.29,0.47,0.48,0.5,0.41,0.23,0.34,negative
0.34,0.55,0.48,0.5,0.58,0.31,0.41,negative
0.36,0.56,0.48,0.5,0.43,0.45,0.53,negative
0.4,0.46,0.48,0.5,0.52,0.49,0.56,negative
0.5,0.49,0.48,0.5,0.49,0.46,0.53,negative
0.52,0.44,0.48,0.5,0.37,0.36,0.42,negative
0.53,0.42,0.48,0.5,0.16,0.29,0.39,negative
0.4,0.42,0.48,0.5,0.37,0.27,0.27,negative
0.41,0.43,0.48,0.5,0.5,0.24,0.25,negative
0.3,0.45,0.48,0.5,0.36,0.21,0.32,negative
0.31,0.47,0.48,0.5,0.29,0.28,0.39,negative
0.64,0.76,0.48,0.5,0.45,0.35,0.38,negative
0.35,0.37,0.48,0.5,0.3,0.34,0.43,negative
0.65,0.55,0.48,0.5,0.34,0.37,0.28,negative
0.51,0.46,0.48,0.5,0.58,0.31,0.41,negative
0.38,0.4,0.48,0.5,0.63,0.25,0.35,negative
0.24,0.57,0.48,0.5,0.63,0.34,0.43,negative
0.38,0.26,0.48,0.5,0.54,0.16,0.28,negative
0.33,0.47,0.48,0.5,0.53,0.18,0.29,negative
0.24,0.34,0.48,0.5,0.38,0.3,0.4,negative
0.26,0.5,0.48,0.5,0.44,0.32,0.41,negative
0.44,0.49,0.48,0.5,0.39,0.38,0.4,negative
0.43,0.32,0.48,0.5,0.33,0.45,0.52,negative
0.49,0.43,0.48,0.5,0.49,0.3,0.4,negative
0.47,0.28,0.48,0.5,0.56,0.2,0.25,negative
0.32,0.33,0.48,0.5,0.6,0.06,0.2,negative
0.34,0.35,0.48,0.5,0.51,0.49,0.56,negative
0.35,0.34,0.48,0.5,0.46,0.3,0.27,negative
0.38,0.3,0.48,0.5,0.43,0.29,0.39,negative
0.38,0.44,0.48,0.5,0.43,0.2,0.31,negative
0.41,0.51,0.48,0.5,0.58,0.2,0.31,negative
0.34,0.42,0.48,0.5,0.41,0.34,0.43,negative
0.51,0.49,0.48,0.5,0.53,0.14,0.26,negative
0.25,0.51,0.48,0.5,0.37,0.42,0.5,negative
0.29,0.28,0.48,0.5,0.5,0.42,0.5,negative
0.24,0.41,0.48,0.5,0.49,0.23,0.34,negative
0.17,0.39,0.48,0.5,0.53,0.3,0.39,negative
0.04,0.31,0.48,0.5,0.41,0.29,0.39,negative
0.4,0.46,0.48,0.5,0.42,0.35,0.44,negative
0.23,0.34,0.48,0.5,0.43,0.26,0.37,negative
0.37,0.44,0.48,0.5,0.42,0.39,0.47,negative
0.39,0.31,0.48,0.5,0.38,0.34,0.43,negative
0.3,0.44,0.48,0.5,0.49,0.22,0.33,negative
0.27,0.3,0.48,0.5,0.71,0.28,0.39,negative
0.17,0.52,0.48,0.5,0.49,0.37,0.46,negative
0.36,0.42,0.48,0.5,0.53,0.32,0.41,negative
0.3,0.37,0.48,0.5,0.43,0.18,0.3,negative
0.26,0.4,0.48,0.5,0.36,0.26,0.37,negative
0.4,0.41,0.48,0.5,0.55,0.22,0.33,negative
0.22,0.34,0.48,0.5,0.42,0.29,0.39,negative
0.44,0.35,0.48,0.5,0.44,0.52,0.59,negative
0.27,0.42,0.48,0.5,0.37,0.38,0.43,negative
0.16,0.43,0.48,0.5,0.54,0.27,0.37,negative
0.06,0.61,0.48,0.5,0.49,0.92,0.37,negative
0.63,0.47,0.48,0.5,0.51,0.82,0.84,negative
0.34,0.49,0.48,0.5,0.58,0.85,0.8,negative
0.27,0.35,0.48,0.5,0.51,0.77,0.79,negative
0.52,0.39,0.48,0.5,0.65,0.71,0.73,negative
0.29,0.47,0.48,0.5,0.71,0.65,0.69,negative
0.55,0.47,0.48,0.5,0.57,0.78,0.8,negative
0.12,0.67,0.48,0.5,0.74,0.58,0.63,negative
0.4,0.5,0.48,0.5,0.65,0.82,0.84,negative
0.73,0.36,0.48,0.5,0.53,0.91,0.92,negative
0.84,0.44,0.48,0.5,0.48,0.71,0.74,negative
0.48,0.45,0.48,0.5,0.6,0.78,0.8,negative
0.54,0.49,0.48,0.5,0.4,0.87,0.88,negative
0.48,0.41,0.48,0.5,0.51,0.9,0.88,negative
0.72,0.46,0.48,0.5,0.51,0.66,0.7,negative
0.64,0.58,0.48,0.5,0.48,0.78,0.73,negative
0.54,0.57,0.48,0.5,0.56,0.81,0.83,negative
0.47,0.59,0.48,0.5,0.52,0.76,0.79,negative
0.49,0.42,0.48,0.5,0.53,0.79,0.81,negative
0.74,0.44,0.48,0.5,0.55,0.88,0.89,negative
0.33,0.45,0.48,0.5,0.45,0.88,0.89,negative
0.45,0.4,0.48,0.5,0.61,0.74,0.77,negative
0.71,0.4,0.48,0.5,0.71,0.7,0.74,negative
0.5,0.37,0.48,0.5,0.66,0.64,0.69,negative
0.66,0.53,0.48,0.5,0.59,0.66,0.66,negative
0.6,0.61,0.48,0.5,0.54,0.67,0.71,negative
0.83,0.37,0.48,0.5,0.61,0.71,0.74,negative
0.34,0.51,0.48,0.5,0.67,0.9,0.9,negative
0.63,0.54,0.48,0.5,0.65,0.79,0.81,negative
0.7,0.4,0.48,0.5,0.56,0.86,0.83,negative
0.6,0.5,1.0,0.5,0.54,0.77,0.8,negative
0.16,0.51,0.48,0.5,0.33,0.39,0.48,negative
0.74,0.7,0.48,0.5,0.66,0.65,0.69,negative
0.2,0.46,0.48,0.5,0.57,0.78,0.81,negative
0.89,0.55,0.48,0.5,0.51,0.72,0.76,negative
0.12,0.43,0.48,0.5,0.63,0.7,0.74,negative
0.61,0.52,0.48,0.5,0.54,0.67,0.52,negative
0.33,0.37,0.48,0.5,0.46,0.65,0.69,negative
0.63,0.65,0.48,0.5,0.66,0.67,0.71,negative
0.41,0.51,0.48,0.5,0.53,0.75,0.78,negative
0.34,0.67,0.48,0.5,0.52,0.76,0.79,negative
0.59,0.56,0.48,0.5,0.55,0.8,0.82,negative
0.51,0.4,0.48,0.5,0.57,0.62,0.67,negative
0.5,0.57,0.48,0.5,0.71,0.61,0.66,negative
0.6,0.46,0.48,0.5,0.45,0.81,0.83,negative
0.37,0.47,0.48,0.5,0.39,0.76,0.79,negative
0.58,0.55,0.48,0.5,0.57,0.7,0.74,negative
0.36,0.47,0.48,0.5,0.51,0.69,0.72,negative
0.39,0.41,0.48,0.5,0.52,0.72,0.75,negative
0.35,0.51,0.48,0.5,0.61,0.71,0.74,negative
0.31,0.44,0.48,0.5,0.5,0.79,0.82,negative
0.61,0.66,0.48,0.5,0.46,0.87,0.88,negative
0.11,0.5,0.48,0.5,0.58,0.72,0.68,negative
0.68,0.51,0.48,0.5,0.71,0.75,0.78,negative
0.52,0.54,0.48,0.5,0.62,0.76,0.79,negative
0.46,0.59,0.48,0.5,0.36,0.76,0.23,negative
0.36,0.45,0.48,0.5,0.38,0.79,0.17,negative
0.0,0.51,0.48,0.5,0.35,0.67,0.44,negative
0.1,0.49,0.48,0.5,0.41,0.67,0.21,negative
0.3,0.51,0.48,0.5,0.42,0.61,0.34,negative
0.63,0.75,0.48,0.5,0.64,0.73,0.66,negative
0.71,0.52,0.48,0.5,0.64,1.0,0.99,negative
0.63,0.49,0.48,0.5,0.54,0.76,0.79,negative
0.75,0.55,1.0,1.0,0.4,0.47,0.3,negative
0.72,0.42,0.48,0.5,0.65,0.77,0.79,negative
0.79,0.41,0.48,0.5,0.66,0.81,0.83,negative
0.83,0.48,0.48,0.5,0.65,0.76,0.79,negative
0.69,0.43,0.48,0.5,0.59,0.74,0.77,negative
0.79,0.36,0.48,0.5,0.46,0.82,0.7,negative
0.78,0.33,0.48,0.5,0.57,0.77,0.79,negative
0.59,0.29,0.48,0.5,0.64,0.75,0.77,negative
0.66,0.48,0.48,0.5,0.54,0.7,0.74,negative
0.64,0.46,0.48,0.5,0.48,0.73,0.76,negative
0.77,0.55,0.48,0.5,0.51,0.78,0.74,negative
0.81,0.44,0.48,0.5,0.42,0.67,0.68,negative
0.58,0.6,0.48,0.5,0.59,0.73,0.76,negative
0.63,0.42,0.48,0.5,0.48,0.77,0.8,negative
0.62,0.42,0.48,0.5,0.58,0.79,0.81,negative
0.86,0.39,0.48,0.5,0.59,0.89,0.9,negative
0.81,0.53,0.48,0.5,0.57,0.87,0.88,negative
0.87,0.49,0.48,0.5,0.61,0.76,0.79,negative
0.47,0.46,0.48,0.5,0.62,0.74,0.77,negative
0.76,0.41,0.48,0.5,0.5,0.59,0.62,negative
0.7,0.53,0.48,0.5,0.7,0.86,0.87,negative
0.64,0.45,0.48,0.5,0.67,0.61,0.66,negative
0.81,0.52,0.48,0.5,0.57,0.78,0.8,negative
0.73,0.26,0.48,0.5,0.57,0.75,0.78,negative
0.49,0.61,1.0,0.5,0.56,0.71,0.74,negative
0.84,0.54,0.48,0.5,0.75,0.92,0.7,negative
0.63,0.51,0.48,0.5,0.64,0.72,0.76,negative
0.86,0.55,0.48,0.5,0.63,0.81,0.83,negative
0.79,0.54,0.48,0.5,0.5,0.66,0.68,negative
0.57,0.38,0.48,0.5,0.06,0.49,0.33,negative
0.78,0.68,0.48,0.5,0.83,0.4,0.29,positive
0.63,0.69,0.48,0.5,0.65,0.41,0.28,positive
0.67,0.88,0.48,0.5,0.73,0.5,0.25,positive
0.61,0.75,0.48,0.5,0.51,0.33,0.33,positive
0.74,0.9,0.48,0.5,0.57,0.53,0.29,positive
0.75,0.76,0.48,0.5,0.83,0.57,0.3,positive
0.77,0.57,0.48,0.5,0.88,0.53,0.2,positive
0.68,0.76,0.48,0.5,0.84,0.45,0.27,positive
0.56,0.68,0.48,0.5,0.77,0.36,0.45,positive
0.65,0.51,0.48,0.5,0.66,0.54,0.33,positive
0.52,0.81,0.48,0.5,0.72,0.38,0.38,positive
0.64,0.57,0.48,0.5,0.7,0.33,0.26,positive
0.69,0.59,0.48,0.5,0.77,0.39,0.21,positive
0.63,0.49,0.48,0.5,0.79,0.45,0.28,positive
0.71,0.71,0.48,0.5,0.68,0.43,0.36,positive
0.68,0.63,0.48,0.5,0.73,0.4,0.3,positive
0.77,0.57,1.0,0.5,0.37,0.54,0.01,negative
0.66,0.49,1.0,0.5,0.54,0.56,0.36,negative
0.71,0.46,1.0,0.5,0.52,0.59,0.3,negative
0.67,0.55,1.0,0.5,0.66,0.58,0.16,negative
0.68,0.49,1.0,0.5,0.62,0.55,0.28,negative
0.74,0.49,0.48,0.5,0.42,0.54,0.36,negative
0.7,0.61,0.48,0.5,0.56,0.52,0.43,negative
0.73,0.78,0.48,0.5,0.58,0.51,0.31,negative
0.65,0.57,0.48,0.5,0.47,0.47,0.51,negative
0.72,0.86,0.48,0.5,0.17,0.55,0.21,negative
0.67,0.7,0.48,0.5,0.46,0.45,0.33,negative
0.67,0.81,0.48,0.5,0.54,0.49,0.23,negative
0.67,0.61,0.48,0.5,0.51,0.37,0.38,negative
0.57,0.59,0.48,0.5,0.39,0.47,0.33,negative
0.71,0.71,0.48,0.5,0.4,0.54,0.39,negative
0.67,0.81,0.48,0.5,0.25,0.42,0.25,negative
0.68,0.82,0.48,0.5,0.38,0.65,0.56,negative
0.7,0.64,0.48,0.5,0.47,0.51,0.47,negative
0.63,0.57,0.48,0.5,0.49,0.7,0.2,negative
0.74,0.82,0.48,0.5,0.49,0.49,0.41,negative
0.63,0.86,0.48,0.5,0.39,0.47,0.34,negative
0.63,0.83,0.48,0.5,0.4,0.39,0.19,negative
0.63,0.71,0.48,0.5,0.6,0.4,0.39,negative
0.71,0.86,0.48,0.5,0.4,0.54,0.32,negative
0.68,0.78,0.48,0.5,0.43,0.44,0.42,negative
0.64,0.84,0.48,0.5,0.37,0.45,0.4,negative
0.74,0.47,0.48,0.5,0.5,0.57,0.42,negative
0.63,0.65,0.48,0.5,0.39,0.44,0.35,negative
0.69,0.67,0.48,0.5,0.3,0.39,0.24,negative
0.69,0.8,0.48,0.5,0.46,0.57,0.26,negative
0.64,0.66,0.48,0.5,0.41,0.39,0.2,negative
0.66,0.71,0.48,0.5,0.41,0.5,0.35,negative
0.69,0.59,0.48,0.5,0.46,0.44,0.52,negative
0.68,0.67,0.48,0.5,0.49,0.4,0.34,negative
0.64,0.81,0.48,0.5,0.37,0.39,0.44,negative
0.29,0.39,0.48,0.5,0.52,0.4,0.48,negative
0.62,0.83,0.48,0.5,0.46,0.36,0.4,negative
0.56,0.54,0.48,0.5,0.43,0.37,0.3,negative
0.69,0.66,0.48,0.5,0.41,0.5,0.25,negative
0.43,0.59,0.48,0.5,0.52,0.49,0.56,negative
0.71,0.57,0.48,0.5,0.48,0.35,0.32,negative
0.74,0.74,0.48,0.5,0.31,0.53,0.52,negative
0.6808091814796448,0.704161836295929,0.48,0.5,0.6975144911122132,0.4163776180238342,0.37751449111221314,positive
0.5923612107073472,0.6665161622052721,0.48,0.5,0.7592129297642176,0.37078707023578233,0.40954848661581617,positive
0.623109804508805,0.7070470590752022,0.48,0.5,0.6167333319071879,0.39606274543360287,0.39590588184959574,positive
0.6019631094641605,0.6979841897703545,0.48,0.5,0.6680895913013244,0.38397891969380604,0.414031620459291,positive
0.6577797502574444,0.6995559500514889,0.48,0.5,0.7113321498455334,0.4056305501201407,0.39133214984553333,positive
0.539324580851558,0.7471951122324367,0.48,0.5,0.7441557260644475,0.370337709574221,0.4138180164902264,positive
0.6213627203375126,0.6544321998593698,0.48,0.5,0.7495457598874958,0.38045424011250417,0.3732965995781093,positive
0.6425398133450453,0.6456084111062312,0.48,0.5,0.7424867288849849,0.3875132711150151,0.3468252333186935,positive
0.6780948830748452,0.7036189766149691,0.48,0.5,0.6991430701550929,0.41511094543492777,0.3791430701550928,positive
0.5984310795134142,0.6964704626486061,0.48,0.5,0.6766673783245655,0.38196061686480814,0.4170590747027878,positive
0.5932913522372105,0.6661286032344956,0.48,0.5,0.7589028825875965,0.3710971174124035,0.4083858097034869,positive
0.5274279635635355,0.7858591184185099,0.48,0.5,0.7292849544544193,0.37628601821823227,0.39299893623618704,positive
0.6431474326824509,0.5031474326824509,0.48,0.5,0.7045416875640694,0.5091634470710289,0.31286858170612714,positive
0.6423347643002283,0.5023347643002283,0.48,0.5,0.7098240320485162,0.5055064393510272,0.31083691075057074,positive
0.7245556185609633,0.4768641695284607,0.48,0.5,0.527456678113843,0.5648518728536545,0.40455561856096334,positive
0.6364965902436241,0.49649659024362414,0.48,0.5,0.747772163416443,0.4792346560963087,0.29624147560906045,positive
0.6543738642980303,0.5274954571921212,0.48,0.5,0.6702056833620708,0.5195886332758586,0.3256261357019697,positive
0.6847776076403469,0.579555215280694,0.48,0.5,0.5904447847193061,0.5260889569438613,0.39955521528069393,positive
0.6574430345194062,0.5397721380776248,0.48,0.5,0.6773670805452812,0.5052658389094377,0.3225569654805938,positive
0.7298998976423671,0.4744889343811702,0.48,0.5,0.5179557375246808,0.5666332992141223,0.40989989764236706,positive
0.6713344066710396,0.5005180414795379,0.48,0.5,0.6220721659181517,0.5471114688903466,0.35133440667103966,positive
0.7308309042385854,0.47407515367173975,0.48,0.5,0.5163006146869591,0.5669436347461951,0.4108309042385855,positive
0.6993567232047433,0.6087134464094867,0.48,0.5,0.5612865535905134,0.5202573107181027,0.4287134464094867,positive
0.6794563378337894,0.49690829429609357,0.48,0.5,0.6076331771843744,0.5498187792779298,0.35945633783378944,positive
0.6782813624067957,0.6231254496271826,0.48,0.5,0.7259898456158566,0.408020308768287,0.30171863759320433,positive
0.6608801530471801,0.55352061218872,0.48,0.5,0.6853870237767533,0.48922595244649336,0.31911984695282003,positive
0.6527612645773717,0.5210450583094867,0.48,0.5,0.6664429506805339,0.5271140986389322,0.3272387354226283,positive
0.6471016716508708,0.5071016716508708,0.48,0.5,0.6788391342693394,0.526957522428919,0.3227541791271772,positive
0.633669125791763,0.49366912579176303,0.48,0.5,0.7661506823535403,0.46651106606293363,0.28917281447940757,positive
0.6688515875969593,0.5477031751939185,0.48,0.5,0.6222968248060815,0.5324593649612163,0.3677031751939186,positive
0.6670974907037267,0.5024011152427882,0.48,0.5,0.6296044609711526,0.5456991635679089,0.34709749070372664,positive
0.6540683986179674,0.5262735944718693,0.48,0.5,0.6694929301085905,0.5210141397828192,0.3259316013820327,positive
0.6681516132279254,0.5463032264558507,0.48,0.5,0.6236967735441493,0.5327393547088299,0.36630322645585073,positive
0.7210009459626155,0.4784440240166153,0.48,0.5,0.5337760960664611,0.5636669819875385,0.4010009459626156,positive
0.6436456311843008,0.5036456311843008,0.48,0.5,0.7013033973020444,0.5114053403293539,0.3141140779607522,positive
0.6792625223693185,0.6270500894772739,0.48,0.5,0.7282792188617431,0.40344156227651373,0.3007374776306815,positive
0.648431444788197,0.5733725779152787,0.48,0.5,0.7118040227034759,0.3401177337458365,0.251568555211803,positive
0.6767047606256634,0.5846819042502653,0.48,0.5,0.7513866648759288,0.3740457127507961,0.22329523937433657,positive
0.6384089984335434,0.5890920187974794,0.48,0.5,0.6920449921677169,0.34272801253165297,0.26318200313291323,positive
0.665709325526771,0.5802837302107083,0.48,0.5,0.7359930557374794,0.3608511906321253,0.23429067447322896,positive
0.6307286552807644,0.6812561366308276,0.48,0.5,0.6536432764038218,0.4041707577538851,0.2785426894384713,positive
0.633394674915497,0.5171573993239751,0.48,0.5,0.759447925760528,0.4092639010140373,0.27321065016900625,positive
0.6837762043733291,0.5875104817493316,0.48,0.5,0.7612866861226608,0.382531445247995,0.21622379562667088,positive
0.6350145790651355,0.530116632521084,0.48,0.5,0.7448687884137806,0.3898250512183741,0.26997084186972903,positive
0.637190336555281,0.5475226924422478,0.48,0.5,0.7252869710024711,0.3637159613366282,0.26561932688943807,positive
0.6392639599687197,0.5641116797497568,0.48,0.5,0.7066243602815235,0.33883248037536473,0.2614720800625608,positive
0.6713689528025945,0.5825475811210378,0.48,0.5,0.7439165339236323,0.3676427433631134,0.22863104719740548,positive
0.63,0.6939772045261006,0.48,0.5,0.6400569886847485,0.40801139773694967,0.3018746248935534,positive
0.6854860663676109,0.7038715165919027,0.48,0.5,0.6708072748878541,0.4238715165919027,0.33548606636761086,positive
0.63,0.6923720941020621,0.48,0.5,0.6440697647448447,0.40881395294896894,0.29304651756134176,positive
0.7016002460061048,0.7079000615015262,0.48,0.5,0.6768500922522894,0.4279000615015262,0.3516002460061049,positive
0.6493086284557709,0.6668296458530749,0.48,0.5,0.6808938055292333,0.4061382743088458,0.28772345138230837,positive
0.6326258562605771,0.6584897248730753,0.48,0.5,0.6631292813028853,0.38899314991538353,0.2747482874788459,positive
0.6441839505143382,0.6729792593827941,0.48,0.5,0.6726943208229411,0.40716320989713234,0.2856735802057353,positive
0.6354304789196277,0.6834834252964468,0.48,0.5,0.6586887662714043,0.40891390421607443,0.28217219156785106,positive
0.63,0.6983188151893585,0.48,0.5,0.6292029620266039,0.4058405924053208,0.3257534835414716,positive
0.6403532318046825,0.677576121834381,0.48,0.5,0.666565170887492,0.40792935363906346,0.284141292721873,positive
0.6744218733043559,0.636693752034773,0.48,0.5,0.7210749972869694,0.40111562533912887,0.29776874932174235,positive
0.6319887626276155,0.6661348484686139,0.48,0.5,0.6599438131380775,0.394089898979076,0.27602247474476904,positive
0.7171384891762608,0.7349847121169126,0.48,0.5,0.6443075541186962,0.458553956705043,0.3421537770593481,positive
0.6651106517191242,0.698777662929781,0.48,0.5,0.6631664943946716,0.418777662929781,0.3151106517191242,positive
0.6327305229574722,0.690682630739368,0.48,0.5,0.6510239461090521,0.41068263073936806,0.2827305229574723,positive
0.6771000171641738,0.7017750042910434,0.48,0.5,0.6676625064365652,0.4217750042910434,0.3271000171641738,positive
0.6742589062493364,0.7010647265623341,0.48,0.5,0.6665970898435012,0.42106472656233407,0.32425890624933634,positive
0.7240659627010095,0.7592308694535335,0.48,0.5,0.6096701864949523,0.48626385080403817,0.3248350932474761,positive
0.6991222743115462,0.6809927314974565,0.48,0.5,0.6981295428140897,0.4191222743115462,0.3382445486230924,positive
0.6727290537859468,0.71,0.48,0.5,0.6427290537859468,0.4160233951697301,0.37397660483026995,positive
0.7032475549126112,0.6919934797669632,0.48,0.5,0.691254075145648,0.42324755491261123,0.3464951098252224,positive
0.7069902538740075,0.7019740103306866,0.48,0.5,0.6850162435433209,0.42699025387400746,0.353980507748015,positive
0.7208100896933293,0.7478353139266525,0.48,0.5,0.6259495515333536,0.47324035877331705,0.33297477576667683,positive
0.6669986859815878,0.699249671495397,0.48,0.5,0.6638745072430955,0.41924967149539694,0.3169986859815879,positive
0.7297116000945233,0.7789906003308315,0.48,0.5,0.5814419995273836,0.508846400378093,0.31072099976369183,positive
0.7151122697848652,0.7278929442470283,0.48,0.5,0.6544386510756738,0.450449079139461,0.34721932553783685,positive
0.6432944599148369,0.71,0.48,0.5,0.6132944599148369,0.40498542246806385,0.3850145775319362,positive
0.7152734102406347,0.7284569358422217,0.48,0.5,0.6536329487968261,0.4510936409625392,0.346816474398413,positive
0.6883018191278811,0.6521381843410163,0.48,0.5,0.7161636347868648,0.4083018191278811,0.3166036382557622,positive
0.6905973052721861,0.7051493263180465,0.48,0.5,0.6727239894770698,0.4251493263180465,0.3405973052721861,positive
0.6965089590669157,0.6740238908451084,0.48,0.5,0.7024850682218072,0.41650895906691565,0.3330179181338313,positive
0.683586831290706,0.71,0.48,0.5,0.6535868312907059,0.42009506173401473,0.36990493826598525,positive
0.6851487741671377,0.7037871935417844,0.48,0.5,0.6706807903126767,0.4237871935417844,0.33514877416713773,positive
0.7045242267499447,0.6953979379998526,0.48,0.5,0.6891262887500921,0.4245242267499447,0.3490484534998895,positive
0.6488566507468043,0.694714162686701,0.48,0.5,0.6570712440300517,0.4147141626867011,0.2988566507468044,positive
0.7042605860960667,0.71,0.48,0.5,0.6742605860960668,0.427847719786025,0.362152280213975,positive
0.6193653798392591,0.8249230387140728,0.48,0.5,0.4631731008037045,0.3580961395177773,0.39555765887481376,positive
0.6145378437406321,0.7863027499250572,0.48,0.5,0.48731078129683925,0.3436135312218965,0.3617649061844251,positive
0.6167840116518848,0.7522613372172949,0.48,0.5,0.4964319766962305,0.33452267443458983,0.3413066860864746,positive
0.6675380942554371,0.6842421779937863,0.48,0.5,0.49356054449844655,0.38753809425543706,0.33821972775077674,positive
0.6264470622793683,0.7312033573950076,0.48,0.5,0.5053008393487519,0.34644706227936833,0.33234958032562406,positive
0.6115489316300867,0.7623914530406937,0.48,0.5,0.5022553418495664,0.33464679489026017,0.340842521410607,positive
0.635105444308015,0.7213080636479828,0.48,0.5,0.5028270159119957,0.355105444308015,0.33358649204400215,positive
0.660221565312131,0.6926039253575645,0.48,0.5,0.4956509813393911,0.3802215653121311,0.33717450933030446,positive
0.6281895687424451,0.7136208625151096,0.48,0.5,0.5918530593410033,0.39366349059855815,0.3845687062273355,positive
0.6183159613750965,0.7333680772498071,0.48,0.5,0.5474218261879339,0.3591058648128375,0.3549478841252893,positive
0.618196451967933,0.8155716157434644,0.48,0.5,0.46901774016033476,0.35458935590379914,0.3873751637755314,positive
0.6334959692705294,0.7578319897568432,0.48,0.5,0.46300806145894113,0.34566397951368627,0.36915994878421576,positive
0.6190806199910943,0.8226449599287544,0.48,0.5,0.46459690004452847,0.3572418599732829,0.39356433993766016,positive
0.6188951844136938,0.8211614753095504,0.48,0.5,0.46552407793153094,0.3566855532410814,0.3922662908958567,positive
0.6641106572852576,0.6881592488168484,0.48,0.5,0.4945398122042121,0.3841106572852577,0.337730093897894,positive
0.6358691992492367,0.7586230664164122,0.48,0.5,0.45826160150152656,0.34724613283282446,0.3731153320820612,positive
0.616947038185759,0.752315679395253,0.48,0.5,0.4961059236284819,0.33463135879050604,0.34157839697626513,positive
0.6173974818781653,0.8091798550253225,0.48,0.5,0.47301259060917344,0.3521924456344959,0.38178237314715724,positive
0.6498419093988279,0.7044663892584825,0.48,0.5,0.4986165973146206,0.3698419093988279,0.3356917013426897,positive
0.6168772334225164,0.8050178673801318,0.48,0.5,0.47561383288741765,0.3506317002675494,0.3781406339576154,positive
0.6182418591234571,0.7335162817530857,0.48,0.5,0.5470883660555571,0.35884650693209996,0.3547255773703714,positive
0.6236910824846358,0.7545636941615452,0.48,0.5,0.4826178350307285,0.3391273883230905,0.35281847080772627,positive
0.6379354311485036,0.7593118103828346,0.48,0.5,0.45412913770299285,0.34862362076566905,0.3765590519141726,positive
0.6105274255823132,0.754219404658506,0.48,0.5,0.5073628720884338,0.33158227674693974,0.3336919790761928,positive
0.613277336899456,0.7762186951956478,0.48,0.5,0.49361331550272014,0.33983201069836794,0.35294135829619183,positive
0.612745518150299,0.771964145202392,0.48,0.5,0.496272409248505,0.338236554450897,0.349218627052093,positive
0.6221621785147168,0.7540540595049056,0.48,0.5,0.4856756429705664,0.3381081190098112,0.350270297524528,positive
0.6792778612330157,0.6708253014479822,0.48,0.5,0.49020632536199554,0.3992778612330156,0.3398968373190023,positive
0.6217532520915762,0.753917750697192,0.48,0.5,0.48649349581684764,0.3378355013943841,0.34958875348596036,positive
0.6354792342228429,0.7208808751738939,0.48,0.5,0.5027202187934735,0.35547923422284294,0.33363989060326327,positive
0.6243809867070271,0.7212380265859456,0.48,0.5,0.5747144401816222,0.3803334534745951,0.3731429601210815,positive
0.6226877955120742,0.7542292651706914,0.48,0.5,0.4846244089758515,0.33845853034138285,0.3511463258534571,positive
0.6756842683645247,0.6749322647262576,0.48,0.5,0.49123306618156437,0.39568426836452464,0.33938346690921783,positive
0.6170566709489864,0.7419352332011584,0.48,0.5,0.5079838083002897,0.3370566709489864,0.3310080958498552,positive
0.6122086877524531,0.7474757854257679,0.48,0.5,0.509368946356442,0.3322086877524531,0.330315526821779,positive
0.622342600222716,0.725314799554568,0.48,0.5,0.565541701002222,0.373199100779506,0.36702780066814805,positive
0.6236165267047182,0.7545388422349061,0.48,0.5,0.48276694659056346,0.3390776844698122,0.3526942111745305,positive
0.6703537773785262,0.6810242544245415,0.48,0.5,0.4927560636061354,0.3903537773785262,0.33862196819693235,positive
0.6216217971748879,0.7267564056502243,0.48,0.5,0.5622980872869953,0.37067629011210745,0.3648653915246635,positive
0.6115843049451531,0.7626744395612255,0.48,0.5,0.5020784752742341,0.33475291483545955,0.34109013461607235,positive
0.6213038165180219,0.7537679388393407,0.48,0.5,0.4873923669639562,0.33753587767868126,0.3488396941967032,positive
0.6353644802153829,0.7210120226109908,0.48,0.5,0.5027530056527477,0.355364480215383,0.33362349717362616,positive
0.6281414980462575,0.7560471660154192,0.48,0.5,0.4737170039074849,0.3420943320308384,0.3602358300770959,positive
0.6129843912828818,0.750994797094294,0.48,0.5,0.5040312174342363,0.3319895941885879,0.3349739854714698,positive
0.6619003446088039,0.6906853204470813,0.48,0.5,0.49517133011177034,0.3819003446088039,0.3374143349441149,positive
0.6221386785553774,0.7257226428892452,0.48,0.5,0.5646240534991983,0.3724853749438209,0.3664160356661322,positive
0.6102195235613169,0.7517561884905358,0.48,0.5,0.5089023821934151,0.33065857068395094,0.33153666492921885,positive
0.6437384550362256,0.7114417656728851,0.48,0.5,0.5003604414182212,0.3637384550362256,0.3348197792908894,positive
0.6102302135816169,0.7497368987638664,0.48,0.5,0.5099342246909666,0.3302302135816169,0.3300328876545167,positive
0.6551856385179795,0.6983592702651664,0.48,0.5,0.49708981756629156,0.3751856385179795,0.33645509121685424,positive
0.617054659925994,0.8064372794079518,0.48,0.5,0.47472670037003006,0.35116397977798197,0.37938261948195795,positive
0.6137015462580628,0.7796123700645029,0.48,0.5,0.4914922687096857,0.3411046387741886,0.35591082380644007,positive
0.6174991571659221,0.7350016856681558,0.48,0.5,0.5437462072466492,0.3562470500807272,0.35249747149776617,positive
0.6193019921625991,0.7531006640541997,0.48,0.5,0.49139601567480173,0.3362013281083994,0.34550332027099856,positive
0.6299425694133843,0.7566475231377948,0.48,0.5,0.4701148611732313,0.34329504627558954,0.3632376156889739,positive
0.6498746952087701,0.7044289197614058,0.48,0.5,0.49860722994035145,0.36987469520877003,0.3356963850298243,positive
0.6432743926487556,0.7119721226871364,0.48,0.5,0.5004930306717841,0.36327439264875566,0.334753484664108,positive
0.6214281151151612,0.7271437697696777,0.48,0.5,0.5614265180182252,0.36999840290306407,0.3642843453454835,positive
0.6145564598015537,0.7515188199338513,0.48,0.5,0.5008870803968926,0.33303763986770246,0.3375940996692562,positive
0.7096131713881758,0.8913180489680502,0.48,0.5,0.6394556082555982,0.5169770734520753,0.27263609793610044,positive
0.6923416331697746,0.8863833237627927,0.48,0.5,0.678933409897658,0.5095749856441891,0.2627666475255855,positive
0.6724579243033584,0.8505049083597002,0.48,0.5,0.7570371673369415,0.4877103784832084,0.2549158486067166,positive
0.6792012637722207,0.7695848347333519,0.48,0.5,0.8312139014944274,0.4539936811388966,0.2684025275444414,positive
0.6933348369030892,0.8411086051615181,0.48,0.5,0.6716629077422771,0.5038891394838482,0.27333483690308913,positive
0.6883380475491896,0.8852394421569113,0.48,0.5,0.6880844627447097,0.507859163235367,0.2604788843138226,positive
0.6803107038367917,0.8829459153819404,0.48,0.5,0.7064326769444762,0.5044188730729107,0.25589183076388095,positive
0.7314466870459063,0.7878299694311405,0.48,0.5,0.8068083588073829,0.553765851165168,0.28840417940369145,positive
0.6763094481325693,0.8042866224091689,0.48,0.5,0.7994039294582618,0.46845275933715375,0.2626188962651385,positive
0.6981454109953128,0.8377818835070309,0.48,0.5,0.7651817637441409,0.5246272346208987,0.2675908818720705,positive
0.6933760796107927,0.8410398673153456,0.48,0.5,0.6715598009730184,0.5038960132684654,0.2733760796107927,positive
0.6740934452652161,0.8308786568174071,0.48,0.5,0.7750278979173768,0.4795327736739196,0.25818689053043214,positive
0.6743523426863413,0.8812435264818118,0.48,0.5,0.7200517881455059,0.5018652897227177,0.25248705296362356,positive
0.7111374876049605,0.8917535678871316,0.48,0.5,0.6359714569029472,0.5176303518306974,0.27350713577426317,positive
0.6749514111343977,0.820583066387228,0.48,0.5,0.7844655224783743,0.4752429443280117,0.25990282226879535,positive
0.7361898550201245,0.898911387148607,0.48,0.5,0.5787089028111441,0.5283670807229105,0.287822774297214,positive
0.7031869787057471,0.8246883688237548,0.48,0.5,0.6470325532356322,0.5055311631176245,0.2831869787057471,positive
0.699289103530841,0.8360663447037386,0.48,0.5,0.7666113794135511,0.5256279655894858,0.26830568970677554,positive
0.720472747311605,0.8944207849461729,0.48,0.5,0.6146337204306169,0.5216311774192594,0.27884156989234576,positive
0.6716422931932229,0.8775365602101657,0.48,0.5,0.7320528664915286,0.50143700654407,0.2510264332457643,positive
0.7178420392841555,0.8082369410737668,0.48,0.5,0.7898025491051943,0.541861784373636,0.27990127455259717,positive
0.7226969861743924,0.8950562817641121,0.48,0.5,0.6095497458871031,0.5225844226461682,0.2801125635282242,positive
0.7109483274485012,0.8117527875858312,0.48,0.5,0.6276291813787468,0.5068247212414169,0.29094832744850124,positive
0.7096858942476528,0.8913388269279008,0.48,0.5,0.6392893845767935,0.5170082403918512,0.27267765385580156,positive
0.7360888248535243,0.8921776497070487,0.48,0.5,0.5613954146777536,0.5331289401171806,0.2876532949121146,positive
0.7398988210576085,0.8987858526913028,0.48,0.5,0.5701011789423914,0.5297976421152172,0.2902023578847828,positive
0.7343851870572741,0.8326222446872891,0.48,0.5,0.5756148129427259,0.5187703741145482,0.3012296258854518,positive
0.6790312419460326,0.8216115967877562,0.48,0.5,0.5438705322625854,0.49516070968344716,0.23774106452517077,positive
0.7376769406864331,0.8970132094539853,0.48,0.5,0.5690044031513284,0.5286725375351046,0.28800880630265685,positive
0.7306489494582133,0.8812978989164267,0.48,0.5,0.5494276888080692,0.5374808404334294,0.284389369674928,positive
0.7349214152335791,0.8934703910146018,0.48,0.5,0.5678234636715339,0.5270979515620452,0.2856469273430678,positive
0.74,0.8750069988405963,0.48,0.5,0.5450069988405962,0.5175034994202982,0.3274895017391056,positive
0.74,0.8806084265821602,0.48,0.5,0.5506084265821601,0.5203042132910801,0.31908736012675964,positive
0.74,0.8599195786430076,0.48,0.5,0.5299195786430075,0.5099597893215038,0.3501206320354886,positive
0.7384267728660878,0.8979772793992559,0.48,0.5,0.5693257597997519,0.529101013066336,0.28865151959950386,positive
0.7399752748966018,0.8999505497932035,0.48,0.5,0.5699456047725238,0.5300197800827187,0.28998516493796106,positive
0.7396521736651284,0.8958260839815402,0.48,0.5,0.5703478263348716,0.5293043473302567,0.2906956526697433,positive
0.74,0.8891056120848216,0.48,0.5,0.5591056120848216,0.5245528060424108,0.3063415818727675,positive
0.674393020534689,0.8156481692588858,0.48,0.5,0.5418827230862953,0.4925102974483937,0.23376544617259054,positive
0.74,0.8611390455021279,0.48,0.5,0.531139045502128,0.510569522751064,0.348291431746808,positive
0.74,0.8955349069179996,0.48,0.5,0.5655349069179996,0.5277674534589998,0.2966976396230006,positive
0.721918505111814,0.8638370102236281,0.48,0.5,0.5302207112459909,0.5444651959105488,0.2791511030670884,positive
0.7185950730633052,0.8571901461266104,0.48,0.5,0.5229091607392714,0.5471239415493558,0.2771570438379831,positive
0.731152453179956,0.7938294381594733,0.48,0.5,0.5788475468200438,0.5123049063599122,0.3076950936400878,positive
0.74,0.8768545478997113,0.48,0.5,0.5468545478997112,0.5184272739498557,0.32471817815043313,positive
0.74,0.8977914949086523,0.48,0.5,0.5677914949086522,0.5288957474543261,0.29331275763702164,positive
0.74,0.8658819115714166,0.48,0.5,0.5358819115714166,0.5129409557857083,0.341177132642875,positive
0.7128078377006775,0.8456156754013551,0.48,0.5,0.5101772429414906,0.5517537298394579,0.2736847026204065,positive
0.7306158575476799,0.7873902905721594,0.48,0.5,0.5793841424523201,0.5112317150953599,0.3087682849046401,positive
0.6987346786658372,0.8469445868560763,0.48,0.5,0.5523148622853588,0.5064198163804784,0.25462972457071753,positive
0.7334829410209897,0.8217952922518758,0.48,0.5,0.5765170589790103,0.5169658820419794,0.3030341179580207,positive
0.7365120249570553,0.8581442994846631,0.48,0.5,0.5734879750429447,0.5230240499141106,0.29697595008588945,positive
0.73427969218208,0.8313563061849603,0.48,0.5,0.5757203078179199,0.51855938436416,0.30144061563583996,positive
0.7162333014189703,0.8524666028379408,0.48,0.5,0.5177132631217348,0.5490133588648237,0.27573998085138224,positive
0.74,0.8485233722572016,0.48,0.5,0.5185233722572017,0.5042616861286009,0.3672149416141975,positive
0.74,0.8643962916469556,0.48,0.5,0.5343962916469557,0.5121981458234779,0.34340556252956644,positive
0.74,0.8532338155768893,0.48,0.5,0.5232338155768893,0.5066169077884447,0.36014927663466606,positive
0.74,0.8818463804780886,0.48,0.5,0.5518463804780885,0.5209231902390443,0.3172304292828671,positive
0.7291861208891244,0.88609644114316,0.48,0.5,0.5653654803810533,0.5238206405080711,0.28073096076210663,positive
0.74,0.873553962034511,0.48,0.5,0.5435539620345109,0.5167769810172556,0.3296690569482335,positive
0.7309384966607706,0.8818769933215412,0.48,0.5,0.5500646926536953,0.5372492026713835,0.28456309799646234,positive
0.697810693285334,0.8457566056525723,0.48,0.5,0.5519188685508574,0.5058918247344766,0.2538377371017148,positive
0.7359754428561799,0.8517053142741593,0.48,0.5,0.5740245571438201,0.5219508857123599,0.2980491142876401,positive
0.7009796269652971,0.8219592539305943,0.48,0.5,0.4841551793236537,0.5612162984277622,0.2665877761791783,positive
0.7370710364959046,0.864852437950855,0.48,0.5,0.5729289635040954,0.5241420729918091,0.2958579270081908,positive
0.6882837977914302,0.8335077400175532,0.48,0.5,0.5478359133391844,0.5004478844522459,0.2456718266783688,positive
0.694362102804783,0.8087242056095663,0.48,0.5,0.4695966261705229,0.5665103177561734,0.26261726168286986,positive
0.7327036505864595,0.8124438070375145,0.48,0.5,0.5772963494135405,0.5154073011729191,0.3045926988270809,positive
0.7355005326370896,0.8460063916450752,0.48,0.5,0.5744994673629104,0.5210010652741792,0.2989989347258208,positive
0.7283227430444732,0.8849863839143226,0.48,0.5,0.5649954613047742,0.523327281739699,0.2799909226095484,positive
0.74,0.8344761262496582,0.48,0.5,0.5044761262496582,0.4972380631248291,0.3882858106255127,positive
0.7315083504610562,0.7981002055326744,0.48,0.5,0.5784916495389437,0.5130167009221124,0.3069832990778876,positive
0.7387813543915952,0.8853762526991421,0.48,0.5,0.5712186456084047,0.5275627087831903,0.2924372912168096,positive
0.7262618936799532,0.8725237873599065,0.48,0.5,0.5397761660958972,0.5409904850560374,0.28175713620797194,positive
0.74,0.8934315009771508,0.48,0.5,0.5634315009771508,0.5267157504885754,0.2998527485342737,positive
0.6972117447663835,0.8144234895327672,0.48,0.5,0.47586583848604386,0.5642306041868931,0.26432704685983016,positive
0.74,0.8951693354241087,0.48,0.5,0.5651693354241086,0.5275846677120544,0.297245996863837,positive
0.74,0.8971431858351794,0.48,0.5,0.5671431858351793,0.5285715929175897,0.294285221247231,positive
0.74,0.8376540437476542,0.48,0.5,0.5076540437476542,0.4988270218738271,0.38351893437851864,positive
0.74,0.8879247402103877,0.48,0.5,0.5579247402103876,0.5239623701051939,0.30811288968441847,positive
0.7058037086858174,0.831607417371635,0.48,0.5,0.49476815910879846,0.557357033051346,0.26948222521149046,positive
0.736654129074979,0.8598495488997473,0.48,0.5,0.573345870925021,0.5233082581499579,0.2966917418500421,positive
0.7389298361271229,0.8871580335254758,0.48,0.5,0.571070163872877,0.527859672254246,0.292140327745754,positive
0.580829529304438,0.7436405134860676,0.48,0.5,0.6812902995335395,0.3965898716284831,0.3247004279050564,positive
0.5285476822666396,0.8055012198596634,0.48,0.5,0.7182004879438654,0.3822493900701683,0.3791002439719327,positive
0.5527787555764374,0.7802011312941478,0.48,0.5,0.6842413575529773,0.38595977374117046,0.3829798868705852,positive
0.6225516781936609,0.7167712016421265,0.48,0.5,0.6081254419705517,0.39864575967157473,0.38932287983578734,positive
0.6172108310096218,0.7039518207167762,0.48,0.5,0.6581385620847862,0.40651204482080594,0.2916265172639802,positive
0.550818591151874,0.7763797187434102,0.48,0.5,0.7003881692669892,0.38840507031414745,0.3519830989528418,positive
0.5482577974697613,0.7181621582232758,0.48,0.5,0.7553222468372016,0.36587110126511935,0.4294511455720823,positive
0.6481205965052418,0.7425681071025043,0.48,0.5,0.6930272428410017,0.4137159464487478,0.36651362142050087,positive
0.5384685116660478,0.7499773370853448,0.48,0.5,0.7430856395825597,0.3707657441669761,0.41231989541558367,positive
0.5509542598385082,0.7093986555248486,0.48,0.5,0.7586928247981352,0.3645228700807459,0.4341699547173893,positive
0.5499732530006428,0.7125869277479111,0.48,0.5,0.7574665662508034,0.3650133734996786,0.4324531927511248,positive
0.5585703107737763,0.6846464899852275,0.48,0.5,0.7682128884672202,0.3607148446131119,0.4474980438541083,positive
