@relation ecoli4
@attribute Mcg real [0.0, 0.89]
@attribute Gvh real [0.16, 1.0]
@attribute Lip real [0.48, 1.0]
@attribute Chg real [0.5, 1.0]
@attribute Aac real [0.0, 0.88]
@attribute Alm1 real [0.03, 1.0]
@attribute Alm2 real [0.0, 0.99]
@attribute Class {positive, negative}
@data
0.49,0.29,0.48,0.5,0.56,0.24,0.35,negative
0.07,0.4,0.48,0.5,0.54,0.35,0.44,negative
0.56,0.4,0.48,0.5,0.49,0.37,0.46,negative
0.59,0.49,0.48,0.5,0.52,0.45,0.36,negative
0.23,0.32,0.48,0.5,0.55,0.25,0.35,negative
0.67,0.39,0.48,0.5,0.36,0.38,0.46,negative
0.29,0.28,0.48,0.5,0.44,0.23,0.34,negative
0.21,0.34,0.48,0.5,0.51,0.28,0.39,negative
0.2,0.44,0.48,0.5,0.46,0.51,0.57,negative
0.42,0.4,0.48,0.5,0.56,0.18,0.3,negative
0.42,0.24,0.48,0.5,0.57,0.27,0.37,negative
0.25,0.48,0.48,0.5,0.44,0.17,0.29,negative
0.39,0.32,0.48,0.5,0.46,0.24,0.35,negative
0.51,0.5,0.48,0.5,0.46,0.32,0.35,negative
0.22,0.43,0.48,0.5,0.48,0.16,0.28,negative
0.25,0.4,0.48,0.5,0.46,0.44,0.52,negative
0.44,0.27,0.48,0.5,0.55,0.52,0.58,negative
0.23,0.4,0.48,0.5,0.39,0.28,0.38,negative
0.4,0.45,0.48,0.5,0.38,0.22,0.0,negative
0.31,0.23,0.48,0.5,0.73,0.05,0.14,negative
0.51,0.54,0.48,0.5,0.41,0.34,0.43,negative
0.3,0.16,0.48,0.5,0.56,0.11,0.23,negative
0.36,0.39,0.48,0.5,0.48,0.22,0.23,negative
0.29,0.37,0.48,0.5,0.48,0.44,0.52,negative
0.43,0.37,0.48,0.5,0.53,0.35,0.44,negative
0.43,0.39,0.48,0.5,0.47,0.31,0.41,negative
0.34,0.33,0.48,0.5,0.38,0.35,0.44,negative
0.56,0.51,0.48,0.5,0.34,0.37,0.46,negative
0.24,0.35,0.48,0.5,0.31,0.19,0.31,negative
0.36,0.54,0.48,0.5,0.41,0.38,0.46,negative
0.29,0.52,0.48,0.5,0.42,0.29,0.39,negative
0.65,0.47,0.48,0.5,0.59,0.3,0.4,negative
0.32,0.42,0.48,0.5,0.35,0.28,0.38,negative
0.38,0.46,0.48,0.5,0.48,0.22,0.29,negative
0.33,0.45,0.48,0.5,0.52,0.32,0.41,negative
0.3,0.37,0.48,0.5,0.59,0.41,0.49,negative
0.4,0.5,0.48,0.5,0.45,0.39,0.47,negative
0.28,0.38,0.48,0.5,0.5,0.33,0.42,negative
0.61,0.45,0.48,0.5,0.48,0.35,0.41,negative
0.17,0.38,0.48,0.5,0.45,0.42,0.5,negative
0.44,0.35,0.48,0.5,0.55,0.55,0.61,negative
0.43,0.4,0.48,0.5,0.39,0.28,0.39,negative
0.42,0.35,0.48,0.5,0.58,0.15,0.27,negative
0.23,0.33,0.48,0.5,0.43,0.33,0.43,negative
0.37,0.52,0.48,0.5,0.42,0.42,0.36,negative
0.22,0.36,0.48,0.5,0.35,0.39,0.47,negative
0.23,0.58,0.48,0.5,0.37,0.53,0.59,negative
0.47,0.47,0.48,0.5,0.22,0.16,0.26,negative
0.54,0.47,0.48,0.5,0.28,0.33,0.42,negative
0.51,0.37,0.48,0.5,0.35,0.36,0.45,negative
0.4,0.35,0.48,0.5,0.45,0.33,0.42,negative
0.42,0.38,0.48,0.5,0.54,0.34,0.43,negative
0.44,0.56,0.48,0.5,0.5,0.46,0.54,negative
0.52,0.36,0.48,0.5,0.41,0.28,0.38,negative
0.36,0.41,0.48,0.5,0.48,0.47,0.54,negative
0.18,0.3,0.48,0.5,0.46,0.24,0.35,negative
0.24,0.43,0.48,0.5,0.54,0.52,0.59,negative
0.25,0.37,0.48,0.5,0.41,0.33,0.42,negative
0.52,0.57,0.48,0.5,0.42,0.47,0.54,negative
0.25,0.37,0.48,0.5,0.43,0.26,0.36,negative
0.35,0.48,0.48,0.5,0.56,0.4,0.48,negative
0.26,0.26,0.48,0.5,0.34,0.25,0.35,negative
0.44,0.51,0.48,0.5,0.47,0.26,0.36,negative
0.37,0.5,0.48,0.5,0.42,0.36,0.45,negative
0.44,0.42,0.48,0.5,0.42,0.25,0.2,negative
0.41,0.48,0.48,0.5,0.51,0.44,0.51,negative
0.44,0.28,0.48,0.5,0.43,0.27,0.37,negative
0.34,0.28,0.48,0.5,0.41,0.35,0.44,negative
0.29,0.47,0.48,0.5,0.41,0.23,0.34,negative
0.34,0.55,0.48,0.5,0.58,0.31,0.41,negative
0.4,0.46,0.48,0.5,0.52,0.49,0.56,negative
0.5,0.49,0.48,0.5,0.49,0.46,0.53,negative
0.5,0.51,0.48,0.5,0.27,0.23,0.34,negative
0.53,0.42,0.48,0.5,0.16,0.29,0.39,negative
0.34,0.46,0.48,0.5,0.52,0.35,0.44,negative
0.4,0.42,0.48,0.5,0.37,0.27,0.27,negative
0.3,0.45,0.48,0.5,0.36,0.21,0.32,negative
0.31,0.47,0.48,0.5,0.29,0.28,0.39,negative
0.64,0.76,0.48,0.5,0.45,0.35,0.38,negative
0.35,0.37,0.48,0.5,0.3,0.34,0.43,negative
0.57,0.54,0.48,0.5,0.37,0.28,0.33,negative
0.65,0.55,0.48,0.5,0.34,0.37,0.28,negative
0.51,0.46,0.48,0.5,0.58,0.31,0.41,negative
0.33,0.47,0.48,0.5,0.53,0.18,0.29,negative
0.26,0.5,0.48,0.5,0.44,0.32,0.41,negative
0.44,0.49,0.48,0.5,0.39,0.38,0.4,negative
0.43,0.32,0.48,0.5,0.33,0.45,0.52,negative
0.47,0.28,0.48,0.5,0.56,0.2,0.25,negative
0.32,0.33,0.48,0.5,0.6,0.06,0.2,negative
0.34,0.35,0.48,0.5,0.51,0.49,0.56,negative
0.35,0.34,0.48,0.5,0.46,0.3,0.27,negative
0.38,0.3,0.48,0.5,0.43,0.29,0.39,negative
0.38,0.44,0.48,0.5,0.43,0.2,0.31,negative
0.34,0.42,0.48,0.5,0.41,0.34,0.43,negative
0.51,0.49,0.48,0.5,0.53,0.14,0.26,negative
0.25,0.51,0.48,0.5,0.37,0.42,0.5,negative
0.29,0.28,0.48,0.5,0.5,0.42,0.5,negative
0.25,0.26,0.48,0.5,0.39,0.32,0.42,negative
0.24,0.41,0.48,0.5,0.49,0.23,0.34,negative
0.17,0.39,0.48,0.5,0.53,0.3,0.39,negative
0.04,0.31,0.48,0.5,0.41,0.29,0.39,negative
0.61,0.36,0.48,0.5,0.49,0.35,0.44,negative
0.34,0.51,0.48,0.5,0.44,0.37,0.46,negative
0.28,0.33,0.48,0.5,0.45,0.22,0.33,negative
0.4,0.46,0.48,0.5,0.42,0.35,0.44,negative
0.23,0.34,0.48,0.5,0.43,0.26,0.37,negative
0.0,0.38,0.48,0.5,0.42,0.48,0.55,negative
0.39,0.31,0.48,0.5,0.38,0.34,0.43,negative
0.27,0.3,0.48,0.5,0.71,0.28,0.39,negative
0.17,0.52,0.48,0.5,0.49,0.37,0.46,negative
0.36,0.42,0.48,0.5,0.53,0.32,0.41,negative
0.3,0.37,0.48,0.5,0.43,0.18,0.3,negative
0.26,0.4,0.48,0.5,0.36,0.26,0.37,negative
0.22,0.34,0.48,0.5,0.42,0.29,0.39,negative
0.44,0.35,0.48,0.5,0.44,0.52,0.59,negative
0.27,0.42,0.48,0.5,0.37,0.38,0.43,negative
0.16,0.43,0.48,0.5,0.54,0.27,0.37,negative
0.06,0.61,0.48,0.5,0.49,0.92,0.37,negative
0.44,0.52,0.48,0.5,0.43,0.47,0.54,negative
0.63,0.47,0.48,0.5,0.51,0.82,0.84,negative
0.23,0.48,0.48,0.5,0.59,0.88,0.89,negative
0.34,0.49,0.48,0.5,0.58,0.85,0.8,negative
0.43,0.4,0.48,0.5,0.58,0.75,0.78,negative
0.46,0.61,0.48,0.5,0.48,0.86,0.87,negative
0.27,0.35,0.48,0.5,0.51,0.77,0.79,negative
0.52,0.39,0.48,0.5,0.65,0.71,0.73,negative
0.29,0.47,0.48,0.5,0.71,0.65,0.69,negative
0.12,0.67,0.48,0.5,0.74,0.58,0.63,negative
0.4,0.5,0.48,0.5,0.65,0.82,0.84,negative
0.84,0.44,0.48,0.5,0.48,0.71,0.74,negative
0.48,0.45,0.48,0.5,0.6,0.78,0.8,negative
0.54,0.49,0.48,0.5,0.4,0.87,0.88,negative
0.5,0.66,0.48,0.5,0.31,0.92,0.92,negative
0.47,0.55,0.48,0.5,0.58,0.71,0.75,negative
0.33,0.56,0.48,0.5,0.33,0.78,0.8,negative
0.64,0.58,0.48,0.5,0.48,0.78,0.73,negative
0.54,0.57,0.48,0.5,0.56,0.81,0.83,negative
0.47,0.59,0.48,0.5,0.52,0.76,0.79,negative
0.63,0.5,0.48,0.5,0.59,0.85,0.86,negative
0.49,0.42,0.48,0.5,0.53,0.79,0.81,negative
0.31,0.5,0.48,0.5,0.57,0.84,0.85,negative
0.74,0.44,0.48,0.5,0.55,0.88,0.89,negative
0.45,0.4,0.48,0.5,0.61,0.74,0.77,negative
0.71,0.4,0.48,0.5,0.71,0.7,0.74,negative
0.5,0.37,0.48,0.5,0.66,0.64,0.69,negative
0.66,0.53,0.48,0.5,0.59,0.66,0.66,negative
0.83,0.37,0.48,0.5,0.61,0.71,0.74,negative
0.34,0.51,0.48,0.5,0.67,0.9,0.9,negative
0.7,0.4,0.48,0.5,0.56,0.86,0.83,negative
0.6,0.5,1.0,0.5,0.54,0.77,0.8,negative
0.16,0.51,0.48,0.5,0.33,0.39,0.48,negative
0.7,0.46,0.48,0.5,0.56,0.78,0.73,negative
0.12,0.43,0.48,0.5,0.63,0.7,0.74,negative
0.63,0.65,0.48,0.5,0.66,0.67,0.71,negative
0.41,0.51,0.48,0.5,0.53,0.75,0.78,negative
0.34,0.67,0.48,0.5,0.52,0.76,0.79,negative
0.58,0.34,0.48,0.5,0.56,0.87,0.81,negative
0.59,0.56,0.48,0.5,0.55,0.8,0.82,negative
0.51,0.4,0.48,0.5,0.57,0.62,0.67,negative
0.5,0.57,0.48,0.5,0.71,0.61,0.66,negative
0.37,0.47,0.48,0.5,0.39,0.76,0.79,negative
0.58,0.55,0.48,0.5,0.57,0.7,0.74,negative
0.36,0.47,0.48,0.5,0.51,0.69,0.72,negative
0.39,0.41,0.48,0.5,0.52,0.72,0.75,negative
0.35,0.51,0.48,0.5,0.61,0.71,0.74,negative
0.31,0.44,0.48,0.5,0.5,0.79,0.82,negative
0.61,0.66,0.48,0.5,0.46,0.87,0.88,negative
0.48,0.49,0.48,0.5,0.52,0.77,0.71,negative
0.11,0.5,0.48,0.5,0.58,0.72,0.68,negative
0.31,0.36,0.48,0.5,0.58,0.94,0.94,negative
0.68,0.51,0.48,0.5,0.71,0.75,0.78,negative
0.69,0.39,0.48,0.5,0.57,0.76,0.79,negative
0.52,0.54,0.48,0.5,0.62,0.76,0.79,negative
0.36,0.45,0.48,0.5,0.38,0.79,0.17,negative
0.1,0.49,0.48,0.5,0.41,0.67,0.21,negative
0.61,0.47,0.48,0.5,0.0,0.8,0.32,negative
0.63,0.75,0.48,0.5,0.64,0.73,0.66,negative
0.71,0.52,0.48,0.5,0.64,1.0,0.99,negative
0.85,0.53,0.48,0.5,0.53,0.52,0.35,negative
0.63,0.49,0.48,0.5,0.54,0.76,0.79,negative
0.75,0.55,1.0,1.0,0.4,0.47,0.3,negative
0.7,0.39,1.0,0.5,0.51,0.82,0.84,negative
0.72,0.42,0.48,0.5,0.65,0.77,0.79,negative
0.78,0.33,0.48,0.5,0.57,0.77,0.79,negative
0.75,0.37,0.48,0.5,0.64,0.7,0.74,negative
0.59,0.29,0.48,0.5,0.64,0.75,0.77,negative
0.67,0.37,0.48,0.5,0.54,0.64,0.68,negative
0.64,0.46,0.48,0.5,0.48,0.73,0.76,negative
0.76,0.71,0.48,0.5,0.5,0.71,0.75,negative
0.84,0.49,0.48,0.5,0.55,0.78,0.74,negative
0.81,0.44,0.48,0.5,0.42,0.67,0.68,negative
0.58,0.6,0.48,0.5,0.59,0.73,0.76,negative
0.63,0.42,0.48,0.5,0.48,0.77,0.8,negative
0.62,0.42,0.48,0.5,0.58,0.79,0.81,negative
0.86,0.39,0.48,0.5,0.59,0.89,0.9,negative
0.81,0.53,0.48,0.5,0.57,0.87,0.88,negative
0.47,0.46,0.48,0.5,0.62,0.74,0.77,negative
0.76,0.41,0.48,0.5,0.5,0.59,0.62,negative
0.7,0.53,0.48,0.5,0.7,0.86,0.87,negative
0.64,0.45,0.48,0.5,0.67,0.61,0.66,negative
0.81,0.52,0.48,0.5,0.57,0.78,0.8,negative
0.73,0.26,0.48,0.5,0.57,0.75,0.78,negative
0.49,0.61,1.0,0.5,0.56,0.71,0.74,negative
0.88,0.42,0.48,0.5,0.52,0.73,0.75,negative
0.63,0.51,0.48,0.5,0.64,0.72,0.76,negative
0.79,0.54,0.48,0.5,0.5,0.66,0.68,negative
0.57,0.38,0.48,0.5,0.06,0.49,0.33,negative
0.78,0.44,0.48,0.5,0.45,0.73,0.68,negative
0.78,0.68,0.48,0.5,0.83,0.4,0.29,positive
0.63,0.69,0.48,0.5,0.65,0.41,0.28,positive
0.67,0.88,0.48,0.5,0.73,0.5,0.25,positive
0.61,0.75,0.48,0.5,0.51,0.33,0.33,positive
0.67,0.84,0.48,0.5,0.74,0.54,0.37,positive
0.73,0.84,0.48,0.5,0.86,0.58,0.29,positive
0.75,0.76,0.48,0.5,0.83,0.57,0.3,positive
0.77,0.57,0.48,0.5,0.88,0.53,0.2,positive
0.74,0.78,0.48,0.5,0.75,0.54,0.15,positive
0.68,0.76,0.48,0.5,0.84,0.45,0.27,positive
0.56,0.68,0.48,0.5,0.77,0.36,0.45,positive
0.65,0.51,0.48,0.5,0.66,0.54,0.33,positive
0.6,0.76,1.0,0.5,0.77,0.59,0.52,positive
0.69,0.59,0.48,0.5,0.77,0.39,0.21,positive
0.71,0.71,0.48,0.5,0.68,0.43,0.36,positive
0.68,0.63,0.48,0.5,0.73,0.4,0.3,positive
0.77,0.57,1.0,0.5,0.37,0.54,0.01,negative
0.71,0.46,1.0,0.5,0.52,0.59,0.3,negative
0.68,0.49,1.0,0.5,0.62,0.55,0.28,negative
0.74,0.49,0.48,0.5,0.42,0.54,0.36,negative
0.7,0.61,0.48,0.5,0.56,0.52,0.43,negative
0.66,0.86,0.48,0.5,0.34,0.41,0.36,negative
0.73,0.78,0.48,0.5,0.58,0.51,0.31,negative
0.72,0.86,0.48,0.5,0.17,0.55,0.21,negative
0.67,0.81,0.48,0.5,0.54,0.49,0.23,negative
0.67,0.61,0.48,0.5,0.51,0.37,0.38,negative
0.63,1.0,0.48,0.5,0.35,0.51,0.49,negative
0.57,0.59,0.48,0.5,0.39,0.47,0.33,negative
0.71,0.71,0.48,0.5,0.4,0.54,0.39,negative
0.66,0.74,0.48,0.5,0.31,0.38,0.43,negative
0.67,0.81,0.48,0.5,0.25,0.42,0.25,negative
0.64,0.72,0.48,0.5,0.49,0.42,0.19,negative
0.68,0.82,0.48,0.5,0.38,0.65,0.56,negative
0.32,0.39,0.48,0.5,0.53,0.28,0.38,negative
0.63,0.86,0.48,0.5,0.39,0.47,0.34,negative
0.63,0.83,0.48,0.5,0.4,0.39,0.19,negative
0.63,0.71,0.48,0.5,0.6,0.4,0.39,negative
0.71,0.86,0.48,0.5,0.4,0.54,0.32,negative
0.68,0.78,0.48,0.5,0.43,0.44,0.42,negative
0.64,0.84,0.48,0.5,0.37,0.45,0.4,negative
0.74,0.47,0.48,0.5,0.5,0.57,0.42,negative
0.75,0.84,0.48,0.5,0.35,0.52,0.33,negative
0.69,0.67,0.48,0.5,0.3,0.39,0.24,negative
0.7,0.71,0.48,0.5,0.42,0.84,0.85,negative
0.69,0.8,0.48,0.5,0.46,0.57,0.26,negative
0.63,0.8,0.48,0.5,0.46,0.31,0.29,negative
0.66,0.71,0.48,0.5,0.41,0.5,0.35,negative
0.64,0.78,0.48,0.5,0.5,0.36,0.38,negative
0.62,0.78,0.48,0.5,0.47,0.49,0.54,negative
0.76,0.73,0.48,0.5,0.44,0.39,0.39,negative
0.29,0.39,0.48,0.5,0.52,0.4,0.48,negative
0.62,0.83,0.48,0.5,0.46,0.36,0.4,negative
0.56,0.54,0.48,0.5,0.43,0.37,0.3,negative
0.69,0.66,0.48,0.5,0.41,0.5,0.25,negative
0.69,0.65,0.48,0.5,0.63,0.48,0.41,negative
0.43,0.59,0.48,0.5,0.52,0.49,0.56,negative
0.74,0.56,0.48,0.5,0.47,0.68,0.3,negative
0.71,0.57,0.48,0.5,0.48,0.35,0.32,negative
0.61,0.6,0.48,0.5,0.44,0.39,0.38,negative
0.59,0.61,0.48,0.5,0.42,0.42,0.37,negative
0.6739715150045963,0.5103461368594878,1.0,0.5,0.6313034093663821,0.5530142424977019,0.2980854549862114,positive
0.6,0.6472410999063892,1.0,0.5,0.6702517422248828,0.6680638539109612,0.6414326616392731,positive
0.6425575159315747,0.6163683837309353,1.0,0.5,0.6902046576282973,0.5687212420342126,0.39232745220527576,positive
0.6,0.6215270333682158,1.0,0.5,0.647504683364191,0.6858658999758506,0.6691247332957676,positive
0.7044912355657285,0.4750239030025588,1.0,0.5,0.532519919168799,0.59,0.3110175288685431,positive
0.6060335562489769,0.7435448465936992,1.0,0.5,0.7562873721614161,0.59,0.5079328875020461,positive
0.6347548669380271,0.6652139992599261,1.0,0.5,0.6910116660499385,0.59,0.4504902661239458,positive
0.6456310927151305,0.6355515653223711,1.0,0.5,0.6662929711019759,0.59,0.4287378145697388,positive
0.6916273122970606,0.5101073300989254,1.0,0.5,0.5617561084157712,0.59,0.33674537540587857,positive
0.6,0.5797301716943991,1.0,0.5,0.6105305364988916,0.7148021888269545,0.7141367381752626,positive
0.654043453749209,0.612608762502157,1.0,0.5,0.6471739687517974,0.59,0.4119130925015818,positive
0.6172046877135137,0.7019341789668915,1.0,0.5,0.7377412105371619,0.5813976561432431,0.4683859368594591,positive
0.6,0.7369772978387038,1.0,0.5,0.7496337634726995,0.6059387938039743,0.5447936792506267,positive
0.6084294057189475,0.731550755698552,1.0,0.5,0.7541948642769734,0.5857852971405262,0.4947117828431573,positive
0.6743548298702018,0.5090524491880689,1.0,0.5,0.6305846939933716,0.5528225850648991,0.2969355103893946,positive
0.6,0.6988201917573869,1.0,0.5,0.7158794004007653,0.6323552518602706,0.5858859473381988,positive
0.6633559679919614,0.5872109963855597,1.0,0.5,0.6260091636546331,0.59,0.39328806401607713,positive
0.5506401484508238,0.6926911115238505,1.0,0.5,0.6757675561333908,0.6438471107809195,0.6187197030983526,positive
0.6760084985085854,0.5527040949765853,1.0,0.5,0.5972534124804878,0.59,0.36798300298282927,positive
0.5066028150397401,0.6326402023269184,1.0,0.5,0.5916962832576859,0.6918878381384652,0.7067943699205197,positive
0.6,0.5635841086956215,1.0,0.5,0.5962474807692036,0.7259802324414928,0.7315248060201,positive
0.5007577698791695,0.6246696861988676,1.0,0.5,0.5805375606784147,0.6982642510409058,0.7184844602416608,positive
0.6,0.6371388014142914,1.0,0.5,0.6613150935587963,0.6750577528670291,0.6523120600153786,positive
0.6,0.5581466661838892,1.0,0.5,0.5914374354703635,0.729744615718846,0.7373805133404271,positive
0.6411030444668239,0.6212772249244696,1.0,0.5,0.6929317916247053,0.5694484777665881,0.3966908665995285,positive
0.6,0.5987908478828837,1.0,0.5,0.6273919038963972,0.7016063360810805,0.6936098561261252,positive
0.6441456906129702,0.6110082941812256,1.0,0.5,0.6872268301006809,0.567927154693515,0.3875629281610894,positive
0.5802428508473176,0.7330584329736151,1.0,0.5,0.732281806163061,0.6115532536211079,0.5595142983053646,positive
0.5892971627978493,0.7454052219970672,1.0,0.5,0.7495673107958941,0.6016758224023462,0.5414056744043014,positive
0.6,0.6947975782268601,1.0,0.5,0.7123209345852993,0.6351401381506353,0.5902179926787661,positive
0.6721303545295877,0.5165600534626416,1.0,0.5,0.6347555852570231,0.5539348227352062,0.303608936411237,positive
0.5212100977340721,0.6525592241828256,1.0,0.5,0.6195829138559559,0.6759526206537395,0.6775798045318557,positive
0.569989891645522,0.7190771249711665,1.0,0.5,0.7127079749596331,0.6227383000230667,0.5800202167089558,positive
0.6705230148983135,0.5219848247181923,1.0,0.5,0.6377693470656624,0.5547384925508434,0.3084309553050598,positive
0.6,0.7003310055083299,1.0,0.5,0.7172158894881381,0.6313093038788484,0.5842589171448754,positive
0.6573425061014486,0.566469041907611,1.0,0.5,0.662482801059784,0.5613287469492757,0.3479724816956543,positive
0.6,0.693700579086303,1.0,0.5,0.7113505122686528,0.6358995990940979,0.5913993763685967,positive
0.5469214719396813,0.6876201890086563,1.0,0.5,0.6686682646121189,0.6479038487930749,0.6261570561206374,positive
0.6555333510436281,0.6085454062446507,1.0,0.5,0.6437878385372089,0.59,0.40893329791274385,positive
0.5508136124123844,0.6929276532896151,1.0,0.5,0.6760987146054611,0.6436578773683079,0.6183727751752313,positive
0.6620059105364408,0.5908929712642526,1.0,0.5,0.6290774760535438,0.59,0.3959881789271185,positive
0.6,0.5600930761775366,1.0,0.5,0.5931592596955131,0.7283971011078593,0.7352843795011145,positive
0.6487383376675812,0.6270772609065967,1.0,0.5,0.6592310507554973,0.59,0.42252332466483755,positive
0.6,0.5407417532228838,1.0,0.5,0.5760407816971664,0.7417941708456959,0.7561242657599714,positive
0.6783001681386743,0.49573693253197443,1.0,0.5,0.6231871847399858,0.5508499159306629,0.2850994955839773,positive
0.678992227320439,0.4934012327935185,1.0,0.5,0.621889573774177,0.5505038863397805,0.28302331803868314,positive
0.555829674065789,0.6997677373624395,1.0,0.5,0.6856748323074153,0.6381858101100484,0.608340651868422,positive
0.6043449517661442,0.7481501315468793,1.0,0.5,0.7601251096223993,0.59,0.5113100964677114,positive
0.5484826221681653,0.6897490302293164,1.0,0.5,0.671648642321043,0.6462007758165468,0.6230347556636692,positive
0.6065009393334413,0.7422701654542511,1.0,0.5,0.7552251378785425,0.59,0.5069981213331174,positive
0.561137429142218,0.7070055851939336,1.0,0.5,0.6958078192715071,0.632395531844853,0.5977251417155639,positive
0.6,0.599898335516191,1.0,0.5,0.628371604495092,0.7008396138734062,0.6924171771364097,positive
0.6790992951030188,0.4930398790273115,1.0,0.5,0.6216888216818397,0.5504503524484906,0.2827021146909436,positive
0.6594425804279608,0.5593812910556324,1.0,0.5,0.6585451616975735,0.5602787097860197,0.3416722587161177,positive
0.6796790890560552,0.5693581781121105,0.48,0.5,0.6006418218878895,0.5281283643775779,0.38935817811211054,positive
0.6496565861277362,0.5098855287092454,0.48,0.5,0.659198700964718,0.5394848791916044,0.3301717069361319,positive
0.67642216890433,0.5628443378086602,0.48,0.5,0.6071556621913399,0.529431132438268,0.3828443378086602,positive
0.611204355280122,0.4970681184267073,0.48,0.5,0.5694768289869512,0.48180653292018294,0.34939782235993905,positive
0.6747060807065692,0.6088243228262766,0.48,0.5,0.7176475216486613,0.4247049567026774,0.30529391929343086,positive
0.5912774992820705,0.4904258330940235,0.48,0.5,0.5229808316581646,0.4519162489231058,0.3593612503589647,positive
0.6528701654207807,0.5157403308415613,0.48,0.5,0.6542596691584387,0.5388519338316877,0.3357403308415614,positive
0.653328066337462,0.5216482321811171,0.48,0.5,0.6575039502469036,0.535007900493807,0.33665613267492406,positive
0.6503430802564965,0.5113723210259858,0.48,0.5,0.6608005205984918,0.5383989588030165,0.32965691974350353,positive
0.6584550262214897,0.5269100524429792,0.48,0.5,0.6430899475570209,0.5366179895114042,0.3469100524429792,positive
0.6956719540410294,0.6013439080820591,0.48,0.5,0.568656091917941,0.5217312183835882,0.42134390808205907,positive
0.6674173552079067,0.5709607432276733,0.48,0.5,0.64693698359407,0.51387396718814,0.36483471041581333,positive
0.6827638645705976,0.5755277291411953,0.48,0.5,0.5944722708588048,0.526894454171761,0.3955277291411953,positive
0.6732981098570314,0.5565962197140629,0.48,0.5,0.6134037802859371,0.5306807560571875,0.37659621971406293,positive
0.6287873693787519,0.5029291231262506,0.48,0.5,0.6105038618837546,0.508181054068128,0.340606315310624,positive
0.60181881673492,0.49393960557830663,0.48,0.5,0.5475772390481466,0.46772822510238,0.35409059163254,positive
0.6543175342642679,0.5251113699249375,0.48,0.5,0.6567618493017991,0.5335236986035983,0.3386350685285357,positive
0.6837524828653135,0.6281336900285974,0.48,0.5,0.6346856378510148,0.48937127570202965,0.39750496573062705,positive
0.6734717678847598,0.6038870715390392,0.48,0.5,0.7147674583977729,0.43046508320445426,0.30652823211524016,positive
0.6784461817868017,0.5668923635736035,0.48,0.5,0.6031076364263965,0.5286215272852793,0.38689236357360357,positive
0.6771452099085588,0.6185808396342348,0.48,0.5,0.7233388231199703,0.41332235376005944,0.3028547900914413,positive
0.6703923823801041,0.5507847647602082,0.48,0.5,0.6192152352397918,0.5318430470479584,0.3707847647602082,positive
0.6587413229363782,0.5405946302773236,0.48,0.5,0.6534440077977164,0.5268880155954327,0.34748264587275635,positive
0.6228938311735248,0.5009646103911749,0.48,0.5,0.5967522727382246,0.4993407467602873,0.34355308441323756,positive
0.6760852338539748,0.5621704677079495,0.48,0.5,0.6078295322920504,0.5295659064584101,0.3821704677079496,positive
0.6518315477887033,0.5136630955774066,0.48,0.5,0.6563369044225934,0.5392673808845188,0.3336630955774067,positive
0.6649630218411093,0.5399260436822187,0.48,0.5,0.6300739563177813,0.5340147912635563,0.35992604368221875,positive
0.6398157362507397,0.5066052454169132,0.48,0.5,0.6362367179183926,0.5247236043761095,0.33509213187463016,positive
0.6650016551685752,0.570006620674301,0.48,0.5,0.6950038620600089,0.4699922758799822,0.31499834483142475,positive
0.6287119001683624,0.5029039667227875,0.48,0.5,0.6103277670595124,0.5080678502525436,0.34064404991581876,positive
0.6606471406701067,0.5525885626804267,0.48,0.5,0.6848433282302488,0.4903133435395023,0.3193528593298933,positive
0.6591164269410142,0.5282328538820285,0.48,0.5,0.6417671461179716,0.5363534292235943,0.34823285388202846,positive
0.6070419053040179,0.4956806351013393,0.48,0.5,0.5597644457093753,0.475562857956027,0.351479047347991,positive
0.6711690319289075,0.5946761277156302,0.48,0.5,0.7093944078341176,0.44121118433176487,0.30883096807109245,positive
0.6337538553089291,0.5045846184363098,0.48,0.5,0.6220923290541679,0.5156307829633937,0.33812307234553546,positive
0.6101276107984709,0.4967092035994903,0.48,0.5,0.5669644251964322,0.4801914161977064,0.3499361946007645,positive
0.6751950424121532,0.5603900848243065,0.48,0.5,0.6096099151756935,0.5299219830351387,0.3803900848243065,positive
0.6872758806190659,0.6404655821667306,0.48,0.5,0.6320430895357007,0.48408617907140117,0.40455176123813175,positive
0.6725269763033936,0.6001079052135746,0.48,0.5,0.7125629447079185,0.43487411058416303,0.30747302369660634,positive
0.673779945905887,0.5575598918117739,0.48,0.5,0.6124401081882261,0.5304880216376452,0.3775598918117739,positive
0.6548228136917384,0.5292912547669539,0.48,0.5,0.6712532319473898,0.5174935361052205,0.32517718630826153,positive
0.6646794190317861,0.5687176761271442,0.48,0.5,0.6942519777408341,0.47149604451833177,0.31532058096821397,positive
0.6602226271647624,0.5508905086590498,0.48,0.5,0.6838527967177791,0.49229440656444196,0.31977737283523755,positive
0.6695244182467842,0.6636503878354771,0.48,0.5,0.6368251939177386,0.45611182128791494,0.3656362395346992,positive
0.6344473505021682,0.6870350996652211,0.48,0.5,0.6485175498326107,0.4151885755858628,0.289635926088031,positive
0.6301785173137513,0.689880988457499,0.48,0.5,0.6499404942287496,0.4102082701993765,0.2803867875131279,positive
0.63,0.6971294001057263,0.48,0.5,0.6321764997356839,0.4064352999471368,0.3192117005814954,positive
0.6607539232164132,0.6530952921403042,0.48,0.5,0.6992062771462612,0.40384921535671736,0.2923015692865653,positive
0.6521277649050506,0.6634466821139392,0.48,0.5,0.6854044238480811,0.40557444701898987,0.2888511059620203,positive
0.6733437534929374,0.6379874958084751,0.48,0.5,0.7193500055886998,0.40133124930141256,0.29733750139717496,positive
0.6462923202608452,0.6940730800652113,0.48,0.5,0.6561096200978169,0.41407308006521126,0.2962923202608452,positive
0.6310802845725564,0.6902700711431391,0.48,0.5,0.6504051067147086,0.41027007114313907,0.28108028457255646,positive
0.6466824863805808,0.6788783424129461,0.48,0.5,0.6444391712064731,0.4294629007773443,0.3161453871579251,positive
0.63,0.695836073095692,0.48,0.5,0.63540981726077,0.40708196345215397,0.3120984020263061,positive
0.6675795970063623,0.6993948992515905,0.48,0.5,0.6640923488773859,0.41939489925159057,0.3175795970063623,positive
0.6316768020482177,0.6904192005120544,0.48,0.5,0.6506288007680816,0.4104192005120544,0.2816768020482177,positive
0.679523237357645,0.7023808093394112,0.48,0.5,0.6685712140091169,0.42238080933941125,0.329523237357645,positive
0.6381070903202273,0.6845952731198485,0.48,0.5,0.6472976365599242,0.4194582720402651,0.2975653623604924,positive
0.6757399584335463,0.7014349896083866,0.48,0.5,0.6671524844125799,0.42143498960838655,0.3257399584335463,positive
0.6960551711189544,0.7065137927797386,0.48,0.5,0.6747706891696079,0.4265137927797386,0.3460551711189544,positive
0.6387472006243584,0.6795033592507699,0.48,0.5,0.6639955209989734,0.4082505598751283,0.28349888024974335,positive
0.6800597797756033,0.7025149449439008,0.48,0.5,0.6687724174158513,0.4225149449439008,0.3300597797756033,positive
0.6619212319777004,0.6687191786815331,0.48,0.5,0.6393595893407665,0.44724143730731714,0.3491626692850176,positive
0.63,0.7026122929819404,0.48,0.5,0.6184692675451489,0.4036938535090298,0.3493676114006724,positive
0.6878017241104114,0.598793103558354,0.48,0.5,0.761206896441646,0.3921982758895885,0.22978448300629659,positive
0.6806184929197796,0.6316493144527454,0.48,0.5,0.7289691784670341,0.4006184929197796,0.30123698583955905,positive
0.650932903948193,0.6648805152621683,0.48,0.5,0.6834926463171088,0.4058134192103614,0.2883731615792772,positive
0.7783329408125639,0.679166470406282,0.48,0.5,0.8283329408125638,0.4,0.2901667059187436,positive
0.6932707730073818,0.6653887280196846,0.48,0.5,0.707882044987697,0.4132707730073818,0.3265415460147635,positive
0.681241687437311,0.6250332502507565,0.48,0.5,0.7349667497492435,0.3987583125626892,0.2888248130642022,positive
0.6448032055928155,0.6722361532886214,0.48,0.5,0.6736851289485047,0.4070393588814369,0.2859212822371262,positive
0.6771673499553759,0.633399180053549,0.48,0.5,0.7254677599286012,0.40056653000892484,0.2988669399821503,positive
0.6803947628186393,0.6310527008497048,0.48,0.5,0.7293420619689345,0.4003947628186393,0.30078952563727857,positive
0.68564000604154,0.6074399758338402,0.48,0.5,0.7525600241661597,0.3943599939584601,0.2492399456261406,positive
0.7070896570397845,0.7022390854394254,0.48,0.5,0.6848505716003591,0.4270896570397845,0.3541793140795691,positive
0.6985522317390523,0.6794726179708062,0.48,0.5,0.6990796137682461,0.4185522317390523,0.33710446347810463,positive
0.6953301385575982,0.6659904156727946,0.48,0.5,0.6433253463939955,0.4666746536060045,0.3966746536060045,positive
0.6530552793831241,0.695763819845781,0.48,0.5,0.6586457297686716,0.41576381984578104,0.3030552793831242,positive
0.6998563558670223,0.6795690676010671,0.48,0.5,0.654640889667556,0.4553591103324441,0.3853591103324441,positive
0.7001455526848505,0.683721473826268,0.48,0.5,0.6964240788585825,0.42014555268485054,0.34029110536970103,positive
0.7006248353251158,0.6849995608669754,0.48,0.5,0.6956252744581404,0.4206248353251158,0.3412496706502316,positive
0.635137111224456,0.6912842778061139,0.48,0.5,0.6519264167091711,0.411284277806114,0.28513711122445606,positive
0.7098282107659818,0.7099570526914954,0.48,0.5,0.6799355790372432,0.4299570526914954,0.35982821076598176,positive
0.7079737550492268,0.7094934387623066,0.48,0.5,0.6792401581434601,0.42949343876230667,0.35797375504922674,positive
0.6925478491949019,0.6634609311864048,0.48,0.5,0.709086918008497,0.41254784919490184,0.3250956983898036,positive
0.6934068581741285,0.665751621797676,0.48,0.5,0.7076552363764526,0.4134068581741285,0.32681371634825696,positive
0.6369804113459048,0.6917451028364762,0.48,0.5,0.6526176542547143,0.41174510283647614,0.28698041134590474,positive
0.7092677830340066,0.7080474214240178,0.48,0.5,0.6812203616099889,0.42926778303400664,0.35853556606801334,positive
0.7040668625975421,0.6922005877926265,0.48,0.5,0.6651671564938555,0.44483284350614455,0.37483284350614454,positive
0.7021619195850431,0.6890984522267818,0.48,0.5,0.6930634673582614,0.4221619195850432,0.34432383917008635,positive
0.6947444233190001,0.7061861058297499,0.48,0.5,0.6742791587446251,0.42618610582975003,0.34474442331900007,positive
0.7053229846714879,0.6959689540144637,0.48,0.5,0.6683074616787198,0.44169253832128025,0.37169253832128024,positive
0.6499116106633418,0.71,0.48,0.5,0.6199116106633418,0.40746685399875315,0.3825331460012468,positive
0.6757049654685575,0.7014262413671394,0.48,0.5,0.6671393620507091,0.42142624136713935,0.32570496546855754,positive
0.6831637263260312,0.7032909315815078,0.48,0.5,0.6699363973722617,0.42329093158150777,0.3331637263260312,positive
0.6996685533527197,0.6790056600581592,0.48,0.5,0.6541713833817994,0.4558286166182006,0.3858286166182006,positive
0.7001641980969854,0.71,0.48,0.5,0.6701641980969855,0.4263115742863695,0.36368842571363047,positive
0.6893647634157024,0.654972702441873,0.48,0.5,0.7143920609738295,0.4093647634157024,0.3187295268314047,positive
0.6445764094206601,0.6936441023551649,0.48,0.5,0.6554661535327476,0.413644102355165,0.29457640942066016,positive
0.7025450251817336,0.7081362562954333,0.48,0.5,0.6772043844431501,0.4281362562954334,0.35254502518173353,positive
0.6817784360486823,0.7029446090121705,0.48,0.5,0.6694169135182559,0.42294460901217057,0.33177843604868223,positive
0.7032954871515407,0.6898864614546221,0.48,0.5,0.6632387178788518,0.4467612821211482,0.3767612821211482,positive
0.7053993214162199,0.6977315237765863,0.48,0.5,0.6876677976396336,0.4253993214162199,0.3507986428324398,positive
0.6894726072640239,0.7048681518160059,0.48,0.5,0.672302227724009,0.42486815181600596,0.33947260726402395,positive
0.6309930446962462,0.71,0.48,0.5,0.6009930446962461,0.40037239176109235,0.3896276082389077,positive
0.6946572960389138,0.6690861227704368,0.48,0.5,0.7055711732684771,0.4146572960389138,0.3293145920778276,positive
0.6864418721612706,0.7041104680403176,0.48,0.5,0.6711657020604765,0.42411046804031766,0.3364418721612707,positive
0.6226987230957275,0.7817468077393188,0.48,0.5,0.47825319226068125,0.3173012769042725,0.304602553808545,positive
0.6282220974394257,0.7682220974394257,0.48,0.5,0.5039259675201915,0.3482220974394257,0.3603701623990429,positive
0.6173522541442941,0.7683806353607352,0.48,0.5,0.4916193646392648,0.32264774585570594,0.3152954917114118,positive
0.618134796065125,0.8150783685209997,0.48,0.5,0.46932601967437515,0.3544043881953749,0.3869435724558748,positive
0.6176394601590178,0.7690986503975445,0.48,0.5,0.4909013496024555,0.32236053984098223,0.3147210796819644,positive
0.6260695302406727,0.7901738256016817,0.48,0.5,0.4698261743983184,0.31393046975932737,0.2978609395186547,positive
0.6144745728325341,0.7544745728325342,0.48,0.5,0.5085084757224886,0.33447457283253423,0.337457621387557,positive
0.6168477268485216,0.7568477268485216,0.48,0.5,0.5077174243838262,0.3368477268485217,0.34141287808086945,positive
0.6176283686377602,0.7690709215944005,0.48,0.5,0.4909290784055995,0.32237163136223984,0.3147432627244796,positive
0.6144140512760521,0.7853124102084166,0.48,0.5,0.4879297436197397,0.3432421538281562,0.36089835893236455,positive
0.6367831262015108,0.7767831262015108,0.48,0.5,0.501072291266163,0.35678312620151076,0.37463854366918464,positive
0.6181151323473323,0.7581151323473323,0.48,0.5,0.5072949558842226,0.3381151323473323,0.3435252205788872,positive
0.6291267665538747,0.7691267665538748,0.48,0.5,0.5036244111487085,0.3491267665538747,0.36187794425645786,positive
0.6285671374457531,0.756189045815251,0.48,0.5,0.47286572510849373,0.3423780916305021,0.3609452290762552,positive
0.6271949911014165,0.7671949911014165,0.48,0.5,0.5042683362995278,0.3471949911014165,0.35865831850236085,positive
0.6162164849852083,0.7655412124630209,0.48,0.5,0.4944587875369792,0.3237835150147917,0.3175670300295833,positive
0.6361754955862647,0.7761754955862648,0.48,0.5,0.5012748348045785,0.3561754955862647,0.37362582597710786,positive
0.6151458108037744,0.7551458108037744,0.48,0.5,0.5082847297320752,0.3351458108037744,0.33857635133962405,positive
0.6250943787701163,0.7650943787701163,0.48,0.5,0.5049685404099612,0.34509437877011634,0.3551572979501939,positive
0.6201847700691674,0.7601847700691674,0.48,0.5,0.5066050766436109,0.34018477006916736,0.34697461678194563,positive
0.616153059124419,0.7992244729953518,0.48,0.5,0.47923470437790516,0.34845917737325693,0.37307141387093284,positive
0.6250838124505116,0.7550279374835038,0.48,0.5,0.4798323750989767,0.34005587496700773,0.35513968741751945,positive
0.6352377634664697,0.7752377634664697,0.48,0.5,0.5015874121778434,0.3552377634664696,0.37206293911078275,positive
0.6341168624887433,0.7580389541629144,0.48,0.5,0.4617662750225133,0.3460779083258289,0.3701947708145723,positive
0.6157600043025361,0.7519200014341787,0.48,0.5,0.4984799913949279,0.33384000286835736,0.33960000717089345,positive
0.6168254848357412,0.8046038786859296,0.48,0.5,0.475872575821294,0.35047645450722364,0.37777839385018847,positive
0.6262930812477634,0.7554310270825878,0.48,0.5,0.4774138375044733,0.34086205416517557,0.3571551354129389,positive
0.629027581860439,0.769027581860439,0.48,0.5,0.5036574727131871,0.3490275818604389,0.3617126364340648,positive
0.6375390608308739,0.7591796869436246,0.48,0.5,0.45492187833825243,0.3483593738872492,0.375898434718123,positive
0.611593099460255,0.7539827486506375,0.48,0.5,0.5060172513493625,0.328406900539745,0.32681380107949,positive
0.6141677503729692,0.7833420029837537,0.48,0.5,0.48916124813515394,0.34250325111890767,0.3591742526107845,positive
0.6104038872663232,0.751009718165808,0.48,0.5,0.508990281834192,0.3295961127336768,0.3291922254673536,positive
0.6139659831832475,0.7599149579581187,0.48,0.5,0.5000850420418813,0.32603401681675254,0.322068033633505,positive
0.6109887304448516,0.7503295768149505,0.48,0.5,0.5080225391102969,0.33065915362990106,0.3316478840747526,positive
0.625302803558491,0.7882570088962274,0.48,0.5,0.4717429911037726,0.314697196441509,0.29939439288301806,positive
0.6258025402619923,0.7552675134206641,0.48,0.5,0.4783949194760154,0.3405350268413282,0.35633756710332054,positive
0.6233481833154135,0.7833704582885338,0.48,0.5,0.47662954171146626,0.31665181668458653,0.303303633369173,positive
0.6281513807625905,0.7560504602541969,0.48,0.5,0.4736972384748191,0.34210092050839364,0.3602523012709841,positive
0.6221222443488189,0.7803056108720473,0.48,0.5,0.47969438912795276,0.3178777556511811,0.30575551130236217,positive
0.6205075908306567,0.7605075908306567,0.48,0.5,0.5064974697231145,0.3405075908306566,0.3475126513844278,positive
0.631619939548276,0.771619939548276,0.48,0.5,0.502793353483908,0.35161993954827603,0.36603323258046006,positive
0.633054719530003,0.757684906510001,0.48,0.5,0.4638905609399939,0.345369813020002,0.36842453255000507,positive
0.6227036618662466,0.7627036618662466,0.48,0.5,0.5057654460445845,0.3427036618662466,0.35117276977707773,positive
0.6140493957928057,0.7601234894820144,0.48,0.5,0.49987651051798565,0.32595060420719424,0.3219012084143885,positive
0.6350408800582122,0.758346960019404,0.48,0.5,0.45991823988357555,0.3466939200388081,0.37173480009702037,positive
0.6117506129622762,0.7640049036982093,0.48,0.5,0.5012469351886192,0.3352518388868285,0.34225429073593316,positive
0.6244016585014319,0.7548005528338106,0.48,0.5,0.4811966829971361,0.3396011056676213,0.3540027641690533,positive
0.6266988002445766,0.7917470006114415,0.48,0.5,0.46825299938855847,0.31330119975542337,0.29660239951084677,positive
0.6107532540738548,0.7560260325908386,0.48,0.5,0.5062337296307259,0.3322597622215645,0.3352727785169838,positive
0.6114064513600441,0.7535161284001103,0.48,0.5,0.5064838715998897,0.32859354863995593,0.3271870972799118,positive
0.6193468247913643,0.7531156082637881,0.48,0.5,0.49130635041727144,0.3362312165275762,0.3455780413189405,positive
0.6257171672428925,0.7657171672428925,0.48,0.5,0.5047609442523692,0.3457171672428925,0.35619527873815415,positive
0.6112604480551757,0.760083584441405,0.48,0.5,0.5036977597241219,0.3337813441655269,0.3388231363862294,positive
0.611000351856636,0.7580028148530882,0.48,0.5,0.5049982407168199,0.3330010555699081,0.3370024629964522,positive
0.6523225219787183,0.6415322825088674,0.48,0.5,0.7392258260070939,0.3907741739929061,0.3345968475266021,positive
0.6047012292772459,0.6991576696902483,0.48,0.5,0.6614398717552599,0.3855435595869977,0.4116846606195035,positive
0.6772917133701888,0.6311284527624214,0.48,0.5,0.7309027622099371,0.3990972377900629,0.3033853582872641,positive
0.5961561334743453,0.6851651619249065,0.48,0.5,0.7080180569011225,0.3858258096245323,0.3621922472765903,positive
0.6269978563280046,0.6520842265299981,0.48,0.5,0.7476673812239985,0.38233261877600155,0.3662526795899943,positive
0.6332044805029278,0.6494981331237801,0.48,0.5,0.7455985064990241,0.3844014935009759,0.35849439937134037,positive
0.597127530794412,0.6853039329706303,0.48,0.5,0.7063528043524365,0.3865196648531515,0.35983313949928497,positive
0.6520121007235673,0.6416616246985136,0.48,0.5,0.7393292997588109,0.3906707002411891,0.3349848740955409,positive
0.58187736936359,0.684375473872718,0.48,0.5,0.756873578381846,0.370209439036342,0.436873578381846,positive
0.5638488059743605,0.6816494882747259,0.48,0.5,0.7606528997765533,0.36219931769963454,0.44670102345054824,positive
0.622401357331901,0.6539994344450413,0.48,0.5,0.749199547556033,0.380800452443967,0.37199830333512374,positive
0.7075998689100427,0.7095199737820085,0.48,0.5,0.6814400786539745,0.42887993882468656,0.3614400786539744,positive
0.6179163409149561,0.655868191285435,0.48,0.5,0.750694553028348,0.379305446971652,0.37760457385630497,positive
0.5788646501540499,0.6880848500660214,0.48,0.5,0.7241858496258791,0.37077980008802847,0.4338302998679573,positive
0.6049101088516263,0.6864157298359466,0.48,0.5,0.6930112419686407,0.392078649179733,0.34093259278890764,positive
0.5978490902617611,0.6854070128945373,0.48,0.5,0.7051158452655524,0.38703506447268654,0.35808078079286576,positive
0.5733184400690844,0.6857079028867504,0.48,0.5,0.737655216975081,0.3676105371823339,0.43858419422649914,positive
0.6977887560306005,0.7075577512061201,0.48,0.5,0.6873267463816397,0.4243014194809469,0.36732674638163965,positive
0.5919660822456418,0.6863932164491284,0.48,0.5,0.7508203506526149,0.37491750504796617,0.4308203506526149,positive
0.5608580675456032,0.68036774323383,0.48,0.5,0.7679161216749639,0.3604903243117732,0.4492645135323402,positive
0.5622860765723012,0.6803265823674717,0.48,0.5,0.7660810115903408,0.36163291183735796,0.4444480997529829,positive
