@relation ecoli4
@attribute Mcg real [0.0, 0.89]
@attribute Gvh real [0.16, 1.0]
@attribute Lip real [0.48, 1.0]
@attribute Chg real [0.5, 1.0]
@attribute Aac real [0.0, 0.88]
@attribute Alm1 real [0.03, 1.0]
@attribute Alm2 real [0.0, 0.99]
@attribute Class {positive, negative}
@data
0.07,0.4,0.48,0.5,0.54,0.35,0.44,negative
0.56,0.4,0.48,0.5,0.49,0.37,0.46,negative
0.59,0.49,0.48,0.5,0.52,0.45,0.36,negative
0.23,0.32,0.48,0.5,0.55,0.25,0.35,negative
0.67,0.39,0.48,0.5,0.36,0.38,0.46,negative
0.29,0.28,0.48,0.5,0.44,0.23,0.34,negative
0.21,0.34,0.48,0.5,0.51,0.28,0.39,negative
0.42,0.4,0.48,0.5,0.56,0.18,0.3,negative
0.39,0.32,0.48,0.5,0.46,0.24,0.35,negative
0.51,0.5,0.48,0.5,0.46,0.32,0.35,negative
0.22,0.43,0.48,0.5,0.48,0.16,0.28,negative
0.25,0.4,0.48,0.5,0.46,0.44,0.52,negative
0.34,0.45,0.48,0.5,0.38,0.24,0.35,negative
0.44,0.27,0.48,0.5,0.55,0.52,0.58,negative
0.23,0.4,0.48,0.5,0.39,0.28,0.38,negative
0.41,0.57,0.48,0.5,0.39,0.21,0.32,negative
0.4,0.45,0.48,0.5,0.38,0.22,0.0,negative
0.51,0.54,0.48,0.5,0.41,0.34,0.43,negative
0.3,0.16,0.48,0.5,0.56,0.11,0.23,negative
0.36,0.39,0.48,0.5,0.48,0.22,0.23,negative
0.29,0.37,0.48,0.5,0.48,0.44,0.52,negative
0.25,0.4,0.48,0.5,0.47,0.33,0.42,negative
0.21,0.51,0.48,0.5,0.5,0.32,0.41,negative
0.53,0.38,0.48,0.5,0.44,0.26,0.36,negative
0.34,0.33,0.48,0.5,0.38,0.35,0.44,negative
0.56,0.51,0.48,0.5,0.34,0.37,0.46,negative
0.4,0.29,0.48,0.5,0.42,0.35,0.44,negative
0.24,0.35,0.48,0.5,0.31,0.19,0.31,negative
0.29,0.52,0.48,0.5,0.42,0.29,0.39,negative
0.65,0.47,0.48,0.5,0.59,0.3,0.4,negative
0.32,0.42,0.48,0.5,0.35,0.28,0.38,negative
0.38,0.46,0.48,0.5,0.48,0.22,0.29,negative
0.33,0.45,0.48,0.5,0.52,0.32,0.41,negative
0.3,0.37,0.48,0.5,0.59,0.41,0.49,negative
0.4,0.5,0.48,0.5,0.45,0.39,0.47,negative
0.28,0.38,0.48,0.5,0.5,0.33,0.42,negative
0.17,0.38,0.48,0.5,0.45,0.42,0.5,negative
0.43,0.4,0.48,0.5,0.39,0.28,0.39,negative
0.42,0.35,0.48,0.5,0.58,0.15,0.27,negative
0.23,0.33,0.48,0.5,0.43,0.33,0.43,negative
0.29,0.3,0.48,0.5,0.45,0.03,0.17,negative
0.22,0.36,0.48,0.5,0.35,0.39,0.47,negative
0.23,0.58,0.48,0.5,0.37,0.53,0.59,negative
0.47,0.47,0.48,0.5,0.22,0.16,0.26,negative
0.54,0.47,0.48,0.5,0.28,0.33,0.42,negative
0.51,0.37,0.48,0.5,0.35,0.36,0.45,negative
0.4,0.35,0.48,0.5,0.45,0.33,0.42,negative
0.44,0.34,0.48,0.5,0.3,0.33,0.43,negative
0.42,0.38,0.48,0.5,0.54,0.34,0.43,negative
0.52,0.36,0.48,0.5,0.41,0.28,0.38,negative
0.18,0.3,0.48,0.5,0.46,0.24,0.35,negative
0.47,0.29,0.48,0.5,0.51,0.33,0.43,negative
0.25,0.37,0.48,0.5,0.41,0.33,0.42,negative
0.25,0.37,0.48,0.5,0.43,0.26,0.36,negative
0.35,0.48,0.48,0.5,0.56,0.4,0.48,negative
0.26,0.26,0.48,0.5,0.34,0.25,0.35,negative
0.44,0.51,0.48,0.5,0.47,0.26,0.36,negative
0.37,0.5,0.48,0.5,0.42,0.36,0.45,negative
0.44,0.42,0.48,0.5,0.42,0.25,0.2,negative
0.24,0.43,0.48,0.5,0.37,0.28,0.38,negative
0.42,0.3,0.48,0.5,0.48,0.26,0.36,negative
0.48,0.42,0.48,0.5,0.45,0.25,0.35,negative
0.41,0.48,0.48,0.5,0.51,0.44,0.51,negative
0.44,0.28,0.48,0.5,0.43,0.27,0.37,negative
0.29,0.41,0.48,0.5,0.48,0.38,0.46,negative
0.34,0.28,0.48,0.5,0.41,0.35,0.44,negative
0.41,0.43,0.48,0.5,0.45,0.31,0.41,negative
0.29,0.47,0.48,0.5,0.41,0.23,0.34,negative
0.36,0.56,0.48,0.5,0.43,0.45,0.53,negative
0.4,0.46,0.48,0.5,0.52,0.49,0.56,negative
0.5,0.49,0.48,0.5,0.49,0.46,0.53,negative
0.52,0.44,0.48,0.5,0.37,0.36,0.42,negative
0.5,0.51,0.48,0.5,0.27,0.23,0.34,negative
0.53,0.42,0.48,0.5,0.16,0.29,0.39,negative
0.34,0.46,0.48,0.5,0.52,0.35,0.44,negative
0.41,0.43,0.48,0.5,0.5,0.24,0.25,negative
0.3,0.45,0.48,0.5,0.36,0.21,0.32,negative
0.31,0.47,0.48,0.5,0.29,0.28,0.39,negative
0.57,0.54,0.48,0.5,0.37,0.28,0.33,negative
0.38,0.4,0.48,0.5,0.63,0.25,0.35,negative
0.24,0.57,0.48,0.5,0.63,0.34,0.43,negative
0.38,0.26,0.48,0.5,0.54,0.16,0.28,negative
0.24,0.34,0.48,0.5,0.38,0.3,0.4,negative
0.44,0.49,0.48,0.5,0.39,0.38,0.4,negative
0.43,0.32,0.48,0.5,0.33,0.45,0.52,negative
0.49,0.43,0.48,0.5,0.49,0.3,0.4,negative
0.47,0.28,0.48,0.5,0.56,0.2,0.25,negative
0.32,0.33,0.48,0.5,0.6,0.06,0.2,negative
0.34,0.35,0.48,0.5,0.51,0.49,0.56,negative
0.38,0.3,0.48,0.5,0.43,0.29,0.39,negative
0.38,0.44,0.48,0.5,0.43,0.2,0.31,negative
0.41,0.51,0.48,0.5,0.58,0.2,0.31,negative
0.51,0.49,0.48,0.5,0.53,0.14,0.26,negative
0.25,0.51,0.48,0.5,0.37,0.42,0.5,negative
0.29,0.28,0.48,0.5,0.5,0.42,0.5,negative
0.25,0.26,0.48,0.5,0.39,0.32,0.42,negative
0.17,0.39,0.48,0.5,0.53,0.3,0.39,negative
0.04,0.31,0.48,0.5,0.41,0.29,0.39,negative
0.61,0.36,0.48,0.5,0.49,0.35,0.44,negative
0.34,0.51,0.48,0.5,0.44,0.37,0.46,negative
0.28,0.33,0.48,0.5,0.45,0.22,0.33,negative
0.4,0.46,0.48,0.5,0.42,0.35,0.44,negative
0.23,0.34,0.48,0.5,0.43,0.26,0.37,negative
0.37,0.44,0.48,0.5,0.42,0.39,0.47,negative
0.0,0.38,0.48,0.5,0.42,0.48,0.55,negative
0.39,0.31,0.48,0.5,0.38,0.34,0.43,negative
0.3,0.44,0.48,0.5,0.49,0.22,0.33,negative
0.17,0.52,0.48,0.5,0.49,0.37,0.46,negative
0.3,0.37,0.48,0.5,0.43,0.18,0.3,negative
0.26,0.4,0.48,0.5,0.36,0.26,0.37,negative
0.4,0.41,0.48,0.5,0.55,0.22,0.33,negative
0.44,0.35,0.48,0.5,0.44,0.52,0.59,negative
0.27,0.42,0.48,0.5,0.37,0.38,0.43,negative
0.16,0.43,0.48,0.5,0.54,0.27,0.37,negative
0.44,0.52,0.48,0.5,0.43,0.47,0.54,negative
0.23,0.48,0.48,0.5,0.59,0.88,0.89,negative
0.34,0.49,0.48,0.5,0.58,0.85,0.8,negative
0.43,0.4,0.48,0.5,0.58,0.75,0.78,negative
0.46,0.61,0.48,0.5,0.48,0.86,0.87,negative
0.55,0.47,0.48,0.5,0.57,0.78,0.8,negative
0.12,0.67,0.48,0.5,0.74,0.58,0.63,negative
0.73,0.36,0.48,0.5,0.53,0.91,0.92,negative
0.48,0.45,0.48,0.5,0.6,0.78,0.8,negative
0.54,0.49,0.48,0.5,0.4,0.87,0.88,negative
0.48,0.41,0.48,0.5,0.51,0.9,0.88,negative
0.5,0.66,0.48,0.5,0.31,0.92,0.92,negative
0.72,0.46,0.48,0.5,0.51,0.66,0.7,negative
0.47,0.55,0.48,0.5,0.58,0.71,0.75,negative
0.33,0.56,0.48,0.5,0.33,0.78,0.8,negative
0.47,0.59,0.48,0.5,0.52,0.76,0.79,negative
0.63,0.5,0.48,0.5,0.59,0.85,0.86,negative
0.49,0.42,0.48,0.5,0.53,0.79,0.81,negative
0.31,0.5,0.48,0.5,0.57,0.84,0.85,negative
0.74,0.44,0.48,0.5,0.55,0.88,0.89,negative
0.33,0.45,0.48,0.5,0.45,0.88,0.89,negative
0.45,0.4,0.48,0.5,0.61,0.74,0.77,negative
0.71,0.4,0.48,0.5,0.71,0.7,0.74,negative
0.5,0.37,0.48,0.5,0.66,0.64,0.69,negative
0.6,0.61,0.48,0.5,0.54,0.67,0.71,negative
0.83,0.37,0.48,0.5,0.61,0.71,0.74,negative
0.34,0.51,0.48,0.5,0.67,0.9,0.9,negative
0.63,0.54,0.48,0.5,0.65,0.79,0.81,negative
0.7,0.4,0.48,0.5,0.56,0.86,0.83,negative
0.6,0.5,1.0,0.5,0.54,0.77,0.8,negative
0.74,0.7,0.48,0.5,0.66,0.65,0.69,negative
0.2,0.46,0.48,0.5,0.57,0.78,0.81,negative
0.89,0.55,0.48,0.5,0.51,0.72,0.76,negative
0.7,0.46,0.48,0.5,0.56,0.78,0.73,negative
0.12,0.43,0.48,0.5,0.63,0.7,0.74,negative
0.61,0.52,0.48,0.5,0.54,0.67,0.52,negative
0.33,0.37,0.48,0.5,0.46,0.65,0.69,negative
0.41,0.51,0.48,0.5,0.53,0.75,0.78,negative
0.34,0.67,0.48,0.5,0.52,0.76,0.79,negative
0.58,0.34,0.48,0.5,0.56,0.87,0.81,negative
0.59,0.56,0.48,0.5,0.55,0.8,0.82,negative
0.51,0.4,0.48,0.5,0.57,0.62,0.67,negative
0.6,0.46,0.48,0.5,0.45,0.81,0.83,negative
0.37,0.47,0.48,0.5,0.39,0.76,0.79,negative
0.36,0.47,0.48,0.5,0.51,0.69,0.72,negative
0.39,0.41,0.48,0.5,0.52,0.72,0.75,negative
0.35,0.51,0.48,0.5,0.61,0.71,0.74,negative
0.31,0.44,0.48,0.5,0.5,0.79,0.82,negative
0.61,0.66,0.48,0.5,0.46,0.87,0.88,negative
0.48,0.49,0.48,0.5,0.52,0.77,0.71,negative
0.11,0.5,0.48,0.5,0.58,0.72,0.68,negative
0.31,0.36,0.48,0.5,0.58,0.94,0.94,negative
0.68,0.51,0.48,0.5,0.71,0.75,0.78,negative
0.69,0.39,0.48,0.5,0.57,0.76,0.79,negative
0.52,0.54,0.48,0.5,0.62,0.76,0.79,negative
0.46,0.59,0.48,0.5,0.36,0.76,0.23,negative
0.0,0.51,0.48,0.5,0.35,0.67,0.44,negative
0.1,0.49,0.48,0.5,0.41,0.67,0.21,negative
0.3,0.51,0.48,0.5,0.42,0.61,0.34,negative
0.61,0.47,0.48,0.5,0.0,0.8,0.32,negative
0.63,0.75,0.48,0.5,0.64,0.73,0.66,negative
0.71,0.52,0.48,0.5,0.64,1.0,0.99,negative
0.85,0.53,0.48,0.5,0.53,0.52,0.35,negative
0.63,0.49,0.48,0.5,0.54,0.76,0.79,negative
0.7,0.39,1.0,0.5,0.51,0.82,0.84,negative
0.72,0.42,0.48,0.5,0.65,0.77,0.79,negative
0.79,0.41,0.48,0.5,0.66,0.81,0.83,negative
0.83,0.48,0.48,0.5,0.65,0.76,0.79,negative
0.69,0.43,0.48,0.5,0.59,0.74,0.77,negative
0.79,0.36,0.48,0.5,0.46,0.82,0.7,negative
0.78,0.33,0.48,0.5,0.57,0.77,0.79,negative
0.75,0.37,0.48,0.5,0.64,0.7,0.74,negative
0.59,0.29,0.48,0.5,0.64,0.75,0.77,negative
0.67,0.37,0.48,0.5,0.54,0.64,0.68,negative
0.66,0.48,0.48,0.5,0.54,0.7,0.74,negative
0.64,0.46,0.48,0.5,0.48,0.73,0.76,negative
0.76,0.71,0.48,0.5,0.5,0.71,0.75,negative
0.84,0.49,0.48,0.5,0.55,0.78,0.74,negative
0.77,0.55,0.48,0.5,0.51,0.78,0.74,negative
0.81,0.44,0.48,0.5,0.42,0.67,0.68,negative
0.58,0.6,0.48,0.5,0.59,0.73,0.76,negative
0.62,0.42,0.48,0.5,0.58,0.79,0.81,negative
0.87,0.49,0.48,0.5,0.61,0.76,0.79,negative
0.7,0.53,0.48,0.5,0.7,0.86,0.87,negative
0.88,0.42,0.48,0.5,0.52,0.73,0.75,negative
0.84,0.54,0.48,0.5,0.75,0.92,0.7,negative
0.63,0.51,0.48,0.5,0.64,0.72,0.76,negative
0.86,0.55,0.48,0.5,0.63,0.81,0.83,negative
0.79,0.54,0.48,0.5,0.5,0.66,0.68,negative
0.78,0.44,0.48,0.5,0.45,0.73,0.68,negative
0.78,0.68,0.48,0.5,0.83,0.4,0.29,positive
0.63,0.69,0.48,0.5,0.65,0.41,0.28,positive
0.61,0.75,0.48,0.5,0.51,0.33,0.33,positive
0.67,0.84,0.48,0.5,0.74,0.54,0.37,positive
0.74,0.9,0.48,0.5,0.57,0.53,0.29,positive
0.73,0.84,0.48,0.5,0.86,0.58,0.29,positive
0.74,0.78,0.48,0.5,0.75,0.54,0.15,positive
0.68,0.76,0.48,0.5,0.84,0.45,0.27,positive
0.65,0.51,0.48,0.5,0.66,0.54,0.33,positive
0.52,0.81,0.48,0.5,0.72,0.38,0.38,positive
0.64,0.57,0.48,0.5,0.7,0.33,0.26,positive
0.6,0.76,1.0,0.5,0.77,0.59,0.52,positive
0.69,0.59,0.48,0.5,0.77,0.39,0.21,positive
0.63,0.49,0.48,0.5,0.79,0.45,0.28,positive
0.71,0.71,0.48,0.5,0.68,0.43,0.36,positive
0.68,0.63,0.48,0.5,0.73,0.4,0.3,positive
0.66,0.49,1.0,0.5,0.54,0.56,0.36,negative
0.71,0.46,1.0,0.5,0.52,0.59,0.3,negative
0.67,0.55,1.0,0.5,0.66,0.58,0.16,negative
0.68,0.49,1.0,0.5,0.62,0.55,0.28,negative
0.74,0.49,0.48,0.5,0.42,0.54,0.36,negative
0.7,0.61,0.48,0.5,0.56,0.52,0.43,negative
0.66,0.86,0.48,0.5,0.34,0.41,0.36,negative
0.65,0.57,0.48,0.5,0.47,0.47,0.51,negative
0.72,0.86,0.48,0.5,0.17,0.55,0.21,negative
0.67,0.7,0.48,0.5,0.46,0.45,0.33,negative
0.63,1.0,0.48,0.5,0.35,0.51,0.49,negative
0.57,0.59,0.48,0.5,0.39,0.47,0.33,negative
0.71,0.71,0.48,0.5,0.4,0.54,0.39,negative
0.66,0.74,0.48,0.5,0.31,0.38,0.43,negative
0.67,0.81,0.48,0.5,0.25,0.42,0.25,negative
0.64,0.72,0.48,0.5,0.49,0.42,0.19,negative
0.68,0.82,0.48,0.5,0.38,0.65,0.56,negative
0.32,0.39,0.48,0.5,0.53,0.28,0.38,negative
0.7,0.64,0.48,0.5,0.47,0.51,0.47,negative
0.63,0.57,0.48,0.5,0.49,0.7,0.2,negative
0.74,0.82,0.48,0.5,0.49,0.49,0.41,negative
0.63,0.83,0.48,0.5,0.4,0.39,0.19,negative
0.63,0.71,0.48,0.5,0.6,0.4,0.39,negative
0.71,0.86,0.48,0.5,0.4,0.54,0.32,negative
0.68,0.78,0.48,0.5,0.43,0.44,0.42,negative
0.64,0.84,0.48,0.5,0.37,0.45,0.4,negative
0.74,0.47,0.48,0.5,0.5,0.57,0.42,negative
0.75,0.84,0.48,0.5,0.35,0.52,0.33,negative
0.63,0.65,0.48,0.5,0.39,0.44,0.35,negative
0.69,0.67,0.48,0.5,0.3,0.39,0.24,negative
0.7,0.71,0.48,0.5,0.42,0.84,0.85,negative
0.69,0.8,0.48,0.5,0.46,0.57,0.26,negative
0.64,0.66,0.48,0.5,0.41,0.39,0.2,negative
0.63,0.8,0.48,0.5,0.46,0.31,0.29,negative
0.66,0.71,0.48,0.5,0.41,0.5,0.35,negative
0.69,0.59,0.48,0.5,0.46,0.44,0.52,negative
0.68,0.67,0.48,0.5,0.49,0.4,0.34,negative
0.64,0.78,0.48,0.5,0.5,0.36,0.38,negative
0.62,0.78,0.48,0.5,0.47,0.49,0.54,negative
0.76,0.73,0.48,0.5,0.44,0.39,0.39,negative
0.64,0.81,0.48,0.5,0.37,0.39,0.44,negative
0.62,0.83,0.48,0.5,0.46,0.36,0.4,negative
0.56,0.54,0.48,0.5,0.43,0.37,0.3,negative
0.69,0.66,0.48,0.5,0.41,0.5,0.25,negative
0.69,0.65,0.48,0.5,0.63,0.48,0.41,negative
0.74,0.56,0.48,0.5,0.47,0.68,0.3,negative
0.61,0.6,0.48,0.5,0.44,0.39,0.38,negative
0.59,0.61,0.48,0.5,0.42,0.42,0.37,negative
0.74,0.74,0.48,0.5,0.31,0.53,0.52,negative
0.6822157817279052,0.6227552360476685,0.48,0.5,0.6358381637040711,0.4916763274081421,0.39443156345581054,positive
0.6338193946463264,0.5046064648821088,0.48,0.5,0.6222452541747617,0.5157290919694897,0.33809030267683676,positive
0.6950784317920036,0.6001568635840071,0.48,0.5,0.5698431364159929,0.5219686272831986,0.4201568635840071,positive
0.6799736496172575,0.569947299234515,0.48,0.5,0.600052700765485,0.528010540153097,0.38994729923451504,positive
0.6760746000686518,0.6012611002402815,0.48,0.5,0.6404440499485111,0.5008880998970222,0.3821492001373037,positive
0.6396622904257789,0.499662290425779,0.48,0.5,0.7271951122324367,0.4934803069160054,0.30415572606444746,positive
0.6193186398312437,0.4997728799437479,0.48,0.5,0.5884101596062353,0.4939779597468656,0.3453406800843781,positive
0.6087300933274774,0.49624336444249245,0.48,0.5,0.5637035510974473,0.4780951399912161,0.35063495333626127,positive
0.6814919688199587,0.6202218908698556,0.48,0.5,0.636381023385031,0.49276204677006186,0.39298393763991746,positive
0.6774507710810102,0.5649015421620203,0.48,0.5,0.6050984578379798,0.529019691567596,0.3849015421620203,positive
0.6333543238813948,0.5044514412937983,0.48,0.5,0.6211600890565878,0.5150314858220922,0.33832283805930263,positive
0.6337139817817677,0.49371398178176773,0.48,0.5,0.7658591184185098,0.4667129180179548,0.2892849544544193,positive
0.6431474326824509,0.5031474326824509,0.48,0.5,0.7045416875640694,0.5091634470710289,0.31286858170612714,positive
0.6423347643002283,0.5023347643002283,0.48,0.5,0.7098240320485162,0.5055064393510272,0.31083691075057074,positive
0.6831358304715393,0.6259754066503874,0.48,0.5,0.6351481271463456,0.4902962542926911,0.39627166094307853,positive
0.6364965902436241,0.49649659024362414,0.48,0.5,0.747772163416443,0.4792346560963087,0.29624147560906045,positive
0.6572897738300505,0.524579547660101,0.48,0.5,0.6454204523398991,0.5370840904679798,0.344579547660101,positive
0.6082668708315836,0.4960889569438612,0.48,0.5,0.5626226986070285,0.47740030624737545,0.3508665645842082,positive
0.6624050575323437,0.5348101150646873,0.48,0.5,0.6351898849353127,0.5350379769870626,0.3548101150646874,positive
0.6855110656188298,0.6342887296659043,0.48,0.5,0.6333667007858776,0.48673340157175526,0.4010221312376596,positive
0.6594819585204621,0.5431868548216172,0.48,0.5,0.6528885311096535,0.525777062219307,0.3489639170409241,positive
0.6859248463282601,0.6357369621489108,0.48,0.5,0.6330563652538048,0.48611273050760967,0.40184969265652043,positive
0.5907719321543079,0.49025731071810263,0.48,0.5,0.5218011750267186,0.45115789823146196,0.359614033922846,positive
0.6630917057039064,0.5558209699636725,0.48,0.5,0.6501812207220702,0.5203624414441403,0.35618341140781284,positive
0.697135604011326,0.6042712080226522,0.48,0.5,0.5657287919773479,0.5211457583954696,0.42427120802265217,positive
0.6681335884119667,0.5462671768239333,0.48,0.5,0.6237328231760667,0.5327465646352134,0.36626717682393334,positive
0.6546021076289528,0.5192042152579055,0.48,0.5,0.6507957847420945,0.5381591569484189,0.33920421525790556,positive
0.6471016716508708,0.5071016716508708,0.48,0.5,0.6788391342693394,0.526957522428919,0.3227541791271772,positive
0.633669125791763,0.49366912579176303,0.48,0.5,0.7661506823535403,0.46651106606293363,0.28917281447940757,positive
0.6273780948836488,0.5024593649612162,0.48,0.5,0.6072155547285141,0.5060671423254733,0.34131095255817556,positive
0.6575988847572118,0.5365960966502414,0.48,0.5,0.6543008364320911,0.5286016728641822,0.3451977695144237,positive
0.5403419930898367,0.8140683986179674,0.48,0.5,0.7227122657453116,0.40169812596249244,0.3786438671273442,positive
0.5599335491014358,0.7664361282529791,0.48,0.5,0.6945877414809045,0.3908909679367552,0.3436967735441493,positive
0.6698908859210773,0.7311100600415382,0.48,0.5,0.6884440240166153,0.41944496997923086,0.3642220120083076,positive
0.5549490284863453,0.7782281559215043,0.48,0.5,0.6818737871058052,0.3863543688156991,0.3831771844078496,positive
0.6663126118465925,0.8392625223693184,0.48,0.5,0.7395083482462124,0.5360667859696986,0.3702458258768938,positive
0.5385491785340335,0.7897645325083271,0.48,0.5,0.7081959772965242,0.38505886687291824,0.3631371104236059,positive
0.6007504733764595,0.7219085744984077,0.48,0.5,0.6686133351240712,0.40202285637539803,0.3065904787486732,positive
0.5438650234968494,0.8147730046993699,0.48,0.5,0.7231820031329133,0.40545602506330597,0.37840899843354336,positive
0.5765605161588964,0.7482976187357495,0.48,0.5,0.6840069442625205,0.39542559531606264,0.3285813489464579,positive
0.6590701707885347,0.8378140341577069,0.48,0.5,0.7385426894384712,0.5283415155077703,0.3707286552807644,positive
0.6726585759295342,0.5618402474649068,1.0,0.5,0.6048668728874224,0.59,0.37468284814093167,positive
0.652531445247995,0.5236084963840227,1.0,0.5,0.5686294598826861,0.5637342773760026,0.3799161460053468,positive
0.6548396302835096,0.6104373719540649,1.0,0.5,0.6453644766283875,0.59,0.4103207394329809,positive
0.6309062978919091,0.6757100966584295,1.0,0.5,0.6997584138820246,0.59,0.45818740421618165,positive
0.6080964403440843,0.7379187990615882,1.0,0.5,0.7515989992179902,0.59,0.5038071193118314,positive
0.6376427433631134,0.5906076548659897,1.0,0.5,0.6257028171080653,0.5711786283184433,0.41961935103169756,positive
0.6159088181044025,0.7063077388976418,1.0,0.5,0.7401709660542455,0.5820455909477987,0.4722735456867927,positive
0.6416145497757082,0.5727345260093133,1.0,0.5,0.6104775591931187,0.5691927251121459,0.40902786726477824,positive
0.6094883764082485,0.7279767296221612,1.0,0.5,0.752209294234534,0.5852558117958757,0.4915348707752544,positive
0.6537001845045787,0.5183491697293959,1.0,0.5,0.5641492927324484,0.5631499077477107,0.37679950798779016,positive
0.6270320798380792,0.6789037604857625,1.0,0.5,0.7275210173973042,0.5861382743088458,0.38097787511845005,positive
0.6288844188663476,0.6812243121826883,1.0,0.5,0.7043535934855736,0.59,0.4622311622673048,positive
0.6198575307200734,0.7004274078397795,1.0,0.5,0.738795308868456,0.5871632098971323,0.417875556296765,positive
0.6076026704874786,0.737191988537564,1.0,0.5,0.7580529463768192,0.5889139042160745,0.4809005517786811,positive
0.6332752607574339,0.6476959949436607,1.0,0.5,0.7076088860798115,0.5733623696212831,0.4201742177276984,positive
0.6144945245265555,0.7165164264203335,1.0,0.5,0.7472228900296985,0.5879293536390635,0.44545673100628613,positive
0.6621906226260983,0.5734281321217054,1.0,0.5,0.6722718787304172,0.5811156253391287,0.20016251220863773,positive
0.6218763889037705,0.700337121171535,1.0,0.5,0.7202809343096126,0.59,0.4762472221924591,positive
0.6392616904694342,0.6529226623560886,1.0,0.5,0.6807688852967405,0.59,0.44147661906113167,positive
0.6448893482808759,0.6084984495520441,1.0,0.5,0.6858324719733578,0.5675553258595621,0.3853319551573726,positive
0.6772694770425278,0.4992155149814689,1.0,0.5,0.6251197305452605,0.5513652614787362,0.2881915688724168,positive
0.6328999828358262,0.6489625579290866,1.0,0.5,0.708312532182826,0.5735500085820869,0.4213000514925215,positive
0.6357410937506637,0.6393738085915102,1.0,0.5,0.7029854492175056,0.5721294531246682,0.4127767187480091,positive
0.6773627948555525,0.5490105594848568,1.0,0.5,0.5941754662373807,0.59,0.36527441028889496,positive
0.6217554513769076,0.6621004688039158,1.0,0.5,0.6866041030551876,0.5791222743115462,0.4619854629949131,positive
0.6326120779372966,0.6621637661881105,1.0,0.5,0.7187524489556769,0.5853411317232433,0.3522807420367607,positive
0.6135048901747775,0.699227994213501,1.0,0.5,0.7182312543300194,0.5832475549126113,0.4839869595339265,positive
0.606019492251985,0.7329122848660674,1.0,0.5,0.7469252797007242,0.5869902538740075,0.5039480206613733,positive
0.659455493313311,0.597848654600061,1.0,0.5,0.6348738788333842,0.59,0.40108901337337804,positive
0.6430013140184121,0.6148705651878592,1.0,0.5,0.6893725362154773,0.568499342990794,0.3909960579447638,positive
0.7084138005198779,0.46432599858215096,1.0,0.5,0.5236049988184591,0.59,0.30317239896024406,positive
0.6281174838167588,0.6833159532270212,1.0,0.5,0.7060966276891844,0.59,0.46376503236648225,positive
0.6583673475745178,0.584897957276447,1.0,0.5,0.6782798823829008,0.5816618074893546,0.21982506961676618,positive
0.6290037563234914,0.6808988463904782,1.0,0.5,0.7040823719920651,0.59,0.46199248735301734,positive
0.6433963617442378,0.5647163721509301,1.0,0.5,0.603647279980422,0.5683018191278811,0.40427636868203265,positive
0.6194026947278138,0.6945159052936283,1.0,0.5,0.733619947385349,0.580298652636093,0.46179191581655843,positive
0.6269820818661687,0.638580631602241,1.0,0.5,0.6665686861796868,0.5765089590669157,0.4480477816902169,positive
0.6231115226206323,0.6906654321381032,1.0,0.5,0.7336818930247208,0.5866983539113382,0.40114074080817685,positive
0.6248512258328622,0.6761271128140899,1.0,0.5,0.7234039515633832,0.5775743870835689,0.4454463225014132,positive
0.6109515465001105,0.7107180407495027,1.0,0.5,0.7280190717495765,0.5845242267499448,0.49079587599970537,positive
0.6611433492531956,0.5536411962704647,1.0,0.5,0.6553562201502582,0.5594283253734023,0.3365699522404131,positive
0.6050219871659417,0.744934038502175,1.0,0.5,0.7621083058820917,0.5892825732620083,0.4941726374323,positive
0.6561922790355547,0.5071347443400043,1.0,0.5,0.5545962636970406,0.5619038604822227,0.3701539225718543,positive
0.6272270624437929,0.637478219002932,1.0,0.5,0.6656295939654606,0.5763864687781035,0.4473945001498856,positive
0.6180906977383593,0.6989438951330373,1.0,0.5,0.7360799417405763,0.5809546511308203,0.46572790678492204,positive
0.6575380942554371,0.5873857172336889,1.0,0.5,0.6795829947414561,0.5817802722492232,0.22408980097203807,positive
0.6164470622793683,0.7106588131618949,1.0,0.5,0.7441546164181355,0.5876504196743759,0.43541510827753427,positive
0.6092935897805203,0.7181788459876587,1.0,0.5,0.7343745725080055,0.5853532051097399,0.49521709391861257,positive
0.625105444308015,0.6846836670759551,1.0,0.5,0.7305485875159765,0.5864135079559978,0.39088628641592293,positive
0.650221565312131,0.6093353040636068,1.0,0.5,0.6910803973666512,0.5828254906696955,0.2617176641090402,positive
0.7000426280834484,0.4871564688633223,1.0,0.5,0.5426303907194353,0.59,0.31991474383310303,positive
0.6549478841252893,0.6733680772498071,0.48,0.5,0.6416840386249035,0.4391058648128375,0.33405374893812684,positive
0.6955716157434644,0.7063929039358661,0.48,0.5,0.6745893559037992,0.4263929039358661,0.3455716157434644,positive
0.63,0.7056639795136862,0.48,0.5,0.6108400512157842,0.40216801024315685,0.3661518873252746,positive
0.7026449599287544,0.7081612399821886,0.48,0.5,0.677241859973283,0.4281612399821886,0.35264495992875444,positive
0.7011614753095504,0.7077903688273876,0.48,0.5,0.6766855532410815,0.42779036882738763,0.3511614753095505,positive
0.6686504694894698,0.6436194366126363,0.48,0.5,0.7118407511831516,0.40226990610210606,0.2954601877957879,positive
0.63,0.7072461328328244,0.48,0.5,0.6068846679179388,0.4013769335835878,0.37485373058053467,positive
0.63,0.694631358790506,0.48,0.5,0.6384216030237349,0.40768432060474696,0.30547247334778327,positive
0.6891798550253225,0.7047949637563306,0.48,0.5,0.672192445634496,0.42479496375633063,0.3391798550253225,positive
0.6584585067134485,0.6558497919438618,0.48,0.5,0.6955336107415175,0.4043082986573103,0.2913834026853794,positive
0.6850178673801318,0.703754466845033,0.48,0.5,0.6706317002675495,0.42375446684503293,0.33501786738013184,positive
0.6547255773703714,0.6735162817530858,0.48,0.5,0.6417581408765429,0.4388465069320999,0.33357208430247137,positive
0.63,0.6991273883230904,0.48,0.5,0.6271815291922738,0.40543630583845475,0.33020063577699776,positive
0.63,0.708623620765669,0.48,0.5,0.6034409480858274,0.4006881896171655,0.3824299142111798,positive
0.634219404658506,0.6910548511646265,0.48,0.5,0.6515822767469398,0.4110548511646265,0.28421940465850604,positive
0.6562186951956478,0.6965546737989119,0.48,0.5,0.6598320106983679,0.4165546737989119,0.3062186951956478,positive
0.651964145202392,0.6954910363005979,0.48,0.5,0.658236554450897,0.41549103630059797,0.301964145202392,positive
0.63,0.6981081190098112,0.48,0.5,0.629729702475472,0.4059459404950944,0.3245946545539616,positive
0.6794841865950112,0.6306189760859866,0.48,0.5,0.7291746985520178,0.40010316268099777,0.29979367463800444,positive
0.63,0.6978355013943841,0.48,0.5,0.6304112465140397,0.40608224930280795,0.32309525766911273,positive
0.6481994530163164,0.6681606563804203,0.48,0.5,0.6791191248261061,0.4063601093967367,0.28727978120652653,positive
0.6524760531718914,0.71,0.48,0.5,0.6224760531718914,0.4084285199394593,0.38157148006054076,positive
0.7015414696586171,0.6846244089758515,0.48,0.5,0.658853674146543,0.4511463258534571,0.3811463258534571,positive
0.6818495992723467,0.6349322647262575,0.48,0.5,0.726917334546089,0.4018495992723466,0.3036991985446931,positive
0.7069757124504343,0.7019352332011584,0.48,0.5,0.685040479249276,0.4269757124504344,0.3539514249008688,positive
0.7090534195346629,0.7074757854257678,0.48,0.5,0.6815776341088952,0.42905341953466297,0.3581068390693259,positive
0.660629599109136,0.71,0.48,0.5,0.630629599109136,0.411486099665926,0.378513900334074,positive
0.7009223155301878,0.6827669465905635,0.48,0.5,0.6573057888254695,0.45269421117453046,0.38269421117453045,positive
0.6841340954092031,0.6410242544245415,0.48,0.5,0.7231098409846616,0.4041340954092031,0.3082681908184061,positive
0.6635128113004486,0.71,0.48,0.5,0.6335128113004487,0.41256730423766824,0.37743269576233174,positive
0.6973255604387745,0.7068313901096935,0.48,0.5,0.6752470851645405,0.4268313901096936,0.3473255604387745,positive
0.7024641223213187,0.6873923669639562,0.48,0.5,0.6611603058032969,0.44883969419670317,0.37883969419670316,positive
0.6991295084791216,0.6810120226109908,0.48,0.5,0.6981174858681307,0.41912950847912156,0.3382590169582431,positive
0.6979056679691615,0.6737170039074849,0.48,0.5,0.6497641699229041,0.4602358300770959,0.3902358300770959,positive
0.7080104058114121,0.7040312174342362,0.48,0.5,0.6750260145285303,0.43497398547146976,0.36497398547146975,positive
0.6877569951676555,0.6506853204470813,0.48,0.5,0.7170716747205742,0.4077569951676555,0.31551399033531097,positive
0.6614452857784904,0.71,0.48,0.5,0.6314452857784905,0.4117919821669339,0.37820801783306607,positive
0.7082438115094641,0.709560952877366,0.48,0.5,0.6793414293160491,0.42956095287736606,0.35824381150946416,positive
0.6955406621273319,0.671441765672885,0.48,0.5,0.7040988964544469,0.4155406621273319,0.33108132425466374,positive
0.7099013370364499,0.7097368987638664,0.48,0.5,0.6801644382725835,0.4299013370364499,0.3598026740728998,positive
0.6906347263494375,0.6583592702651664,0.48,0.5,0.712275456084271,0.4106347263494374,0.32126945269887475,positive
0.6535627205920481,0.6958906801480119,0.48,0.5,0.658836020222018,0.415890680148012,0.3035627205920481,positive
0.6174030925161257,0.7685077312903144,0.48,0.5,0.4914922687096857,0.32259690748387426,0.31519381496774856,positive
0.6362470500807272,0.7200033713363118,0.48,0.5,0.5025008428340779,0.3562470500807272,0.33374957858296106,positive
0.6193019921625991,0.7593019921625992,0.48,0.5,0.5068993359458003,0.33930199216259915,0.34550332027099856,positive
0.6299425694133843,0.7699425694133843,0.48,0.5,0.5033524768622052,0.3499425694133843,0.3632376156889739,positive
0.6156963850298243,0.7955710802385942,0.48,0.5,0.48151807485087855,0.34708915508947286,0.36987469520877003,positive
0.614753484664108,0.7880278773128636,0.48,0.5,0.4862325766794603,0.34426045399232386,0.36327439264875566,positive
0.6499984029030641,0.7042875395393554,0.48,0.5,0.49857188488483883,0.36999840290306407,0.3357140575575806,positive
0.6145564598015537,0.7545564598015537,0.48,0.5,0.5084811800661487,0.33455645980155374,0.3375940996692562,positive
0.6213180489680502,0.7782951224201256,0.48,0.5,0.48170487757987446,0.3186819510319498,0.3073639020638996,positive
0.6163833237627927,0.7659583094069818,0.48,0.5,0.49404169059301817,0.32361667623720725,0.31723335247441453,positive
0.617373772910075,0.757373772910075,0.48,0.5,0.5075420756966417,0.337373772910075,0.3422896215167916,positive
0.637603791316662,0.777603791316662,0.48,0.5,0.5007987362277794,0.35760379131666203,0.37600631886110336,positive
0.6372239763869373,0.7188868841292145,0.48,0.5,0.5022217210323037,0.35722397638693737,0.3338891394838482,positive
0.6152394421569113,0.7630986053922783,0.48,0.5,0.49690139460772176,0.3247605578430887,0.3195211156861774,positive
0.6129459153819404,0.7573647884548512,0.48,0.5,0.5026352115451489,0.32705408461805957,0.32410816923611907,positive
0.6176808358807383,0.8114466870459063,0.48,0.5,0.47159582059630856,0.3530425076422149,0.3837658511651681,positive
0.6289283443977077,0.7689283443977077,0.48,0.5,0.5036905518674307,0.34892834439770776,0.36154724066284627,positive
0.6135181763744141,0.7781454109953128,0.48,0.5,0.49240911812792953,0.3405545291232423,0.3546272346208987,positive
0.6372720928792581,0.7188318938522764,0.48,0.5,0.5022079734630691,0.3572720928792581,0.33389601326846546,positive
0.6222803357956482,0.7622803357956482,0.48,0.5,0.505906554734784,0.3422803357956482,0.3504672263260804,positive
0.6112435264818118,0.7531088162045294,0.48,0.5,0.5068911837954706,0.32875647351818826,0.32751294703637646,positive
0.6217535678871315,0.779383919717829,0.48,0.5,0.480616080282171,0.3182464321128684,0.3064928642257368,positive
0.624854233403193,0.764854233403193,0.48,0.5,0.5050485888656023,0.344854233403193,0.35475705567198834,positive
0.628911387148607,0.7972784678715175,0.48,0.5,0.46272153212848255,0.311088612851393,0.292177225702786,positive
0.6487181418233716,0.7057506950590039,0.48,0.5,0.49893767376475096,0.36871814182337165,0.33553116311762454,positive
0.6136611379413551,0.7792891035308409,0.48,0.5,0.49169431029322447,0.34098341382406533,0.3556279655894858,positive
0.6244207849461729,0.7860519623654323,0.48,0.5,0.47394803763456783,0.31557921505382713,0.30115843010765425,positive
0.6102052866491529,0.7516422931932228,0.48,0.5,0.5089735667542357,0.33061585994745857,0.33143700654407005,positive
0.6159802549105194,0.7978420392841554,0.48,0.5,0.48009872544740284,0.3479407647315583,0.37186178437363604,positive
0.6250562817641121,0.7876407044102803,0.48,0.5,0.47235929558971973,0.3149437182358879,0.29988743647177574,positive
0.6577730486899181,0.695402230068665,0.48,0.5,0.4963505575171662,0.3777730486899182,0.3368247212414169,positive
0.6213388269279008,0.778347067319752,0.48,0.5,0.481652932680248,0.3186611730720992,0.3073223461441984,positive
0.6154756452050659,0.743742119765639,0.48,0.5,0.5084355299414097,0.33547564520506595,0.33078223502929516,positive
0.6103035368271743,0.7503035368271743,0.48,0.5,0.5098988210576085,0.3303035368271743,0.3305058947119571,positive
0.6268444388281778,0.7668444388281778,0.48,0.5,0.5043851870572741,0.3468444388281777,0.35807406471362957,positive
0.6274196451582764,0.7935491128956911,0.48,0.5,0.466450887104309,0.3125803548417236,0.29516070968344715,positive
0.6106637312324477,0.7516593280811192,0.48,0.5,0.5083406719188808,0.3293362687675523,0.3286725375351046,positive
0.6230914707585014,0.7350383191331413,0.48,0.5,0.5062595797832853,0.3430914707585013,0.3318702101083574,positive
0.6114510242189773,0.7536275605474435,0.48,0.5,0.5063724394525565,0.3285489757810226,0.32709795156204524,positive
0.6131241251449254,0.7749930011594037,0.48,0.5,0.49437937427537265,0.33937237543477644,0.3518688760144783,positive
0.61242394667723,0.7693915734178398,0.48,0.5,0.49788026661385015,0.3372718400316899,0.3469676267406098,positive
0.615010052669624,0.7900804213569924,0.48,0.5,0.48494973665187974,0.34503015800887216,0.36507036868736836,positive
0.6104494934668321,0.7511237336670801,0.48,0.5,0.5088762663329199,0.329550506533168,0.32910101306633593,positive
0.6100346151447575,0.7499604398345628,0.48,0.5,0.5099901099586407,0.33003461514475757,0.3300049450206797,positive
0.611043479004615,0.751043479004615,0.48,0.5,0.5096521736651284,0.331043479004615,0.3317391316743583,positive
0.6113617984893973,0.7608943879151784,0.48,0.5,0.5031910075530135,0.3340853954681919,0.3395325894257811,positive
0.6287448512758032,0.796862128189508,0.48,0.5,0.46313787181049215,0.31125514872419685,0.2925102974483937,positive
0.614857619312234,0.788860954497872,0.48,0.5,0.48571190343883003,0.344572857936702,0.364003335185638,positive
0.61055813663525,0.7544650930820004,0.48,0.5,0.5072093168237498,0.33167440990575014,0.3339069564467504,positive
0.6353140928434604,0.7210696081789024,0.48,0.5,0.5027674020447256,0.3553140928434604,0.3336162989776372,positive
0.6399668977113727,0.7157521169012884,0.48,0.5,0.5014380292253221,0.35996689771137275,0.33428098538733897,positive
0.6365426404601318,0.7765426404601317,0.48,0.5,0.501152453179956,0.3565426404601317,0.3742377341002195,positive
0.7313204554623917,0.8884272739498557,0.48,0.5,0.5208159142868863,0.5328931815125362,0.29867954453760825,positive
0.7391718105907445,0.8988957474543261,0.48,0.5,0.5653069266808859,0.5302760631364185,0.2908281894092554,positive
0.7272057168392813,0.8829409557857083,0.48,0.5,0.4974990620892603,0.5342647610535729,0.30279428316071877,positive
0.7019309727809486,0.8673694052408131,0.48,0.5,0.6624533518176964,0.5354384324598646,0.33350745967891593,positive
0.74,0.8249268603814395,0.48,0.5,0.4949268603814395,0.49246343019071975,0.4026097094278407,positive
0.7105247704755979,0.8410495409511959,0.48,0.5,0.5051544950463155,0.5535801836195217,0.2723148622853587,positive
0.74,0.8478635281679171,0.48,0.5,0.5178635281679171,0.5039317640839586,0.3682047077481243,positive
0.74,0.872096199656442,0.48,0.5,0.5420961996564421,0.5160480998282211,0.33185570051533686,positive
0.74,0.8542375374566401,0.48,0.5,0.5242375374566401,0.5071187687283201,0.35864369381503974,positive
0.7067266219865586,0.8714799617027644,0.48,0.5,0.6508067751755006,0.534753339716206,0.32802671772964737,positive
0.7206962645964506,0.8742616861286008,0.48,0.5,0.46061216604655353,0.5364345784678498,0.3093037354035494,positive
0.7266486093676083,0.8821981458234779,0.48,0.5,0.4943421197497808,0.5344504635441306,0.3033513906323916,positive
0.7224626808413335,0.8766169077884447,0.48,0.5,0.47062185810088975,0.5358457730528888,0.3075373191586665,positive
0.7331923926792832,0.8909231902390443,0.48,0.5,0.5314235585159383,0.532269202440239,0.29680760732071676,positive
0.7322758006350888,0.8845516012701777,0.48,0.5,0.5530067613971954,0.536179359491929,0.2853654803810533,positive
0.7300827357629416,0.8867769810172556,0.48,0.5,0.5138021693233358,0.5333057547456862,0.2999172642370584,positive
0.7273138953250788,0.8891261959929248,0.48,0.5,0.60080911135338,0.5318123006678459,0.30449840534276706,positive
0.7098647809180957,0.8397295618361914,0.48,0.5,0.5037025180198105,0.5541081752655235,0.2719188685508574,positive
0.74,0.8678035428494395,0.48,0.5,0.5378035428494395,0.5139017714247198,0.33829468572584065,positive
0.685371477751416,0.8531755523583565,0.48,0.5,0.7026692683179897,0.5378040746069406,0.3524325968555246,positive
0.74,0.8765682919672366,0.48,0.5,0.5465682919672366,0.5182841459836183,0.325147562049145,positive
0.7030598555653073,0.8261197111306147,0.48,0.5,0.4887316822436761,0.5595521155477541,0.2678359133391844,positive
0.6761069439266963,0.8452345233657397,0.48,0.5,0.7251688504637375,0.5391275794390434,0.363020635512347,positive
0.74,0.8416292046916762,0.48,0.5,0.5116292046916763,0.5008146023458382,0.37755619296248555,positive
0.74,0.8640042610967168,0.48,0.5,0.5340042610967167,0.5120021305483584,0.3439936083549248,positive
0.7316591021746237,0.8833182043492473,0.48,0.5,0.551650024784172,0.536672718260301,0.2849954613047742,positive
0.7154285473436218,0.8672380631248291,0.48,0.5,0.43076176828052365,0.5381904842187928,0.3145714526563782,positive
0.74,0.8320668036884495,0.48,0.5,0.5020668036884496,0.4960334018442248,0.3918997944673256,positive
0.74,0.8902508351327615,0.48,0.5,0.5602508351327614,0.5251254175663808,0.30462374730085784,positive
0.7207666511519346,0.8835142724159439,0.48,0.5,0.6167095614881588,0.5327476212640094,0.31198097011207476,positive
0.7375368128664316,0.8967157504885754,0.48,0.5,0.5560419395764455,0.5308210623778562,0.2924631871335684,positive
0.680096442672937,0.8486540937196603,0.48,0.5,0.7154800677942958,0.5385576510467234,0.35846120837378626,positive
0.7381885007840407,0.8975846677120544,0.48,0.5,0.5597348377762308,0.5306038330719864,0.2918114992159592,positive
0.7389286946881922,0.8985715929175897,0.48,0.5,0.563929269899756,0.5303571017706026,0.29107130531180775,positive
0.7166202664053704,0.8688270218738271,0.48,0.5,0.4375148429637652,0.5377932445315432,0.3133797335946297,positive
0.7354717775788954,0.8939623701051939,0.48,0.5,0.5443400729470738,0.5315094074737016,0.2945282224211046,positive
0.6921251921601445,0.858964450422981,0.48,0.5,0.6862673904682206,0.5368392582628365,0.34471406610269206,positive
0.74,0.8732330325998315,0.48,0.5,0.5432330325998315,0.5166165162999158,0.3301504511002527,positive
0.74,0.8914386890169839,0.48,0.5,0.5614386890169838,0.525719344508492,0.30284196647452416,positive
0.7234101283715169,0.8778801711620225,0.48,0.5,0.47599072743859583,0.5355299572094944,0.30658987162848306,positive
0.7368508539017644,0.8973007319157981,0.48,0.5,0.5776479262385722,0.5304498780140336,0.2935990241122693,positive
0.6548994343529261,0.5759597737411704,0.48,0.5,0.7208592080940965,0.34787932122351134,0.24510056564707391,positive
0.6866143991789367,0.5886457596715746,0.48,0.5,0.7652601588505115,0.38593727901472413,0.21338560082106325,positive
0.6311626517263981,0.6760481792832237,0.48,0.5,0.6558132586319901,0.4006987861888158,0.277674696547204,positive
0.6371983098952841,0.6036202812565898,0.48,0.5,0.6859915494764208,0.3524135208377266,0.26560338020943164,positive
0.6682577974697613,0.6123866962046419,0.48,0.5,0.7211933481023209,0.3794511455720823,0.2882577974697613,positive
0.6332568107102504,0.5160544856820034,0.48,0.5,0.7606887036077461,0.41091827147699483,0.27348637857949915,positive
0.6584685116660478,0.5977027674990717,0.48,0.5,0.7138513837495358,0.3623198954155836,0.2784685116660478,positive
0.6709542598385082,0.6164313897577622,0.48,0.5,0.723215694878881,0.3841699547173893,0.29095425983850814,positive
0.6699732530006428,0.6149598795009641,0.48,0.5,0.7224799397504821,0.3824531927511248,0.28997325300064275,positive
0.6785703107737762,0.6278554661606642,0.48,0.5,0.7289277330803321,0.3974980438541083,0.29857031077377616,positive
