@relation ecoli4
@attribute Mcg real [0.0, 0.89]
@attribute Gvh real [0.16, 1.0]
@attribute Lip real [0.48, 1.0]
@attribute Chg real [0.5, 1.0]
@attribute Aac real [0.0, 0.88]
@attribute Alm1 real [0.03, 1.0]
@attribute Alm2 real [0.0, 0.99]
@attribute Class {positive, negative}
@data
0.49,0.29,0.48,0.5,0.56,0.24,0.35,negative
0.07,0.4,0.48,0.5,0.54,0.35,0.44,negative
0.59,0.49,0.48,0.5,0.52,0.45,0.36,negative
0.23,0.32,0.48,0.5,0.55,0.25,0.35,negative
0.67,0.39,0.48,0.5,0.36,0.38,0.46,negative
0.29,0.28,0.48,0.5,0.44,0.23,0.34,negative
0.21,0.34,0.48,0.5,0.51,0.28,0.39,negative
0.2,0.44,0.48,0.5,0.46,0.51,0.57,negative
0.42,0.4,0.48,0.5,0.56,0.18,0.3,negative
0.42,0.24,0.48,0.5,0.57,0.27,0.37,negative
0.25,0.48,0.48,0.5,0.44,0.17,0.29,negative
0.39,0.32,0.48,0.5,0.46,0.24,0.35,negative
0.51,0.5,0.48,0.5,0.46,0.32,0.35,negative
0.22,0.43,0.48,0.5,0.48,0.16,0.28,negative
0.34,0.45,0.48,0.5,0.38,0.24,0.35,negative
0.41,0.57,0.48,0.5,0.39,0.21,0.32,negative
0.31,0.23,0.48,0.5,0.73,0.05,0.14,negative
0.51,0.54,0.48,0.5,0.41,0.34,0.43,negative
0.36,0.39,0.48,0.5,0.48,0.22,0.23,negative
0.29,0.37,0.48,0.5,0.48,0.44,0.52,negative
0.25,0.4,0.48,0.5,0.47,0.33,0.42,negative
0.21,0.51,0.48,0.5,0.5,0.32,0.41,negative
0.43,0.37,0.48,0.5,0.53,0.35,0.44,negative
0.43,0.39,0.48,0.5,0.47,0.31,0.41,negative
0.53,0.38,0.48,0.5,0.44,0.26,0.36,negative
0.34,0.33,0.48,0.5,0.38,0.35,0.44,negative
0.56,0.51,0.48,0.5,0.34,0.37,0.46,negative
0.4,0.29,0.48,0.5,0.42,0.35,0.44,negative
0.36,0.54,0.48,0.5,0.41,0.38,0.46,negative
0.29,0.52,0.48,0.5,0.42,0.29,0.39,negative
0.32,0.42,0.48,0.5,0.35,0.28,0.38,negative
0.33,0.45,0.48,0.5,0.52,0.32,0.41,negative
0.3,0.37,0.48,0.5,0.59,0.41,0.49,negative
0.4,0.5,0.48,0.5,0.45,0.39,0.47,negative
0.61,0.45,0.48,0.5,0.48,0.35,0.41,negative
0.17,0.38,0.48,0.5,0.45,0.42,0.5,negative
0.44,0.35,0.48,0.5,0.55,0.55,0.61,negative
0.43,0.4,0.48,0.5,0.39,0.28,0.39,negative
0.42,0.35,0.48,0.5,0.58,0.15,0.27,negative
0.37,0.52,0.48,0.5,0.42,0.42,0.36,negative
0.29,0.3,0.48,0.5,0.45,0.03,0.17,negative
0.22,0.36,0.48,0.5,0.35,0.39,0.47,negative
0.23,0.58,0.48,0.5,0.37,0.53,0.59,negative
0.47,0.47,0.48,0.5,0.22,0.16,0.26,negative
0.4,0.35,0.48,0.5,0.45,0.33,0.42,negative
0.44,0.34,0.48,0.5,0.3,0.33,0.43,negative
0.42,0.38,0.48,0.5,0.54,0.34,0.43,negative
0.44,0.56,0.48,0.5,0.5,0.46,0.54,negative
0.52,0.36,0.48,0.5,0.41,0.28,0.38,negative
0.36,0.41,0.48,0.5,0.48,0.47,0.54,negative
0.18,0.3,0.48,0.5,0.46,0.24,0.35,negative
0.47,0.29,0.48,0.5,0.51,0.33,0.43,negative
0.24,0.43,0.48,0.5,0.54,0.52,0.59,negative
0.25,0.37,0.48,0.5,0.41,0.33,0.42,negative
0.52,0.57,0.48,0.5,0.42,0.47,0.54,negative
0.35,0.48,0.48,0.5,0.56,0.4,0.48,negative
0.44,0.51,0.48,0.5,0.47,0.26,0.36,negative
0.37,0.5,0.48,0.5,0.42,0.36,0.45,negative
0.44,0.42,0.48,0.5,0.42,0.25,0.2,negative
0.24,0.43,0.48,0.5,0.37,0.28,0.38,negative
0.42,0.3,0.48,0.5,0.48,0.26,0.36,negative
0.48,0.42,0.48,0.5,0.45,0.25,0.35,negative
0.29,0.41,0.48,0.5,0.48,0.38,0.46,negative
0.34,0.28,0.48,0.5,0.41,0.35,0.44,negative
0.41,0.43,0.48,0.5,0.45,0.31,0.41,negative
0.29,0.47,0.48,0.5,0.41,0.23,0.34,negative
0.34,0.55,0.48,0.5,0.58,0.31,0.41,negative
0.36,0.56,0.48,0.5,0.43,0.45,0.53,negative
0.52,0.44,0.48,0.5,0.37,0.36,0.42,negative
0.5,0.51,0.48,0.5,0.27,0.23,0.34,negative
0.53,0.42,0.48,0.5,0.16,0.29,0.39,negative
0.34,0.46,0.48,0.5,0.52,0.35,0.44,negative
0.4,0.42,0.48,0.5,0.37,0.27,0.27,negative
0.41,0.43,0.48,0.5,0.5,0.24,0.25,negative
0.3,0.45,0.48,0.5,0.36,0.21,0.32,negative
0.31,0.47,0.48,0.5,0.29,0.28,0.39,negative
0.64,0.76,0.48,0.5,0.45,0.35,0.38,negative
0.35,0.37,0.48,0.5,0.3,0.34,0.43,negative
0.57,0.54,0.48,0.5,0.37,0.28,0.33,negative
0.65,0.55,0.48,0.5,0.34,0.37,0.28,negative
0.51,0.46,0.48,0.5,0.58,0.31,0.41,negative
0.38,0.4,0.48,0.5,0.63,0.25,0.35,negative
0.24,0.57,0.48,0.5,0.63,0.34,0.43,negative
0.38,0.26,0.48,0.5,0.54,0.16,0.28,negative
0.33,0.47,0.48,0.5,0.53,0.18,0.29,negative
0.24,0.34,0.48,0.5,0.38,0.3,0.4,negative
0.26,0.5,0.48,0.5,0.44,0.32,0.41,negative
0.49,0.43,0.48,0.5,0.49,0.3,0.4,negative
0.47,0.28,0.48,0.5,0.56,0.2,0.25,negative
0.34,0.35,0.48,0.5,0.51,0.49,0.56,negative
0.35,0.34,0.48,0.5,0.46,0.3,0.27,negative
0.41,0.51,0.48,0.5,0.58,0.2,0.31,negative
0.34,0.42,0.48,0.5,0.41,0.34,0.43,negative
0.25,0.26,0.48,0.5,0.39,0.32,0.42,negative
0.24,0.41,0.48,0.5,0.49,0.23,0.34,negative
0.04,0.31,0.48,0.5,0.41,0.29,0.39,negative
0.61,0.36,0.48,0.5,0.49,0.35,0.44,negative
0.34,0.51,0.48,0.5,0.44,0.37,0.46,negative
0.28,0.33,0.48,0.5,0.45,0.22,0.33,negative
0.4,0.46,0.48,0.5,0.42,0.35,0.44,negative
0.23,0.34,0.48,0.5,0.43,0.26,0.37,negative
0.37,0.44,0.48,0.5,0.42,0.39,0.47,negative
0.0,0.38,0.48,0.5,0.42,0.48,0.55,negative
0.3,0.44,0.48,0.5,0.49,0.22,0.33,negative
0.27,0.3,0.48,0.5,0.71,0.28,0.39,negative
0.17,0.52,0.48,0.5,0.49,0.37,0.46,negative
0.36,0.42,0.48,0.5,0.53,0.32,0.41,negative
0.4,0.41,0.48,0.5,0.55,0.22,0.33,negative
0.22,0.34,0.48,0.5,0.42,0.29,0.39,negative
0.44,0.35,0.48,0.5,0.44,0.52,0.59,negative
0.16,0.43,0.48,0.5,0.54,0.27,0.37,negative
0.06,0.61,0.48,0.5,0.49,0.92,0.37,negative
0.44,0.52,0.48,0.5,0.43,0.47,0.54,negative
0.63,0.47,0.48,0.5,0.51,0.82,0.84,negative
0.23,0.48,0.48,0.5,0.59,0.88,0.89,negative
0.43,0.4,0.48,0.5,0.58,0.75,0.78,negative
0.46,0.61,0.48,0.5,0.48,0.86,0.87,negative
0.27,0.35,0.48,0.5,0.51,0.77,0.79,negative
0.52,0.39,0.48,0.5,0.65,0.71,0.73,negative
0.29,0.47,0.48,0.5,0.71,0.65,0.69,negative
0.55,0.47,0.48,0.5,0.57,0.78,0.8,negative
0.12,0.67,0.48,0.5,0.74,0.58,0.63,negative
0.4,0.5,0.48,0.5,0.65,0.82,0.84,negative
0.73,0.36,0.48,0.5,0.53,0.91,0.92,negative
0.84,0.44,0.48,0.5,0.48,0.71,0.74,negative
0.48,0.45,0.48,0.5,0.6,0.78,0.8,negative
0.54,0.49,0.48,0.5,0.4,0.87,0.88,negative
0.48,0.41,0.48,0.5,0.51,0.9,0.88,negative
0.5,0.66,0.48,0.5,0.31,0.92,0.92,negative
0.72,0.46,0.48,0.5,0.51,0.66,0.7,negative
0.47,0.55,0.48,0.5,0.58,0.71,0.75,negative
0.33,0.56,0.48,0.5,0.33,0.78,0.8,negative
0.64,0.58,0.48,0.5,0.48,0.78,0.73,negative
0.54,0.57,0.48,0.5,0.56,0.81,0.83,negative
0.47,0.59,0.48,0.5,0.52,0.76,0.79,negative
0.63,0.5,0.48,0.5,0.59,0.85,0.86,negative
0.31,0.5,0.48,0.5,0.57,0.84,0.85,negative
0.33,0.45,0.48,0.5,0.45,0.88,0.89,negative
0.71,0.4,0.48,0.5,0.71,0.7,0.74,negative
0.5,0.37,0.48,0.5,0.66,0.64,0.69,negative
0.66,0.53,0.48,0.5,0.59,0.66,0.66,negative
0.6,0.61,0.48,0.5,0.54,0.67,0.71,negative
0.83,0.37,0.48,0.5,0.61,0.71,0.74,negative
0.63,0.54,0.48,0.5,0.65,0.79,0.81,negative
0.6,0.5,1.0,0.5,0.54,0.77,0.8,negative
0.16,0.51,0.48,0.5,0.33,0.39,0.48,negative
0.74,0.7,0.48,0.5,0.66,0.65,0.69,negative
0.2,0.46,0.48,0.5,0.57,0.78,0.81,negative
0.89,0.55,0.48,0.5,0.51,0.72,0.76,negative
0.7,0.46,0.48,0.5,0.56,0.78,0.73,negative
0.61,0.52,0.48,0.5,0.54,0.67,0.52,negative
0.33,0.37,0.48,0.5,0.46,0.65,0.69,negative
0.63,0.65,0.48,0.5,0.66,0.67,0.71,negative
0.41,0.51,0.48,0.5,0.53,0.75,0.78,negative
0.58,0.34,0.48,0.5,0.56,0.87,0.81,negative
0.59,0.56,0.48,0.5,0.55,0.8,0.82,negative
0.5,0.57,0.48,0.5,0.71,0.61,0.66,negative
0.6,0.46,0.48,0.5,0.45,0.81,0.83,negative
0.58,0.55,0.48,0.5,0.57,0.7,0.74,negative
0.36,0.47,0.48,0.5,0.51,0.69,0.72,negative
0.39,0.41,0.48,0.5,0.52,0.72,0.75,negative
0.48,0.49,0.48,0.5,0.52,0.77,0.71,negative
0.11,0.5,0.48,0.5,0.58,0.72,0.68,negative
0.31,0.36,0.48,0.5,0.58,0.94,0.94,negative
0.68,0.51,0.48,0.5,0.71,0.75,0.78,negative
0.69,0.39,0.48,0.5,0.57,0.76,0.79,negative
0.46,0.59,0.48,0.5,0.36,0.76,0.23,negative
0.36,0.45,0.48,0.5,0.38,0.79,0.17,negative
0.0,0.51,0.48,0.5,0.35,0.67,0.44,negative
0.3,0.51,0.48,0.5,0.42,0.61,0.34,negative
0.61,0.47,0.48,0.5,0.0,0.8,0.32,negative
0.85,0.53,0.48,0.5,0.53,0.52,0.35,negative
0.75,0.55,1.0,1.0,0.4,0.47,0.3,negative
0.7,0.39,1.0,0.5,0.51,0.82,0.84,negative
0.72,0.42,0.48,0.5,0.65,0.77,0.79,negative
0.79,0.41,0.48,0.5,0.66,0.81,0.83,negative
0.83,0.48,0.48,0.5,0.65,0.76,0.79,negative
0.69,0.43,0.48,0.5,0.59,0.74,0.77,negative
0.79,0.36,0.48,0.5,0.46,0.82,0.7,negative
0.75,0.37,0.48,0.5,0.64,0.7,0.74,negative
0.59,0.29,0.48,0.5,0.64,0.75,0.77,negative
0.67,0.37,0.48,0.5,0.54,0.64,0.68,negative
0.66,0.48,0.48,0.5,0.54,0.7,0.74,negative
0.76,0.71,0.48,0.5,0.5,0.71,0.75,negative
0.84,0.49,0.48,0.5,0.55,0.78,0.74,negative
0.77,0.55,0.48,0.5,0.51,0.78,0.74,negative
0.81,0.44,0.48,0.5,0.42,0.67,0.68,negative
0.63,0.42,0.48,0.5,0.48,0.77,0.8,negative
0.62,0.42,0.48,0.5,0.58,0.79,0.81,negative
0.86,0.39,0.48,0.5,0.59,0.89,0.9,negative
0.81,0.53,0.48,0.5,0.57,0.87,0.88,negative
0.87,0.49,0.48,0.5,0.61,0.76,0.79,negative
0.47,0.46,0.48,0.5,0.62,0.74,0.77,negative
0.76,0.41,0.48,0.5,0.5,0.59,0.62,negative
0.7,0.53,0.48,0.5,0.7,0.86,0.87,negative
0.64,0.45,0.48,0.5,0.67,0.61,0.66,negative
0.81,0.52,0.48,0.5,0.57,0.78,0.8,negative
0.73,0.26,0.48,0.5,0.57,0.75,0.78,negative
0.49,0.61,1.0,0.5,0.56,0.71,0.74,negative
0.88,0.42,0.48,0.5,0.52,0.73,0.75,negative
0.84,0.54,0.48,0.5,0.75,0.92,0.7,negative
0.63,0.51,0.48,0.5,0.64,0.72,0.76,negative
0.86,0.55,0.48,0.5,0.63,0.81,0.83,negative
0.79,0.54,0.48,0.5,0.5,0.66,0.68,negative
0.57,0.38,0.48,0.5,0.06,0.49,0.33,negative
0.78,0.44,0.48,0.5,0.45,0.73,0.68,negative
0.78,0.68,0.48,0.5,0.83,0.4,0.29,positive
0.67,0.88,0.48,0.5,0.73,0.5,0.25,positive
0.61,0.75,0.48,0.5,0.51,0.33,0.33,positive
0.67,0.84,0.48,0.5,0.74,0.54,0.37,positive
0.74,0.9,0.48,0.5,0.57,0.53,0.29,positive
0.73,0.84,0.48,0.5,0.86,0.58,0.29,positive
0.75,0.76,0.48,0.5,0.83,0.57,0.3,positive
0.77,0.57,0.48,0.5,0.88,0.53,0.2,positive
0.74,0.78,0.48,0.5,0.75,0.54,0.15,positive
0.56,0.68,0.48,0.5,0.77,0.36,0.45,positive
0.52,0.81,0.48,0.5,0.72,0.38,0.38,positive
0.64,0.57,0.48,0.5,0.7,0.33,0.26,positive
0.6,0.76,1.0,0.5,0.77,0.59,0.52,positive
0.69,0.59,0.48,0.5,0.77,0.39,0.21,positive
0.63,0.49,0.48,0.5,0.79,0.45,0.28,positive
0.68,0.63,0.48,0.5,0.73,0.4,0.3,positive
0.77,0.57,1.0,0.5,0.37,0.54,0.01,negative
0.66,0.49,1.0,0.5,0.54,0.56,0.36,negative
0.71,0.46,1.0,0.5,0.52,0.59,0.3,negative
0.67,0.55,1.0,0.5,0.66,0.58,0.16,negative
0.74,0.49,0.48,0.5,0.42,0.54,0.36,negative
0.7,0.61,0.48,0.5,0.56,0.52,0.43,negative
0.66,0.86,0.48,0.5,0.34,0.41,0.36,negative
0.73,0.78,0.48,0.5,0.58,0.51,0.31,negative
0.65,0.57,0.48,0.5,0.47,0.47,0.51,negative
0.72,0.86,0.48,0.5,0.17,0.55,0.21,negative
0.67,0.7,0.48,0.5,0.46,0.45,0.33,negative
0.67,0.81,0.48,0.5,0.54,0.49,0.23,negative
0.67,0.61,0.48,0.5,0.51,0.37,0.38,negative
0.63,1.0,0.48,0.5,0.35,0.51,0.49,negative
0.71,0.71,0.48,0.5,0.4,0.54,0.39,negative
0.66,0.74,0.48,0.5,0.31,0.38,0.43,negative
0.67,0.81,0.48,0.5,0.25,0.42,0.25,negative
0.64,0.72,0.48,0.5,0.49,0.42,0.19,negative
0.32,0.39,0.48,0.5,0.53,0.28,0.38,negative
0.7,0.64,0.48,0.5,0.47,0.51,0.47,negative
0.63,0.57,0.48,0.5,0.49,0.7,0.2,negative
0.74,0.82,0.48,0.5,0.49,0.49,0.41,negative
0.63,0.86,0.48,0.5,0.39,0.47,0.34,negative
0.63,0.71,0.48,0.5,0.6,0.4,0.39,negative
0.75,0.84,0.48,0.5,0.35,0.52,0.33,negative
0.63,0.65,0.48,0.5,0.39,0.44,0.35,negative
0.69,0.67,0.48,0.5,0.3,0.39,0.24,negative
0.7,0.71,0.48,0.5,0.42,0.84,0.85,negative
0.69,0.8,0.48,0.5,0.46,0.57,0.26,negative
0.64,0.66,0.48,0.5,0.41,0.39,0.2,negative
0.63,0.8,0.48,0.5,0.46,0.31,0.29,negative
0.69,0.59,0.48,0.5,0.46,0.44,0.52,negative
0.68,0.67,0.48,0.5,0.49,0.4,0.34,negative
0.64,0.78,0.48,0.5,0.5,0.36,0.38,negative
0.62,0.78,0.48,0.5,0.47,0.49,0.54,negative
0.76,0.73,0.48,0.5,0.44,0.39,0.39,negative
0.64,0.81,0.48,0.5,0.37,0.39,0.44,negative
0.29,0.39,0.48,0.5,0.52,0.4,0.48,negative
0.62,0.83,0.48,0.5,0.46,0.36,0.4,negative
0.56,0.54,0.48,0.5,0.43,0.37,0.3,negative
0.69,0.65,0.48,0.5,0.63,0.48,0.41,negative
0.43,0.59,0.48,0.5,0.52,0.49,0.56,negative
0.74,0.56,0.48,0.5,0.47,0.68,0.3,negative
0.71,0.57,0.48,0.5,0.48,0.35,0.32,negative
0.61,0.6,0.48,0.5,0.44,0.39,0.38,negative
0.59,0.61,0.48,0.5,0.42,0.42,0.37,negative
0.74,0.74,0.48,0.5,0.31,0.53,0.52,negative
0.647705688501143,0.6298935768150645,1.0,0.5,0.6615779806792205,0.59,0.424588622997714,positive
0.631918136948681,0.6163683837309353,1.0,0.5,0.6476471416967227,0.5740409315256595,0.4348849681368505,positive
0.6585847166519087,0.600223500040249,1.0,0.5,0.6368529167002075,0.59,0.4028305666961826,positive
0.6664944226327363,0.5605167321017912,1.0,0.5,0.6655087644342716,0.5805007967667519,0.17802868360307056,positive
0.6038395357948035,0.7484813926155894,1.0,0.5,0.7639664437510231,0.5894514948864567,0.500253815912439,positive
0.6221167335060173,0.6936497994819483,1.0,0.5,0.7352451330619729,0.5868404666419975,0.40625679911191137,positive
0.6290379680914467,0.6728860957256598,1.0,0.5,0.7243689072848695,0.585851718844079,0.3706618783868454,positive
0.6583082896435841,0.5850751310692478,1.0,0.5,0.6783726877029393,0.5816702443366308,0.22012879611871045,positive
0.6762680042831388,0.5519963519550759,1.0,0.5,0.59666362662923,0.59,0.3674639914337223,positive
0.6343912887494967,0.6568261337515099,1.0,0.5,0.7159565462507909,0.5850869587500719,0.3431305150025884,positive
0.6129035157851352,0.7019341789668915,1.0,0.5,0.7205365228236483,0.5835482421074324,0.48559062457297275,positive
0.6097403739913176,0.7334353436600428,1.0,0.5,0.7478627863833691,0.59,0.5005192520173648,positive
0.6063220542892106,0.731550755698552,1.0,0.5,0.7457654585580258,0.5868389728553947,0.5031411885621049,positive
0.6557661224026514,0.5090524491880689,1.0,0.5,0.5562298641231699,0.5621169387986744,0.3712903402595964,positive
0.625883765025721,0.6894079135662156,1.0,0.5,0.7111732613051797,0.59,0.4682324699485581,positive
0.6403174341767027,0.6390476974698919,1.0,0.5,0.7066440320080386,0.5842403665461853,0.3126531956626717,positive
0.5506401484508238,0.6926911115238505,1.0,0.5,0.6757675561333908,0.6438471107809195,0.6187197030983526,positive
0.6483690445054634,0.6148928664836097,1.0,0.5,0.6939915014914146,0.5830901364992195,0.2712449139719024,positive
0.5066028150397401,0.6326402023269184,1.0,0.5,0.5916962832576859,0.6918878381384652,0.7067943699205197,positive
0.6830990309364678,0.5333662792641787,1.0,0.5,0.5811385660534822,0.59,0.35380193812706434,positive
0.5007577698791695,0.6246696861988676,1.0,0.5,0.5805375606784147,0.6982642510409058,0.7184844602416608,positive
0.6519797378631844,0.6182370785549516,1.0,0.5,0.6518642321291264,0.59,0.41604052427363114,positive
0.6853994873837391,0.5270923071352568,1.0,0.5,0.5759102559460473,0.59,0.3492010252325216,positive
0.6308272833501178,0.6212772249244696,1.0,0.5,0.6518287471578815,0.5745863583249411,0.43779391106635235,positive
0.6682038720495491,0.5739894398648658,1.0,0.5,0.6149911998873883,0.59,0.3835922559009016,positive
0.6331092679597277,0.6110082941812256,1.0,0.5,0.6430811394877107,0.5734453660201362,0.4317086187740596,positive
0.5802428508473176,0.7330584329736151,1.0,0.5,0.732281806163061,0.6115532536211079,0.5595142983053646,positive
0.5892971627978493,0.7454052219970672,1.0,0.5,0.7495673107958941,0.6016758224023462,0.5414056744043014,positive
0.6275856399809437,0.6847664364156077,1.0,0.5,0.7073053636796731,0.59,0.4648287200381124,positive
0.6540977658971908,0.5165600534626416,1.0,0.5,0.5626252307274355,0.5629511170514047,0.37573929094082464,positive
0.5212100977340721,0.6525592241828256,1.0,0.5,0.6195829138559559,0.6759526206537395,0.6775798045318557,positive
0.569989891645522,0.7190771249711665,1.0,0.5,0.7127079749596331,0.6227383000230667,0.5800202167089558,positive
0.6528922611737351,0.5219848247181923,1.0,0.5,0.5672463321673491,0.5635538694131326,0.3789539702033732,positive
0.6252445745926296,0.6911511602019191,1.0,0.5,0.7126259668349326,0.59,0.46951085081474075,positive
0.6430068795760865,0.566469041907611,1.0,0.5,0.6051402949583354,0.5684965602119568,0.40531498779710284,positive
0.6280497550019487,0.6835006681765035,1.0,0.5,0.7062505568137529,0.59,0.46390048999610256,positive
0.5469214719396813,0.6876201890086563,1.0,0.5,0.6686682646121189,0.6479038487930749,0.6261570561206374,positive
0.6353394052095815,0.6539817843712555,1.0,0.5,0.7144666489563719,0.5849515135414883,0.33825448749358084,positive
0.5508136124123844,0.6929276532896151,1.0,0.5,0.6760987146054611,0.6436578773683079,0.6183727751752313,positive
0.6394583067050077,0.6416250798849769,1.0,0.5,0.7079940894635592,0.5843630990421417,0.3170715655171031,positive
0.6845760062325806,0.5293381648202345,1.0,0.5,0.5777818040168621,0.59,0.35084798753483865,positive
0.6310153057884608,0.6669540826346176,1.0,0.5,0.7212616623324188,0.5855692420302199,0.360492713087916,positive
0.692763104405703,0.5070097152571735,1.0,0.5,0.5591747627143113,0.59,0.33447379118859394,positive
0.6587251261040057,0.49573693253197443,1.0,0.5,0.5448870166013116,0.5606374369479972,0.36339966372265153,positive
0.6592441704903292,0.4934012327935185,1.0,0.5,0.542897346453738,0.5603779147548354,0.36201554535912206,positive
0.555829674065789,0.6997677373624395,1.0,0.5,0.6856748323074153,0.6381858101100484,0.608340651868422,positive
0.6027649693057282,0.7517050920828154,1.0,0.5,0.7656550482338558,0.5896050043848959,0.5057801578562551,positive
0.5484826221681653,0.6897490302293164,1.0,0.5,0.671648642321043,0.6462007758165468,0.6230347556636692,positive
0.6041369613940081,0.7475891158179757,1.0,0.5,0.7634990606665587,0.5894090055151416,0.49872419854510125,positive
0.561137429142218,0.7070055851939336,1.0,0.5,0.6958078192715071,0.632395531844853,0.5977251417155639,positive
0.6677353195893038,0.5752673102109896,1.0,0.5,0.6160560918424913,0.59,0.3845293608213924,positive
0.6593244713272641,0.4930398790273115,1.0,0.5,0.542589526578821,0.560337764336368,0.36180140979396236,positive
0.6445819353209706,0.5593812910556324,1.0,0.5,0.5991025812696128,0.5677090323395148,0.4011148391440784,positive
0.6356149068672663,0.5997329190973015,1.0,0.5,0.6334761903421458,0.5721925465663669,0.4250269150206232,positive
0.7395993504823589,0.780572356453773,0.48,0.5,0.7498855287092454,0.5397710574184909,0.1505723564537729,positive
0.7452844337808661,0.769431132438268,0.48,0.5,0.7922754702469281,0.555853301342598,0.22926650671299023,positive
0.6947384144934756,0.8446594078664634,0.48,0.5,0.7370681184267073,0.5141362368534146,0.21465940786646343,positive
0.6823524783513387,0.8294121614131382,0.48,0.5,0.7417646397644769,0.54,0.331177925181507,positive
0.6714904158290823,0.8778708345298825,0.48,0.5,0.7304258330940235,0.500851666188047,0.24787083452988246,positive
0.7405740330841561,0.7788519338316877,0.48,0.5,0.7545922646732491,0.5417220992524685,0.15861049626234208,positive
0.7391679834156345,0.7849920995061931,0.48,0.5,0.7591521824280205,0.543328066337462,0.16164823218111707,positive
0.7391994794015082,0.780686160512993,0.48,0.5,0.7498856399145012,0.54,0.15251592188097413,positive
0.7416910052442979,0.7766179895114041,0.48,0.5,0.7635280419543833,0.5450730157328938,0.17536507866446877,positive
0.7491343908082059,0.7617312183835881,0.48,0.5,0.8230751264656472,0.5674031724246177,0.2870158621230886,positive
0.7356456611980233,0.80612603281186,0.48,0.5,0.7978977268217433,0.5574173552079067,0.2109607432276733,positive
0.6386332749694343,0.6472361354294024,0.48,0.5,0.7437889083435218,0.3862110916564781,0.3517084062882071,positive
0.6159154636568756,0.6567018901429685,0.48,0.5,0.7513615121143749,0.37863848788562515,0.38010567042890564,positive
0.5458582462525013,0.7259606996793708,0.48,0.5,0.7523228078156267,0.36707087687374934,0.4252519309418773,positive
0.5278792111566133,0.7843925637410067,0.48,0.5,0.7298490139457666,0.37606039442169337,0.3937886195240733,positive
0.5675556849624688,0.6832381506982009,0.48,0.5,0.7516504793768617,0.36431753426426783,0.44352369860359825,positive
0.6190668450142988,0.7053143621489851,0.48,0.5,0.6265519478224174,0.39375248286531356,0.3993712757020297,positive
0.6617109941672925,0.6565282321152403,0.48,0.5,0.6604650832044543,0.4538870715390392,0.4187043094869869,positive
0.6282708362883243,0.6515538182131982,0.48,0.5,0.7472430545705586,0.38275694542944144,0.36466145463959465,positive
0.6776292429370876,0.6528547900914413,0.48,0.5,0.6433223537600594,0.4685808396342348,0.4138063867885884,positive
0.6089417177122499,0.659607617619896,0.48,0.5,0.7536860940959167,0.37631390590408326,0.3888228528596877,positive
0.5752973151386619,0.6865559922022837,0.48,0.5,0.7328493775203928,0.3687413229363782,0.4368880155954328,positive
0.54192922078235,0.7387300324573629,0.48,0.5,0.7474115259779374,0.36903538960882504,0.4183761363691123,positive
0.6226045612495396,0.6539147661460252,0.48,0.5,0.7491318129168202,0.3808681870831798,0.3717442984380756,positive
0.5643957146928881,0.6781684522112967,0.48,0.5,0.7685347617690373,0.36146523823096266,0.44450535663389,positive
0.5959112524186625,0.6650369781588906,0.48,0.5,0.7580295825271125,0.3719704174728875,0.4051109344766719,positive
0.5532104908338266,0.702065904790064,0.48,0.5,0.7615131135422831,0.36339475458308673,0.4381183589591963,positive
0.6250071723971594,0.6649983448314248,0.48,0.5,0.6999922758799823,0.42000662067430095,0.42999779310856634,positive
0.545807933445575,0.7261242163018814,0.48,0.5,0.7522599168069687,0.3670960332772125,0.4251638835297562,positive
0.6061376095704621,0.6693528593298934,0.48,0.5,0.7203133435395023,0.4025885626804266,0.4358038124398578,positive
0.5818794246584342,0.6708835730589858,0.48,0.5,0.7627068584471887,0.3672931415528114,0.42265071917695735,positive
0.5313612702026786,0.7730758718412944,0.48,0.5,0.7342015877533483,0.3743193648986607,0.39988222285468766,positive
0.6517324716919326,0.6588309680710925,0.48,0.5,0.6712111843317649,0.44467612771563014,0.42177462409478994,positive
0.6508307631273806,0.5862461446910708,0.48,0.5,0.7081230723455354,0.3489538354729161,0.2708307631273806,positive
0.6665815928010195,0.6098723892015291,0.48,0.5,0.7199361946007645,0.37651778740178393,0.28658159280101936,positive
0.6651950424121532,0.5800780169648613,0.48,0.5,0.7352730593770145,0.3602340508945839,0.23480495758784675,positive
0.6306810298452336,0.4954482387618683,0.48,0.5,0.7838707313928982,0.44182764185719764,0.278637940309533,positive
0.6324910078988688,0.675125889415837,0.48,0.5,0.6249100789886879,0.3825629447079185,0.3576168973147058,positive
0.663779945905887,0.5795119783623548,0.48,0.5,0.7332919242682417,0.3585359350870644,0.23622005409411304,positive
0.6383923954360872,0.5925064638947795,0.48,0.5,0.6839239543608717,0.34125323194738977,0.2808988593308667,positive
0.635106860322738,0.6385039554816682,0.48,0.5,0.6510686032273798,0.3642519777408341,0.3236108158044062,positive
0.6365924576117459,0.617705593435558,0.48,0.5,0.6659245761174585,0.35385279671777903,0.30429805104730395,positive
0.6334125969588693,0.6622236425758299,0.48,0.5,0.6341259695886929,0.376111821287915,0.3456362395346992,positive
0.6392587749163053,0.5803771511717256,0.48,0.5,0.692587749163053,0.33518857558586285,0.269635926088031,positive
0.6399702471143748,0.570416540398753,0.48,0.5,0.6997024711437477,0.33020827019937654,0.2603867875131279,positive
0.6542588002114529,0.5913882003171792,0.48,0.5,0.7106941001585896,0.3549529003700425,0.2742588002114529,positive
0.6338492153567173,0.5207937228537388,0.48,0.5,0.7553570617895439,0.4038094157193918,0.2723015692865653,positive
0.6355744470189899,0.5345955761519189,0.48,0.5,0.7398299768290912,0.3831066357721216,0.2688511059620203,positive
0.6313312493014125,0.5006499944113002,0.48,0.5,0.7780187562872872,0.4340250083830497,0.27733750139717495,positive
0.6501827001630283,0.5740730800652113,0.48,0.5,0.7142557802282395,0.3422192401956339,0.24981729983697176,positive
0.6406751778578478,0.5702700711431391,0.48,0.5,0.7009452490009869,0.33081021342941735,0.25932482214215224,positive
0.6372195856032365,0.6089258015546886,0.48,0.5,0.6721958560323653,0.3494629007773443,0.2961453871579251,positive
0.651672146191384,0.587508219287076,0.48,0.5,0.708754109643538,0.35042625583492204,0.271672146191384,positive
0.6634872481289764,0.5793948992515905,0.48,0.5,0.732882147380567,0.35818469775477174,0.23651275187102355,positive
0.6791615989758912,0.6287423984638367,0.48,0.5,0.7293711992319184,0.3985327982078095,0.2991615989758911,positive
0.6552383813211775,0.5928575719817663,0.48,0.5,0.7114287859908831,0.35666716731206066,0.2752383813211775,positive
0.681351181720038,0.6327023634400758,0.48,0.5,0.7164881827996212,0.41080945376030303,0.31486299892041664,positive
0.6571300207832269,0.5956950311748402,0.48,0.5,0.7128475155874201,0.359977536370647,0.27713002078322685,positive
0.6469724144405228,0.5804586216607841,0.48,0.5,0.7052293108303921,0.3422017252709149,0.2669724144405228,positive
0.6974944012487168,0.6387472006243584,0.48,0.5,0.7474944012487167,0.4,0.29825055987512833,positive
0.6549701101121984,0.5924551651682975,0.48,0.5,0.7112275825841488,0.35619769269634716,0.27497011011219835,positive
0.6853202053296167,0.6406404106592335,0.48,0.5,0.6767979467038325,0.4425616426369339,0.35852225862578413,positive
0.6863061464909702,0.6047754140361191,0.48,0.5,0.7552245859638809,0.3936938535090298,0.24324468158126802,positive
0.6878017241104114,0.598793103558354,0.48,0.5,0.761206896441646,0.3921982758895885,0.22978448300629659,positive
0.6820616430659319,0.6310308215329659,0.48,0.5,0.7320616430659318,0.4,0.2997938356934068,positive
0.7048805152621683,0.84,0.48,0.5,0.8097610305243367,0.5632536768414456,0.32349264631710883,positive
0.7289997644875383,0.7810002355124617,0.48,0.5,0.5826672946998979,0.5105001177562308,0.3110002355124617,positive
0.7053887280196847,0.8046112719803153,0.48,0.5,0.7798123190221453,0.5532707730073818,0.33903486298277585,positive
0.67,0.8449667497492435,0.48,0.5,0.7387583125626891,0.5350332502507565,0.35509975075226957,positive
0.7122361532886214,0.84,0.48,0.5,0.8244723065772428,0.5681574355257476,0.31368512894850475,positive
0.673399180053549,0.84,0.48,0.5,0.746798360107098,0.5422661200356994,0.3654677599286013,positive
0.6710527008497048,0.8389472991502952,0.48,0.5,0.7411842884559179,0.5403947628186393,0.36907888675650835,positive
0.67,0.8625600241661597,0.48,0.5,0.7343599939584601,0.5174399758338403,0.3023199275015208,positive
0.7422390854394254,0.7677609145605746,0.48,0.5,0.8212689711193536,0.5670896570397845,0.3067908002405027,positive
0.7005273820291938,0.8094726179708062,0.48,0.5,0.7743433047828431,0.5514477682609477,0.3432885407244554,positive
0.67,0.8693397228848037,0.48,0.5,0.732665069278799,0.5106602771151963,0.28198083134558916,positive
0.6313542702313284,0.7571180900771095,0.48,0.5,0.46729145953734313,0.3442361801542189,0.3655904503855474,positive
0.6252154661994664,0.7652154661994665,0.48,0.5,0.5049281779335112,0.34521546619946647,0.3553591103324441,positive
0.616569631543433,0.7664240788585825,0.48,0.5,0.4935759211414175,0.32343036845656703,0.31686073691313404,positive
0.6162501097832561,0.7656252744581403,0.48,0.5,0.4943747255418597,0.3237498902167439,0.31749978043348775,positive
0.638073583290829,0.759357861096943,0.48,0.5,0.45385283341834204,0.34871572219388597,0.376789305484715,positive
0.6100644209627568,0.7500214736542523,0.48,0.5,0.5098711580744864,0.3300429473085046,0.3301073682712614,positive
0.61075984185654,0.7502532806188467,0.48,0.5,0.50848031628692,0.33050656123769334,0.3312664030942333,positive
0.6216347672033988,0.779086918008497,0.48,0.5,0.480913081991503,0.3183652327966012,0.3067304655932024,positive
0.621062094550581,0.7776552363764525,0.48,0.5,0.4823447636235475,0.318937905449419,0.307875810898838,positive
0.6373823457452857,0.759127448581762,0.48,0.5,0.45523530850942856,0.3482548971635238,0.37563724290880957,positive
0.6104881446439956,0.7512203616099888,0.48,0.5,0.5087796383900112,0.32951185535600447,0.3290237107120089,positive
0.6188997061036867,0.7588997061036867,0.48,0.5,0.5070334312987711,0.33889970610368675,0.34483284350614457,positive
0.6152253869433045,0.7630634673582614,0.48,0.5,0.49693653264173865,0.32477461305669547,0.3195492261133909,positive
0.615720841255375,0.751906947085125,0.48,0.5,0.49855831748925006,0.33381389417025,0.33953473542562496,positive
0.6170155229927682,0.7570155229927682,0.48,0.5,0.507661492335744,0.33701552299276816,0.34169253832128027,positive
0.6175110486670823,0.8100883893366582,0.48,0.5,0.4724447566645886,0.35253314600124686,0.382577340669576,positive
0.6228606379492909,0.7542868793164303,0.48,0.5,0.48427872410141815,0.3385737586328606,0.3514343965821516,positive
0.6200636026277383,0.7533545342092461,0.48,0.5,0.48987279474452344,0.3367090684184922,0.3467726710462305,positive
0.6254971699709204,0.7654971699709204,0.48,0.5,0.5048342766763598,0.3454971699709204,0.35582861661820064,positive
0.6112294752378769,0.7598358019030146,0.48,0.5,0.5038526238106159,0.3336884257136305,0.3386063266651378,positive
0.6237568243895317,0.7843920609738294,0.48,0.5,0.4756079390261706,0.3162431756104682,0.3024863512209365,positive
0.6345338464672524,0.7581779488224175,0.48,0.5,0.4609323070654951,0.34635589764483493,0.3708897441120874,positive
0.6127956155568499,0.7509318718522833,0.48,0.5,0.5044087688863002,0.3318637437045666,0.33465935926141654,positive
0.6205830864817441,0.7535276954939147,0.48,0.5,0.4888338270365117,0.33705539098782944,0.3476384774695736,positive
0.6200567692726889,0.760056769272689,0.48,0.5,0.5066477435757704,0.34005676927268896,0.3467612821211482,positive
0.6130671190558534,0.7576677976396335,0.48,0.5,0.5023322023603665,0.32693288094414663,0.3238657618882932,positive
0.617697772275991,0.752565924091997,0.48,0.5,0.49460445544801795,0.335131848183994,0.34282962045998505,positive
0.6198758694129692,0.8290069553037538,0.48,0.5,0.4606206529351539,0.35962760823890766,0.3991310858907846,positive
0.6202284693073908,0.775571173268477,0.48,0.5,0.484428826731523,0.3197715306926092,0.30954306138521837,positive
0.6188342979395235,0.7529447659798412,0.48,0.5,0.492331404120953,0.33588953195968235,0.34472382989920586,positive
0.6226987230957275,0.7817468077393188,0.48,0.5,0.47825319226068125,0.3173012769042725,0.304602553808545,positive
0.6282220974394257,0.7682220974394257,0.48,0.5,0.5039259675201915,0.3482220974394257,0.3603701623990429,positive
0.6173522541442941,0.7683806353607352,0.48,0.5,0.4916193646392648,0.32264774585570594,0.3152954917114118,positive
0.618134796065125,0.8150783685209997,0.48,0.5,0.46932601967437515,0.3544043881953749,0.3869435724558748,positive
0.6176394601590178,0.7690986503975445,0.48,0.5,0.4909013496024555,0.32236053984098223,0.3147210796819644,positive
0.6260695302406727,0.7901738256016817,0.48,0.5,0.4698261743983184,0.31393046975932737,0.2978609395186547,positive
0.6144745728325341,0.7544745728325342,0.48,0.5,0.5085084757224886,0.33447457283253423,0.337457621387557,positive
0.6168477268485216,0.7568477268485216,0.48,0.5,0.5077174243838262,0.3368477268485217,0.34141287808086945,positive
0.6176283686377602,0.7690709215944005,0.48,0.5,0.4909290784055995,0.32237163136223984,0.3147432627244796,positive
0.6144140512760521,0.7853124102084166,0.48,0.5,0.4879297436197397,0.3432421538281562,0.36089835893236455,positive
0.6367831262015108,0.7767831262015108,0.48,0.5,0.501072291266163,0.35678312620151076,0.37463854366918464,positive
0.6181151323473323,0.7581151323473323,0.48,0.5,0.5072949558842226,0.3381151323473323,0.3435252205788872,positive
0.6291267665538747,0.7691267665538748,0.48,0.5,0.5036244111487085,0.3491267665538747,0.36187794425645786,positive
0.6285671374457531,0.756189045815251,0.48,0.5,0.47286572510849373,0.3423780916305021,0.3609452290762552,positive
0.6271949911014165,0.7671949911014165,0.48,0.5,0.5042683362995278,0.3471949911014165,0.35865831850236085,positive
0.6162164849852083,0.7655412124630209,0.48,0.5,0.4944587875369792,0.3237835150147917,0.3175670300295833,positive
0.6361754955862647,0.7761754955862648,0.48,0.5,0.5012748348045785,0.3561754955862647,0.37362582597710786,positive
0.6151458108037744,0.7551458108037744,0.48,0.5,0.5082847297320752,0.3351458108037744,0.33857635133962405,positive
0.6250943787701163,0.7650943787701163,0.48,0.5,0.5049685404099612,0.34509437877011634,0.3551572979501939,positive
0.6201847700691674,0.7601847700691674,0.48,0.5,0.5066050766436109,0.34018477006916736,0.34697461678194563,positive
0.616153059124419,0.7992244729953518,0.48,0.5,0.47923470437790516,0.34845917737325693,0.37307141387093284,positive
0.6250838124505116,0.7550279374835038,0.48,0.5,0.4798323750989767,0.34005587496700773,0.35513968741751945,positive
0.6352377634664697,0.7752377634664697,0.48,0.5,0.5015874121778434,0.3552377634664696,0.37206293911078275,positive
0.6341168624887433,0.7580389541629144,0.48,0.5,0.4617662750225133,0.3460779083258289,0.3701947708145723,positive
0.7265599899607492,0.8827199870923919,0.48,0.5,0.5642399956974639,0.5223199942632852,0.27847999139492785,positive
0.7058725758212939,0.831745151642588,0.48,0.5,0.49491966680684674,0.5573019393429648,0.26952354549277635,positive
0.7019828104218855,0.85112075625671,0.48,0.5,0.5537069187522367,0.5082758916696488,0.2574138375044733,positive
0.733657472713187,0.8238896725582444,0.48,0.5,0.5763425272868129,0.5173149454263741,0.30268505457362593,positive
0.6757421913946279,0.8173828175073786,0.48,0.5,0.5424609391691262,0.4932812522255016,0.2349218783382524,positive
0.74,0.89362760215898,0.48,0.5,0.5636276021589799,0.5268138010794899,0.29955859676153007,positive
0.7191612481351539,0.8583224962703079,0.48,0.5,0.5241547458973386,0.5466710014918769,0.2774967488810923,positive
0.74,0.8983844509347072,0.48,0.5,0.5683844509347071,0.5291922254673536,0.2924233235979392,positive
0.74,0.88413606726701,0.48,0.5,0.55413606726701,0.5220680336335051,0.3137958990994849,positive
0.7376929622953464,0.8970338086654454,0.48,0.5,0.5690112695551485,0.5286816927401979,0.2880225391102969,positive
0.74,0.8387887857660361,0.48,0.5,0.5087887857660361,0.49939439288301807,0.38181682135094575,positive
0.7031274060553513,0.8525923792140231,0.48,0.5,0.5541974597380077,0.5089299463173436,0.2583949194760154,positive
0.74,0.846607266738346,0.48,0.5,0.516607266738346,0.503303633369173,0.37008909989248095,positive
0.6976467782206223,0.8455458577122287,0.48,0.5,0.5518486192374096,0.5057981589832128,0.25369723847481906,positive
0.74,0.8515110226047243,0.48,0.5,0.5215110226047244,0.5057555113023622,0.3627334660929134,positive
0.7364974697231145,0.8579696366773735,0.48,0.5,0.5735025302768855,0.5229949394462289,0.29700506055377107,positive
0.732793353483908,0.8135202418068959,0.48,0.5,0.577206646516092,0.5155867069678159,0.304413293032184,positive
0.6862056544299929,0.830835841409991,0.48,0.5,0.546945280469997,0.49926037395999595,0.24389056093999395,positive
0.7357654460445845,0.8491853525350135,0.48,0.5,0.5742345539554154,0.5215308920891689,0.2984691079108311,positive
0.74,0.883802416828777,0.48,0.5,0.553802416828777,0.5219012084143885,0.3142963747568345,positive
0.6815712798641715,0.8248773598253634,0.48,0.5,0.5449591199417878,0.4966121599223837,0.23991823988357555,positive
0.7312469351886192,0.8824938703772384,0.48,0.5,0.5507432574149622,0.5370024518491047,0.28474816111317147,positive
0.7063961301633255,0.8567950244957041,0.48,0.5,0.555598341498568,0.5107977886647574,0.26119668299713605,positive
0.74,0.8332047990216935,0.48,0.5,0.5032047990216935,0.4966023995108468,0.3901928014674597,positive
0.7362337296307259,0.8924674592614518,0.48,0.5,0.5617142051875968,0.5330130162954193,0.2877402377784355,positive
0.74,0.8943741945598236,0.48,0.5,0.5643741945598235,0.5271870972799119,0.2984387081602646,positive
0.7181907421534833,0.8719595256259072,0.48,0.5,0.5606531752086357,0.5175375669448476,0.2713063504172714,positive
0.7347609442523692,0.8371313310284302,0.48,0.5,0.5752390557476308,0.5195218885047383,0.30047811149526166,positive
0.7336977597241219,0.8873955194482437,0.48,0.5,0.5561350713930681,0.5350417922207026,0.2862186558344731,positive
0.7349982407168199,0.8899964814336397,0.48,0.5,0.5589961295770037,0.5340014074265441,0.2869989444300919,positive
0.7323064565017735,0.8076774780212818,0.48,0.5,0.5776935434982264,0.514612913003547,0.30538708699645306,positive
0.6952987707227541,0.8425269909292553,0.48,0.5,0.5508423303097517,0.5044564404130023,0.2516846606195035,positive
0.7302256905524842,0.7827082866298113,0.48,0.5,0.5797743094475157,0.5104513811049686,0.30954861889503144,positive
0.7141741903754677,0.8483483807509354,0.48,0.5,0.5131832188260289,0.5506606476996259,0.2745045142252806,positive
0.7344168453059996,0.8330021436719954,0.48,0.5,0.5755831546940003,0.5188336906119992,0.30116630938800076,positive
0.733899626624756,0.8267955194970723,0.48,0.5,0.5761003733752439,0.517799253249512,0.3022007467504879,positive
0.7134803351468485,0.846960670293697,0.48,0.5,0.5116567373230667,0.5512157318825212,0.2740882010881091,positive
0.7323323249397027,0.8079878992764327,0.48,0.5,0.5776676750602973,0.5146646498794054,0.30533535012059454,positive
0.74,0.888332069672752,0.48,0.5,0.558332069672752,0.524166034836376,0.307501895490872,positive
0.7361511940256396,0.8950515351758224,0.48,0.5,0.5683505117252741,0.5278006823003655,0.2867010234505482,positive
0.7347998868890082,0.837598642668099,0.48,0.5,0.5752001131109917,0.5195997737780165,0.3004002262219835,positive
0.74,0.8212800699146439,0.48,0.5,0.4912800699146439,0.49064003495732195,0.4080798951280341,positive
0.735173638257087,0.842083659085044,0.48,0.5,0.5748263617429129,0.520347276514174,0.299652723485826,positive
0.5496444502420783,0.7830504997799289,0.48,0.5,0.6876605997359145,0.38538990004401424,0.3826949500220071,positive
0.6162359475391992,0.8549101088516263,0.48,0.5,0.7264157298359466,0.4569887580313593,0.2965955121326941,positive
0.6011051934180597,0.8478490902617611,0.48,0.5,0.7254070128945372,0.4448841547344477,0.309708832371015,positive
0.5409289772514182,0.7909736570441653,0.48,0.5,0.6971683884529982,0.383805268591167,0.38190263429558347,positive
0.6577887560306006,0.8375577512061201,0.48,0.5,0.7383718341374134,0.5269746730993072,0.3708140829312933,positive
0.5519660822456418,0.8163932164491284,0.48,0.5,0.7242621442994189,0.4140971543953513,0.3778689278502905,positive
0.5213483918573764,0.8087741892205671,0.48,0.5,0.7185290270646804,0.3802451621558866,0.3801225810779433,positive
0.524898735512074,0.8122860765723012,0.48,0.5,0.7203265823674716,0.38391898840965916,0.3757544292228692,positive
0.554019242914811,0.8168038485829622,0.48,0.5,0.7245358990553081,0.41628719244246504,0.3777320504723459,positive
0.6276594639327286,0.8602410831686067,0.48,0.5,0.7271772975955152,0.46612757114618286,0.28669513125830187,positive
