@relation ecoli4
@attribute Mcg real [0.0, 0.89]
@attribute Gvh real [0.16, 1.0]
@attribute Lip real [0.48, 1.0]
@attribute Chg real [0.5, 1.0]
@attribute Aac real [0.0, 0.88]
@attribute Alm1 real [0.03, 1.0]
@attribute Alm2 real [0.0, 0.99]
@attribute Class {positive, negative}
@data
0.49,0.29,0.48,0.5,0.56,0.24,0.35,negative
0.07,0.4,0.48,0.5,0.54,0.35,0.44,negative
0.56,0.4,0.48,0.5,0.49,0.37,0.46,negative
0.59,0.49,0.48,0.5,0.52,0.45,0.36,negative
0.23,0.32,0.48,0.5,0.55,0.25,0.35,negative
0.29,0.28,0.48,0.5,0.44,0.23,0.34,negative
0.21,0.34,0.48,0.5,0.51,0.28,0.39,negative
0.2,0.44,0.48,0.5,0.46,0.51,0.57,negative
0.42,0.24,0.48,0.5,0.57,0.27,0.37,negative
0.25,0.48,0.48,0.5,0.44,0.17,0.29,negative
0.51,0.5,0.48,0.5,0.46,0.32,0.35,negative
0.22,0.43,0.48,0.5,0.48,0.16,0.28,negative
0.25,0.4,0.48,0.5,0.46,0.44,0.52,negative
0.34,0.45,0.48,0.5,0.38,0.24,0.35,negative
0.44,0.27,0.48,0.5,0.55,0.52,0.58,negative
0.23,0.4,0.48,0.5,0.39,0.28,0.38,negative
0.41,0.57,0.48,0.5,0.39,0.21,0.32,negative
0.4,0.45,0.48,0.5,0.38,0.22,0.0,negative
0.31,0.23,0.48,0.5,0.73,0.05,0.14,negative
0.3,0.16,0.48,0.5,0.56,0.11,0.23,negative
0.36,0.39,0.48,0.5,0.48,0.22,0.23,negative
0.25,0.4,0.48,0.5,0.47,0.33,0.42,negative
0.21,0.51,0.48,0.5,0.5,0.32,0.41,negative
0.43,0.37,0.48,0.5,0.53,0.35,0.44,negative
0.43,0.39,0.48,0.5,0.47,0.31,0.41,negative
0.53,0.38,0.48,0.5,0.44,0.26,0.36,negative
0.56,0.51,0.48,0.5,0.34,0.37,0.46,negative
0.4,0.29,0.48,0.5,0.42,0.35,0.44,negative
0.24,0.35,0.48,0.5,0.31,0.19,0.31,negative
0.36,0.54,0.48,0.5,0.41,0.38,0.46,negative
0.65,0.47,0.48,0.5,0.59,0.3,0.4,negative
0.38,0.46,0.48,0.5,0.48,0.22,0.29,negative
0.4,0.5,0.48,0.5,0.45,0.39,0.47,negative
0.28,0.38,0.48,0.5,0.5,0.33,0.42,negative
0.61,0.45,0.48,0.5,0.48,0.35,0.41,negative
0.44,0.35,0.48,0.5,0.55,0.55,0.61,negative
0.23,0.33,0.48,0.5,0.43,0.33,0.43,negative
0.37,0.52,0.48,0.5,0.42,0.42,0.36,negative
0.29,0.3,0.48,0.5,0.45,0.03,0.17,negative
0.22,0.36,0.48,0.5,0.35,0.39,0.47,negative
0.54,0.47,0.48,0.5,0.28,0.33,0.42,negative
0.51,0.37,0.48,0.5,0.35,0.36,0.45,negative
0.4,0.35,0.48,0.5,0.45,0.33,0.42,negative
0.44,0.34,0.48,0.5,0.3,0.33,0.43,negative
0.42,0.38,0.48,0.5,0.54,0.34,0.43,negative
0.44,0.56,0.48,0.5,0.5,0.46,0.54,negative
0.36,0.41,0.48,0.5,0.48,0.47,0.54,negative
0.47,0.29,0.48,0.5,0.51,0.33,0.43,negative
0.24,0.43,0.48,0.5,0.54,0.52,0.59,negative
0.52,0.57,0.48,0.5,0.42,0.47,0.54,negative
0.25,0.37,0.48,0.5,0.43,0.26,0.36,negative
0.35,0.48,0.48,0.5,0.56,0.4,0.48,negative
0.26,0.26,0.48,0.5,0.34,0.25,0.35,negative
0.44,0.51,0.48,0.5,0.47,0.26,0.36,negative
0.37,0.5,0.48,0.5,0.42,0.36,0.45,negative
0.44,0.42,0.48,0.5,0.42,0.25,0.2,negative
0.24,0.43,0.48,0.5,0.37,0.28,0.38,negative
0.42,0.3,0.48,0.5,0.48,0.26,0.36,negative
0.48,0.42,0.48,0.5,0.45,0.25,0.35,negative
0.41,0.48,0.48,0.5,0.51,0.44,0.51,negative
0.44,0.28,0.48,0.5,0.43,0.27,0.37,negative
0.29,0.41,0.48,0.5,0.48,0.38,0.46,negative
0.41,0.43,0.48,0.5,0.45,0.31,0.41,negative
0.34,0.55,0.48,0.5,0.58,0.31,0.41,negative
0.36,0.56,0.48,0.5,0.43,0.45,0.53,negative
0.4,0.46,0.48,0.5,0.52,0.49,0.56,negative
0.5,0.49,0.48,0.5,0.49,0.46,0.53,negative
0.52,0.44,0.48,0.5,0.37,0.36,0.42,negative
0.5,0.51,0.48,0.5,0.27,0.23,0.34,negative
0.34,0.46,0.48,0.5,0.52,0.35,0.44,negative
0.4,0.42,0.48,0.5,0.37,0.27,0.27,negative
0.41,0.43,0.48,0.5,0.5,0.24,0.25,negative
0.64,0.76,0.48,0.5,0.45,0.35,0.38,negative
0.35,0.37,0.48,0.5,0.3,0.34,0.43,negative
0.57,0.54,0.48,0.5,0.37,0.28,0.33,negative
0.65,0.55,0.48,0.5,0.34,0.37,0.28,negative
0.51,0.46,0.48,0.5,0.58,0.31,0.41,negative
0.38,0.4,0.48,0.5,0.63,0.25,0.35,negative
0.24,0.57,0.48,0.5,0.63,0.34,0.43,negative
0.38,0.26,0.48,0.5,0.54,0.16,0.28,negative
0.33,0.47,0.48,0.5,0.53,0.18,0.29,negative
0.24,0.34,0.48,0.5,0.38,0.3,0.4,negative
0.26,0.5,0.48,0.5,0.44,0.32,0.41,negative
0.44,0.49,0.48,0.5,0.39,0.38,0.4,negative
0.43,0.32,0.48,0.5,0.33,0.45,0.52,negative
0.49,0.43,0.48,0.5,0.49,0.3,0.4,negative
0.32,0.33,0.48,0.5,0.6,0.06,0.2,negative
0.35,0.34,0.48,0.5,0.46,0.3,0.27,negative
0.38,0.3,0.48,0.5,0.43,0.29,0.39,negative
0.38,0.44,0.48,0.5,0.43,0.2,0.31,negative
0.41,0.51,0.48,0.5,0.58,0.2,0.31,negative
0.34,0.42,0.48,0.5,0.41,0.34,0.43,negative
0.51,0.49,0.48,0.5,0.53,0.14,0.26,negative
0.25,0.51,0.48,0.5,0.37,0.42,0.5,negative
0.29,0.28,0.48,0.5,0.5,0.42,0.5,negative
0.25,0.26,0.48,0.5,0.39,0.32,0.42,negative
0.24,0.41,0.48,0.5,0.49,0.23,0.34,negative
0.17,0.39,0.48,0.5,0.53,0.3,0.39,negative
0.61,0.36,0.48,0.5,0.49,0.35,0.44,negative
0.34,0.51,0.48,0.5,0.44,0.37,0.46,negative
0.28,0.33,0.48,0.5,0.45,0.22,0.33,negative
0.37,0.44,0.48,0.5,0.42,0.39,0.47,negative
0.0,0.38,0.48,0.5,0.42,0.48,0.55,negative
0.39,0.31,0.48,0.5,0.38,0.34,0.43,negative
0.3,0.44,0.48,0.5,0.49,0.22,0.33,negative
0.27,0.3,0.48,0.5,0.71,0.28,0.39,negative
0.36,0.42,0.48,0.5,0.53,0.32,0.41,negative
0.3,0.37,0.48,0.5,0.43,0.18,0.3,negative
0.26,0.4,0.48,0.5,0.36,0.26,0.37,negative
0.4,0.41,0.48,0.5,0.55,0.22,0.33,negative
0.22,0.34,0.48,0.5,0.42,0.29,0.39,negative
0.27,0.42,0.48,0.5,0.37,0.38,0.43,negative
0.06,0.61,0.48,0.5,0.49,0.92,0.37,negative
0.44,0.52,0.48,0.5,0.43,0.47,0.54,negative
0.63,0.47,0.48,0.5,0.51,0.82,0.84,negative
0.23,0.48,0.48,0.5,0.59,0.88,0.89,negative
0.34,0.49,0.48,0.5,0.58,0.85,0.8,negative
0.43,0.4,0.48,0.5,0.58,0.75,0.78,negative
0.46,0.61,0.48,0.5,0.48,0.86,0.87,negative
0.27,0.35,0.48,0.5,0.51,0.77,0.79,negative
0.52,0.39,0.48,0.5,0.65,0.71,0.73,negative
0.29,0.47,0.48,0.5,0.71,0.65,0.69,negative
0.55,0.47,0.48,0.5,0.57,0.78,0.8,negative
0.4,0.5,0.48,0.5,0.65,0.82,0.84,negative
0.73,0.36,0.48,0.5,0.53,0.91,0.92,negative
0.84,0.44,0.48,0.5,0.48,0.71,0.74,negative
0.48,0.41,0.48,0.5,0.51,0.9,0.88,negative
0.5,0.66,0.48,0.5,0.31,0.92,0.92,negative
0.72,0.46,0.48,0.5,0.51,0.66,0.7,negative
0.47,0.55,0.48,0.5,0.58,0.71,0.75,negative
0.33,0.56,0.48,0.5,0.33,0.78,0.8,negative
0.64,0.58,0.48,0.5,0.48,0.78,0.73,negative
0.54,0.57,0.48,0.5,0.56,0.81,0.83,negative
0.63,0.5,0.48,0.5,0.59,0.85,0.86,negative
0.49,0.42,0.48,0.5,0.53,0.79,0.81,negative
0.31,0.5,0.48,0.5,0.57,0.84,0.85,negative
0.74,0.44,0.48,0.5,0.55,0.88,0.89,negative
0.33,0.45,0.48,0.5,0.45,0.88,0.89,negative
0.45,0.4,0.48,0.5,0.61,0.74,0.77,negative
0.66,0.53,0.48,0.5,0.59,0.66,0.66,negative
0.6,0.61,0.48,0.5,0.54,0.67,0.71,negative
0.34,0.51,0.48,0.5,0.67,0.9,0.9,negative
0.63,0.54,0.48,0.5,0.65,0.79,0.81,negative
0.7,0.4,0.48,0.5,0.56,0.86,0.83,negative
0.16,0.51,0.48,0.5,0.33,0.39,0.48,negative
0.74,0.7,0.48,0.5,0.66,0.65,0.69,negative
0.2,0.46,0.48,0.5,0.57,0.78,0.81,negative
0.89,0.55,0.48,0.5,0.51,0.72,0.76,negative
0.7,0.46,0.48,0.5,0.56,0.78,0.73,negative
0.12,0.43,0.48,0.5,0.63,0.7,0.74,negative
0.61,0.52,0.48,0.5,0.54,0.67,0.52,negative
0.33,0.37,0.48,0.5,0.46,0.65,0.69,negative
0.63,0.65,0.48,0.5,0.66,0.67,0.71,negative
0.34,0.67,0.48,0.5,0.52,0.76,0.79,negative
0.58,0.34,0.48,0.5,0.56,0.87,0.81,negative
0.51,0.4,0.48,0.5,0.57,0.62,0.67,negative
0.5,0.57,0.48,0.5,0.71,0.61,0.66,negative
0.6,0.46,0.48,0.5,0.45,0.81,0.83,negative
0.37,0.47,0.48,0.5,0.39,0.76,0.79,negative
0.58,0.55,0.48,0.5,0.57,0.7,0.74,negative
0.35,0.51,0.48,0.5,0.61,0.71,0.74,negative
0.31,0.44,0.48,0.5,0.5,0.79,0.82,negative
0.61,0.66,0.48,0.5,0.46,0.87,0.88,negative
0.48,0.49,0.48,0.5,0.52,0.77,0.71,negative
0.31,0.36,0.48,0.5,0.58,0.94,0.94,negative
0.69,0.39,0.48,0.5,0.57,0.76,0.79,negative
0.52,0.54,0.48,0.5,0.62,0.76,0.79,negative
0.46,0.59,0.48,0.5,0.36,0.76,0.23,negative
0.36,0.45,0.48,0.5,0.38,0.79,0.17,negative
0.0,0.51,0.48,0.5,0.35,0.67,0.44,negative
0.1,0.49,0.48,0.5,0.41,0.67,0.21,negative
0.3,0.51,0.48,0.5,0.42,0.61,0.34,negative
0.61,0.47,0.48,0.5,0.0,0.8,0.32,negative
0.63,0.75,0.48,0.5,0.64,0.73,0.66,negative
0.71,0.52,0.48,0.5,0.64,1.0,0.99,negative
0.85,0.53,0.48,0.5,0.53,0.52,0.35,negative
0.63,0.49,0.48,0.5,0.54,0.76,0.79,negative
0.75,0.55,1.0,1.0,0.4,0.47,0.3,negative
0.7,0.39,1.0,0.5,0.51,0.82,0.84,negative
0.79,0.41,0.48,0.5,0.66,0.81,0.83,negative
0.83,0.48,0.48,0.5,0.65,0.76,0.79,negative
0.69,0.43,0.48,0.5,0.59,0.74,0.77,negative
0.79,0.36,0.48,0.5,0.46,0.82,0.7,negative
0.78,0.33,0.48,0.5,0.57,0.77,0.79,negative
0.75,0.37,0.48,0.5,0.64,0.7,0.74,negative
0.67,0.37,0.48,0.5,0.54,0.64,0.68,negative
0.66,0.48,0.48,0.5,0.54,0.7,0.74,negative
0.64,0.46,0.48,0.5,0.48,0.73,0.76,negative
0.76,0.71,0.48,0.5,0.5,0.71,0.75,negative
0.84,0.49,0.48,0.5,0.55,0.78,0.74,negative
0.77,0.55,0.48,0.5,0.51,0.78,0.74,negative
0.58,0.6,0.48,0.5,0.59,0.73,0.76,negative
0.63,0.42,0.48,0.5,0.48,0.77,0.8,negative
0.86,0.39,0.48,0.5,0.59,0.89,0.9,negative
0.81,0.53,0.48,0.5,0.57,0.87,0.88,negative
0.87,0.49,0.48,0.5,0.61,0.76,0.79,negative
0.47,0.46,0.48,0.5,0.62,0.74,0.77,negative
0.76,0.41,0.48,0.5,0.5,0.59,0.62,negative
0.64,0.45,0.48,0.5,0.67,0.61,0.66,negative
0.81,0.52,0.48,0.5,0.57,0.78,0.8,negative
0.73,0.26,0.48,0.5,0.57,0.75,0.78,negative
0.49,0.61,1.0,0.5,0.56,0.71,0.74,negative
0.88,0.42,0.48,0.5,0.52,0.73,0.75,negative
0.84,0.54,0.48,0.5,0.75,0.92,0.7,negative
0.86,0.55,0.48,0.5,0.63,0.81,0.83,negative
0.57,0.38,0.48,0.5,0.06,0.49,0.33,negative
0.78,0.44,0.48,0.5,0.45,0.73,0.68,negative
0.63,0.69,0.48,0.5,0.65,0.41,0.28,positive
0.67,0.88,0.48,0.5,0.73,0.5,0.25,positive
0.67,0.84,0.48,0.5,0.74,0.54,0.37,positive
0.74,0.9,0.48,0.5,0.57,0.53,0.29,positive
0.73,0.84,0.48,0.5,0.86,0.58,0.29,positive
0.75,0.76,0.48,0.5,0.83,0.57,0.3,positive
0.77,0.57,0.48,0.5,0.88,0.53,0.2,positive
0.74,0.78,0.48,0.5,0.75,0.54,0.15,positive
0.68,0.76,0.48,0.5,0.84,0.45,0.27,positive
0.56,0.68,0.48,0.5,0.77,0.36,0.45,positive
0.65,0.51,0.48,0.5,0.66,0.54,0.33,positive
0.52,0.81,0.48,0.5,0.72,0.38,0.38,positive
0.64,0.57,0.48,0.5,0.7,0.33,0.26,positive
0.6,0.76,1.0,0.5,0.77,0.59,0.52,positive
0.63,0.49,0.48,0.5,0.79,0.45,0.28,positive
0.71,0.71,0.48,0.5,0.68,0.43,0.36,positive
0.77,0.57,1.0,0.5,0.37,0.54,0.01,negative
0.66,0.49,1.0,0.5,0.54,0.56,0.36,negative
0.67,0.55,1.0,0.5,0.66,0.58,0.16,negative
0.68,0.49,1.0,0.5,0.62,0.55,0.28,negative
0.66,0.86,0.48,0.5,0.34,0.41,0.36,negative
0.73,0.78,0.48,0.5,0.58,0.51,0.31,negative
0.65,0.57,0.48,0.5,0.47,0.47,0.51,negative
0.67,0.7,0.48,0.5,0.46,0.45,0.33,negative
0.67,0.81,0.48,0.5,0.54,0.49,0.23,negative
0.67,0.61,0.48,0.5,0.51,0.37,0.38,negative
0.63,1.0,0.48,0.5,0.35,0.51,0.49,negative
0.57,0.59,0.48,0.5,0.39,0.47,0.33,negative
0.66,0.74,0.48,0.5,0.31,0.38,0.43,negative
0.64,0.72,0.48,0.5,0.49,0.42,0.19,negative
0.68,0.82,0.48,0.5,0.38,0.65,0.56,negative
0.32,0.39,0.48,0.5,0.53,0.28,0.38,negative
0.7,0.64,0.48,0.5,0.47,0.51,0.47,negative
0.63,0.57,0.48,0.5,0.49,0.7,0.2,negative
0.74,0.82,0.48,0.5,0.49,0.49,0.41,negative
0.63,0.86,0.48,0.5,0.39,0.47,0.34,negative
0.63,0.83,0.48,0.5,0.4,0.39,0.19,negative
0.71,0.86,0.48,0.5,0.4,0.54,0.32,negative
0.68,0.78,0.48,0.5,0.43,0.44,0.42,negative
0.64,0.84,0.48,0.5,0.37,0.45,0.4,negative
0.74,0.47,0.48,0.5,0.5,0.57,0.42,negative
0.75,0.84,0.48,0.5,0.35,0.52,0.33,negative
0.63,0.65,0.48,0.5,0.39,0.44,0.35,negative
0.7,0.71,0.48,0.5,0.42,0.84,0.85,negative
0.64,0.66,0.48,0.5,0.41,0.39,0.2,negative
0.63,0.8,0.48,0.5,0.46,0.31,0.29,negative
0.66,0.71,0.48,0.5,0.41,0.5,0.35,negative
0.69,0.59,0.48,0.5,0.46,0.44,0.52,negative
0.68,0.67,0.48,0.5,0.49,0.4,0.34,negative
0.64,0.78,0.48,0.5,0.5,0.36,0.38,negative
0.62,0.78,0.48,0.5,0.47,0.49,0.54,negative
0.76,0.73,0.48,0.5,0.44,0.39,0.39,negative
0.64,0.81,0.48,0.5,0.37,0.39,0.44,negative
0.29,0.39,0.48,0.5,0.52,0.4,0.48,negative
0.69,0.66,0.48,0.5,0.41,0.5,0.25,negative
0.69,0.65,0.48,0.5,0.63,0.48,0.41,negative
0.43,0.59,0.48,0.5,0.52,0.49,0.56,negative
0.74,0.56,0.48,0.5,0.47,0.68,0.3,negative
0.71,0.57,0.48,0.5,0.48,0.35,0.32,negative
0.61,0.6,0.48,0.5,0.44,0.39,0.38,negative
0.59,0.61,0.48,0.5,0.42,0.42,0.37,negative
0.74,0.74,0.48,0.5,0.31,0.53,0.52,negative
0.6963776180238342,0.6827552360476684,0.48,0.5,0.6838921091360474,0.4105394543197632,0.3405394543197632,positive
0.6373032324410545,0.5484258595284353,0.48,0.5,0.7242709080305103,0.3623612107073471,0.2653935351178912,positive
0.6490156863584007,0.47984313641599285,0.48,0.5,0.6008274500575921,0.30295294092479785,0.38621960901761,positive
0.6459947299234515,0.5100527007654849,0.48,0.5,0.6340579708420334,0.3120158102296455,0.3439262189283211,positive
0.6856305501201407,0.6612611002402814,0.48,0.5,0.686962699965674,0.3951865001716296,0.3251865001716296,positive
0.6348311452128895,0.6320262574453261,0.48,0.5,0.6741557260644474,0.3713508382968841,0.27033770957422104,positive
0.634886439971874,0.5290915197749916,0.48,0.5,0.7460220402531345,0.39136272033751257,0.2702271200562521,positive
0.6331216822212462,0.5149734577699698,0.48,0.5,0.7619048600087839,0.4125398133450452,0.27375663555750757,positive
0.6951109454349278,0.6802218908698556,0.48,0.5,0.6842540155900206,0.4087299220498969,0.3387299220498968,positive
0.645490154216202,0.5150984578379797,0.48,0.5,0.6396083036217777,0.3135295373513939,0.3368621590268285,positive
0.6372257206468991,0.547805765175193,0.48,0.5,0.7249685141779079,0.3632913522372105,0.26554855870620175,positive
0.6318569908908839,0.6677161093093936,0.48,0.5,0.6592849544544193,0.3951440728729291,0.2762860182182323,positive
0.5462948653649018,0.7245416875640694,0.48,0.5,0.7528685817061271,0.3668525673175491,0.426016014388578,positive
0.5446695286004566,0.7298240320485162,0.48,0.5,0.7508369107505707,0.3676652356997717,0.423171675050799,positive
0.6676914490325025,0.6551481271463456,0.48,0.5,0.6540245933496126,0.4594074914146178,0.4168641695284607,positive
0.5329931804872483,0.767772163416443,0.48,0.5,0.7362414756090604,0.37350340975637586,0.40273806585268457,positive
0.5702056833620708,0.6814579547660101,0.48,0.5,0.7525045428078788,0.36728977383005046,0.42521476897782834,positive
0.6643328229210409,0.7008665645842082,0.48,0.5,0.7074003062473755,0.40868865069648574,0.3874003062473754,positive
0.5773670805452812,0.6824810115064688,0.48,0.5,0.7402278619223752,0.37240505753234365,0.4078228043900315,positive
0.6754109632611969,0.6533667007858777,0.48,0.5,0.6457112703340957,0.4665331968564894,0.4144889343811702,positive
0.5908163651915017,0.6728885311096535,0.48,0.5,0.7368131451783828,0.38844587556138616,0.44051804147953794,positive
0.6767557505668457,0.6530563652538048,0.48,0.5,0.6442630378510892,0.4677745389847806,0.41407515367173975,positive
0.70807016961423,0.7096140339228459,0.48,0.5,0.681157898231462,0.4290994124866407,0.36115789823146194,positive
0.6025480435376959,0.6701812207220702,0.48,0.5,0.7241790300363276,0.39927511711171926,0.43690829429609357,positive
0.7288542416045304,0.7759898456158565,0.48,0.5,0.5857287919773477,0.5054169664181217,0.3128643959886739,positive
0.7172534353647866,0.7353870237767534,0.48,0.5,0.6437328231760667,0.45901374145914664,0.3418664115880333,positive
0.7118408430515811,0.7164429506805339,0.48,0.5,0.6707957847420944,0.43736337220632443,0.35539789237104724,positive
0.7071016716508708,0.7013050149526125,0.48,0.5,0.6727541791271773,0.4372458208728228,0.3672458208728228,positive
0.693669125791763,0.6610073773752891,0.48,0.5,0.6391728144794075,0.47082718552059244,0.40082718552059243,positive
0.6798374598448651,0.7024593649612162,0.48,0.5,0.6686890474418244,0.4224593649612163,0.3298374598448652,positive
0.7024011152427881,0.7346963754609385,0.48,0.5,0.6913983271358178,0.4508969330823326,0.36189972118930297,positive
0.7127122657453115,0.7194929301085904,0.48,0.5,0.6664386712734423,0.4408490629812462,0.3532193356367211,positive
0.6809574188353195,0.7027393547088299,0.48,0.5,0.6691090320632448,0.42273935470882984,0.33095741883531943,positive
0.6784440240166153,0.8125569219460003,0.48,0.5,0.7273339639750771,0.516778933954308,0.3678889939958462,positive
0.7036456311843008,0.6909368935529026,0.48,0.5,0.6641140779607522,0.4458859220392478,0.3758859220392478,positive
0.7295083482462124,0.7782792188617431,0.48,0.5,0.5824582587689383,0.5080333929848493,0.31122912938446917,positive
0.6965096883388847,0.7066274220847212,0.48,0.5,0.6749411331270818,0.42662742208472115,0.34650968833888474,positive
0.6512723829989385,0.6953180957497346,0.48,0.5,0.657977143624602,0.4153180957497346,0.30127238299893855,positive
0.7131820031329132,0.7211370109651963,0.48,0.5,0.6640899843354338,0.44272801253165295,0.3520449921677169,positive
0.6688650791571663,0.6997162697892916,0.48,0.5,0.6645744046839374,0.41971626978929155,0.31886507915716633,positive
0.7285426894384712,0.7748994130346495,0.48,0.5,0.5872865528076435,0.5041707577538851,0.3136432764038218,positive
0.6835786996619876,0.7958692260985404,0.48,0.5,0.7196319505070187,0.5026585759295342,0.3666053250845031,positive
0.6399580730026734,0.6924895182506683,0.48,0.5,0.6537342773760025,0.4124895182506683,0.2899580730026734,positive
0.690058316260542,0.7748104721532385,0.48,0.5,0.709912525609187,0.48483963028350957,0.36498542093486447,positive
0.698761346221124,0.7465256247813472,0.48,0.5,0.6968579806683142,0.4609062978919092,0.362809663444719,positive
0.7070558398748784,0.7195685204066451,0.48,0.5,0.6844162401876824,0.4380964403440843,0.3607360400312804,positive
0.6598096755158488,0.6974524188789621,0.48,0.5,0.6611786283184433,0.4174524188789622,0.3098096755158488,positive
0.7060227954738993,0.6980683864216981,0.48,0.5,0.6700569886847485,0.43994301131525154,0.36994301131525154,positive
0.6369357582959514,0.5454860663676109,0.48,0.5,0.7275781753364378,0.3667709004485837,0.2661284834080973,positive
0.6323720941020622,0.4923720941020621,0.48,0.5,0.7745813883365962,0.4606744234592796,0.2859302352551554,positive
0.6389500307507632,0.5616002460061049,0.48,0.5,0.7094497232431319,0.3425996309908427,0.2620999384984738,positive
0.6840641596761583,0.5208938055292333,0.48,0.5,0.8247555312203875,0.48089380552923333,0.24910619447076668,positive
0.63,0.542517125211541,0.48,0.5,0.7532380123519212,0.4394965749576918,0.28,positive
0.6697150614401469,0.5126943208229411,0.48,0.5,0.8155311109258088,0.47269432082294116,0.2573056791770589,positive
0.6452053409749574,0.4986887662714042,0.48,0.5,0.7997748620553298,0.4586887662714042,0.27131123372859584,positive
0.6383188151893585,0.49831881518935844,0.48,0.5,0.73592770126917,0.48743466835211313,0.3007970379733962,positive
0.658989049053111,0.506565170887492,0.48,0.5,0.8086358172484285,0.466565170887492,0.26343482911250804,positive
0.7543812452521965,0.5610749972869693,0.48,0.5,0.8699593719478406,0.5210749972869694,0.2089250027130306,positive
0.63,0.52977525255231,0.48,0.5,0.762157323213383,0.442044949489538,0.28,positive
0.63,0.5613848917626075,0.48,0.5,0.7400305757661747,0.4357230216474785,0.28,positive
0.7343888314648905,0.8326659775786863,0.48,0.5,0.5756111685351094,0.5187776629297811,0.30122233707021895,positive
0.730341315369684,0.7840957844362084,0.48,0.5,0.5796586846303159,0.510682630739368,0.3093173692606319,positive
0.7358875021455217,0.8506500257462608,0.48,0.5,0.5741124978544783,0.5217750042910435,0.29822499570895655,positive
0.735532363281167,0.8463883593740046,0.48,0.5,0.5744676367188329,0.5210647265623342,0.2989352734376659,positive
0.7189010559484856,0.8718680745979809,0.48,0.5,0.4504393170414189,0.5370329813505048,0.31109894405151434,positive
0.7146186400602745,0.8673668229346386,0.48,0.5,0.5591222743115462,0.5154963657487283,0.2682445486230924,positive
0.74,0.8627290537859468,0.48,0.5,0.5327290537859468,0.5113645268929734,0.34590641932107974,positive
0.7242442947960929,0.8797426647378337,0.48,0.5,0.5632475549126112,0.5209967398834816,0.2764951098252224,positive
0.7329772590393508,0.8909707616220225,0.48,0.5,0.5669902538740075,0.5259870051653434,0.283980507748015,positive
0.7237848654600061,0.8783798206133415,0.48,0.5,0.47811423760670124,0.5354050448466646,0.3062151345399939,positive
0.7346248357476984,0.8354980289723819,0.48,0.5,0.5753751642523015,0.519249671495397,0.30075032850460304,positive
0.710432599858215,0.8605767998109535,0.48,0.5,0.40245139919655226,0.5398558000472616,0.3195674001417849,positive
0.7323315953227021,0.8897754604302696,0.48,0.5,0.5265457068286453,0.5325561348924327,0.2976684046772979,positive
0.74,0.8332944599148369,0.48,0.5,0.5032944599148369,0.49664722995741845,0.3900583101277446,positive
0.7320898846390478,0.8894531795187305,0.48,0.5,0.5251760129546043,0.5326367051203175,0.2979101153609522,positive
0.6893709112983893,0.8349054573836434,0.48,0.5,0.5483018191278811,0.5010690921705082,0.24660363825576223,positive
0.7375746631590232,0.8708959579082792,0.48,0.5,0.5724253368409767,0.5251493263180466,0.29485067368195345,positive
0.7085209044894699,0.859526877200747,0.48,0.5,0.5565089590669157,0.5120119454225542,0.26301791813383135,positive
0.74,0.8735868312907059,0.48,0.5,0.543586831290706,0.516793415645353,0.32961975306394103,positive
0.7368935967708922,0.8627231612507066,0.48,0.5,0.5731064032291078,0.5237871935417845,0.29621280645821557,positive
0.727223195749871,0.8835726802498343,0.48,0.5,0.5645242267499447,0.5226989689999264,0.2790484534998895,positive
0.7323570813433505,0.8082849761202066,0.48,0.5,0.5776429186566494,0.5147141626867011,0.3052858373132989,positive
0.74,0.8942605860960667,0.48,0.5,0.5642605860960667,0.5271302930480334,0.29860912085589997,positive
0.6744423411251863,0.8157115814466681,0.48,0.5,0.5419038604822227,0.49253848064296357,0.23380772096444538,positive
0.7082350938155749,0.8591594063343106,0.48,0.5,0.5563864687781035,0.5118486250374714,0.2627729375562071,positive
0.7377386627827051,0.872863953392461,0.48,0.5,0.5722613372172949,0.5254773255654102,0.2945226744345898,positive
0.74,0.8342421779937862,0.48,0.5,0.5042421779937862,0.4971210889968931,0.3886367330093206,positive
0.74,0.8812033573950077,0.48,0.5,0.5512033573950076,0.5206016786975038,0.3181949639074886,positive
0.729157478589393,0.8860596153292196,0.48,0.5,0.5653532051097399,0.5238042734796532,0.2807064102194797,positive
0.74,0.8713080636479829,0.48,0.5,0.5413080636479828,0.5156540318239915,0.3330379045280257,positive
0.74,0.8426039253575645,0.48,0.5,0.5126039253575645,0.5013019626787822,0.3760941119636533,positive
0.7127156468863322,0.8636208625151096,0.48,0.5,0.41538866568921595,0.5390947843712226,0.31728435311366776,positive
0.7275260579373554,0.8833680772498071,0.48,0.5,0.4993143283116803,0.5341579806875483,0.30247394206264466,positive
0.6826248362244687,0.8262319322886026,0.48,0.5,0.5454106440962009,0.4972141921282678,0.24082128819240173,positive
0.7321680102431568,0.8060161229178823,0.48,0.5,0.5778319897568431,0.5143360204863138,0.3056639795136863,positive
0.6764356600623399,0.8182744200801513,0.48,0.5,0.5427581400267171,0.49367752003562276,0.23551628005343417,positive
0.6777337091041433,0.8199433402767557,0.48,0.5,0.5433144467589186,0.49441926234522476,0.23662889351783714,positive
0.74,0.8381592488168483,0.48,0.5,0.5081592488168484,0.4990796244084242,0.3827611267747274,positive
0.7313769335835878,0.7965232030030531,0.48,0.5,0.5786230664164121,0.5127538671671755,0.3072461328328245,positive
0.737684320604747,0.8722118472569638,0.48,0.5,0.572315679395253,0.525368641209494,0.29463135879050606,positive
0.6882176268528428,0.8334226630965123,0.48,0.5,0.5478075543655041,0.5004100724873387,0.2456151087310081,positive
0.74,0.8544663892584824,0.48,0.5,0.5244663892584824,0.5072331946292412,0.3583004161122763,positive
0.6918593660423846,0.8381048991973518,0.48,0.5,0.5493682997324506,0.5024910663099341,0.24873659946490112,positive
0.7276372113148143,0.8835162817530857,0.48,0.5,0.49994419745061436,0.5341209295617286,0.3023627886851857,positive
0.7354363058384548,0.8452356700614571,0.48,0.5,0.5745636941615452,0.5208726116769096,0.2991273883230905,positive
0.7306881896171654,0.7882582754059857,0.48,0.5,0.5793118103828345,0.511376379234331,0.30862362076566907,positive
0.7363080209238072,0.8952531697591808,0.48,0.5,0.5684177232530602,0.527890297670747,0.2868354465061205,positive
0.6262186951956478,0.6715119037146887,1.0,0.5,0.7208399465081604,0.5768906524021761,0.44134391441305665,positive
0.621964145202392,0.6858710099419271,1.0,0.5,0.728817227745515,0.579017927398804,0.45410756439282407,positive
0.5554053454460384,0.699189107426416,1.0,0.5,0.6848647503969825,0.6386487140588671,0.6091893091079231,positive
0.6593810239140134,0.49278539238693986,1.0,0.5,0.5423727416629488,0.5603094880429934,0.36165060289596435,positive
0.5569047423308873,0.701233739542119,1.0,0.5,0.6877272353589666,0.6370130083663047,0.6061905153382254,positive
0.6218393436195796,0.6617229537118917,1.0,0.5,0.6862825161249447,0.5790803281902102,0.46176175034778766,positive
0.650333453474595,0.6089996395762148,1.0,0.5,0.6909045731113507,0.5828095066464863,0.2611422392735111,positive
0.5534780831223944,0.6965610224396287,1.0,0.5,0.6811854314154803,0.640751182048297,0.6130438337552112,positive
0.6563008014553069,0.5066463934511192,1.0,0.5,0.5541802610879905,0.5618495992723467,0.3698645294525151,positive
0.6060485750991311,0.7327814120539097,1.0,0.5,0.7468137954533305,0.5869757124504343,0.5038704664023168,positive
0.601893160930674,0.7514807758119667,1.0,0.5,0.7627428830990828,0.589053419534663,0.5149515708515359,positive
0.643199100779506,0.6304026976614819,1.0,0.5,0.702115698775062,0.5838286998886419,0.29783319599111185,positive
0.550072735416033,0.6919173664764086,1.0,0.5,0.6746843130669721,0.6444661068188731,0.619854529167934,positive
0.6517318091815939,0.5272068586828276,1.0,0.5,0.5716947314705568,0.5641340954092031,0.382048508849083,positive
0.6406762901121075,0.6379711296636777,1.0,0.5,0.7060801155381169,0.5841891014125561,0.3108076508520189,positive
0.6126744395612255,0.717223766480864,1.0,0.5,0.7462354258227022,0.5836627802193872,0.48197668131632354,positive
0.5585526727672531,0.7034809174098905,1.0,0.5,0.6908732843738468,0.6352152660720876,0.602894654465494,positive
0.6217409830417568,0.6621655763120942,1.0,0.5,0.6866595650065987,0.5791295084791216,0.46202404522198176,positive
0.533481173830389,0.6692925097687122,1.0,0.5,0.6430095136761971,0.6625659921850302,0.6530376523392221,positive
0.5890572319627665,0.7450780435855907,1.0,0.5,0.749109261019827,0.6019375651315274,0.541885536074467,positive
0.644486009664689,0.5598129565088993,1.0,0.5,0.5994702962853588,0.5677569951676555,0.4013706408941625,positive
0.6424853749438209,0.6325438751685374,1.0,0.5,0.7032372679454244,0.5839306607223113,0.30150378600320693,positive
0.6017561884905358,0.7540728638444417,1.0,0.5,0.7667071465802454,0.5891219057547321,0.5147314345283927,positive
0.6289186757453362,0.629865959145987,1.0,0.5,0.6591450763095444,0.5755406621273319,0.4428835313457701,positive
0.6001973259271002,0.7591120333280491,1.0,0.5,0.7692435839461159,0.5899013370364499,0.5194737975277328,positive
0.6387305473011252,0.5857125371449364,1.0,0.5,0.6215329020123532,0.5706347263494373,0.4167185405303327,positive
0.6564372794079519,0.5695241819981622,1.0,0.5,0.6641801011100902,0.5617813602960241,0.35068816177614426,positive
0.6296123700645029,0.6600582510323026,1.0,0.5,0.7144768061290571,0.5751938149677486,0.43116288980649126,positive
0.6262470500807272,0.6812588497578185,1.0,0.5,0.7287546355874287,0.586250421417039,0.385015171013403,positive
0.5658926954038032,0.7134900391870044,1.0,0.5,0.7048860548618061,0.6272079686503965,0.5882146091923937,positive
0.5268772454842574,0.6602871529330783,1.0,0.5,0.6304020141063097,0.6697702776535374,0.6662455090314852,positive
0.6341783101789458,0.6061976041947442,1.0,0.5,0.6389831443140414,0.5729108449105271,0.42885783952281137,positive
0.6285209079846477,0.6316559140690854,1.0,0.5,0.6606698527255173,0.5757395460076762,0.4439442453742728,positive
0.6399984029030641,0.6400047912908079,1.0,0.5,0.7071453668666137,0.5842859424424194,0.3142939279270992,positive
0.5832929807276364,0.7372177009922314,1.0,0.5,0.738104781389124,0.6082258392062149,0.5534140385447273,positive
0.6452721958722009,0.607206338931322,1.0,0.5,0.6851146327396234,0.5673639020638995,0.38418341238339737,positive
0.625533295051171,0.6738251292022981,1.0,0.5,0.7221250717790545,0.5772333524744145,0.44340011484648717,positive
0.5729628326630585,0.7231311354496252,1.0,0.5,0.7183835896294752,0.6194950916402998,0.5740743346738831,positive
0.49878609850557254,0.6219810434166898,1.0,0.5,0.5767734607833659,0.700415165266648,0.7224278029888549,positive
0.6272239763869373,0.678328070839188,1.0,0.5,0.7272194656776699,0.5861108605161518,0.3799909785814652,positive
0.6209577686276452,0.6892675308816976,1.0,0.5,0.7307041838231654,0.5795211156861774,0.4571266941170645,positive
0.6117836615277619,0.7202301423438037,1.0,0.5,0.7479056346354465,0.5841081692361191,0.4846490154167144,positive
0.6460850152844297,0.552617431220066,1.0,0.5,0.5933407747430193,0.5669574923577851,0.3971066259081873,positive
0.5305960705417382,0.6653582780114612,1.0,0.5,0.6375015892160456,0.665713377590831,0.6588078589165236,positive
0.6211090582464845,0.6650092378908194,1.0,0.5,0.6890819433884758,0.5794454708767577,0.4637091780093745,positive
0.6272720928792581,0.6781837213622257,1.0,0.5,0.7271438540468802,0.5861039867315345,0.37974352233524405,positive
0.5549721020826232,0.6985983210217589,1.0,0.5,0.6840376494304624,0.6391213431825928,0.6100557958347537,positive
0.6049741059272471,0.7432123924955412,1.0,0.5,0.7606735513864118,0.5875129470363765,0.5050776822182588,positive
0.6470142715485264,0.6013268335237235,1.0,0.5,0.6818482408465131,0.5664928642257369,0.3789571853544209,positive
0.5455344775216256,0.685728832984035,1.0,0.5,0.6660203661776489,0.649416933612772,0.6289310449567488,positive
0.675645548594428,0.5046962734938056,1.0,0.5,0.6281645963854475,0.552177225702786,0.29306335421671614,positive
0.6387181418233716,0.6438455745298852,1.0,0.5,0.7091572057061304,0.5844688368823755,0.3208781277655175,positive
0.6219668276481306,0.6611492755834121,1.0,0.5,0.6857938273488325,0.5790165861759347,0.46142179293831825,positive
0.6576831397846915,0.5653194032266661,1.0,0.5,0.6618441129037034,0.5611584301076542,0.34695058064592543,positive
0.6012317198949171,0.7544572604728728,1.0,0.5,0.7652784070694842,0.5893841400525414,0.5167154136135542,positive
0.6358815294631166,0.5985331174159753,1.0,0.5,0.632454137058053,0.5720592352684417,0.42431592143168906,positive
0.6602251270564485,0.5567401961844864,1.0,0.5,0.6570778867691591,0.5598874364717757,0.3393246188306547,positive
0.6477730486899181,0.6166808539302456,1.0,0.5,0.6949280663444144,0.5831752787585831,0.27431003530899245,positive
0.6453553077116032,0.6069258364733392,1.0,0.5,0.684958798040744,0.5673223461441984,0.38393407686519043,positive
0.6570401152636562,0.5068710598828194,0.48,0.5,0.6474842395312779,0.5423467050878854,0.3370401152636562,positive
0.6497976421152172,0.5097976421152172,0.48,0.5,0.6613153262510886,0.5390893895184772,0.3294941052880429,positive
0.6387703741145482,0.49877037411454817,0.48,0.5,0.7329925682554369,0.4894666835154668,0.30192593528637046,positive
0.5977410645251707,0.4925803548417236,0.48,0.5,0.5380624838920651,0.46161159678775615,0.3561294677374146,positive
0.6480088063026569,0.5093362687675523,0.48,0.5,0.6553538813728661,0.5370132094539853,0.3309955968486716,positive
0.666831890975216,0.5025191595665707,0.48,0.5,0.6300766382662827,0.5456106303250721,0.346831890975216,positive
0.6456469273430678,0.5085489757810226,0.48,0.5,0.6498428304671583,0.5334703910146018,0.3321765363284661,positive
0.6624965005797019,0.5537377520289566,0.48,0.5,0.6506276245652236,0.5212552491304472,0.35499300115940374,positive
0.6596957867089199,0.5439352534812196,0.48,0.5,0.6527281599683101,0.5254563199366202,0.3493915734178398,positive
0.6700402106784962,0.5801407373747367,0.48,0.5,0.6449698419911278,0.5099396839822556,0.37008042135699243,positive
0.6486515195995038,0.5095505065331679,0.48,0.5,0.6568535457321757,0.5379772793992559,0.3306742402002481,positive
0.6500445051861169,0.5099802199172814,0.48,0.5,0.6599208796691256,0.540014835062039,0.33004450518611683,positive
0.6493043473302567,0.5093043473302566,0.48,0.5,0.6645217423533316,0.5368695629861551,0.3282608683256417,positive
0.6554471939575892,0.5290651788515621,0.48,0.5,0.6559146045318082,0.5318292090636163,0.34089438791517834,positive
0.5937654461725905,0.49125514872419684,0.48,0.5,0.5287860410693779,0.4556481692588858,0.3581172769137047,positive
0.669430477248936,0.578006670371276,0.48,0.5,0.645427142063298,0.5108542841265961,0.368860954497872,positive
0.6522325465410003,0.5178139128935008,0.48,0.5,0.6583255900942498,0.5366511801884998,0.3344650930820004,positive
0.6825466907987348,0.4955348040894512,0.48,0.5,0.6021392163578049,0.5508488969329116,0.36254669079873475,positive
0.6885288684860507,0.49287605845064414,0.48,0.5,0.5915042338025767,0.5528429561620168,0.36852886848605065,positive
0.6323049063599122,0.4923049063599122,0.48,0.5,0.7750181086605707,0.46037207861960494,0.28576226589978054,positive
0.6615727260501444,0.5505045411755053,0.48,0.5,0.6513204554623917,0.5226409109247835,0.35314545210028875,positive
0.651104252545674,0.5138648839098586,0.48,0.5,0.6591718105907446,0.5383436211814892,0.3322085050913478,positive
0.6670590442142916,0.5697066547500209,0.48,0.5,0.6472057168392813,0.5144114336785625,0.3641180884285834,positive
0.6989458921387804,0.488246270160542,0.48,0.5,0.5729850806421681,0.5563152973795935,0.37894589213878044,positive
0.6312317150953599,0.4912317150953599,0.48,0.5,0.7819938518801608,0.4555427179291195,0.28307928773839974,positive
0.6146297245707175,0.4982099081902392,0.48,0.5,0.5774693573316743,0.4869445868560763,0.34768513771464127,positive
0.6369658820419793,0.4969658820419793,0.48,0.5,0.7447217667271346,0.4813464691889068,0.2974147051049482,positive
0.6430240499141106,0.5030240499141105,0.48,0.5,0.7053436755582817,0.5086082246134973,0.31256012478527634,positive
0.63855938436416,0.49855938436416003,0.48,0.5,0.7343640016329598,0.4885172296387202,0.3013984609104001,positive
0.6927800574458532,0.4909866411351763,0.48,0.5,0.5839465645407053,0.5542600191486178,0.3727800574458533,positive
0.6757383138713992,0.6000840985498971,0.48,0.5,0.6406962645964507,0.5013925291929012,0.38147662774279834,positive
0.6678018541765222,0.5723064896178276,0.48,0.5,0.6466486093676084,0.5132972187352167,0.36560370835304434,positive
0.6733830922115553,0.5918408227404437,0.48,0.5,0.6424626808413335,0.504925361682667,0.3767661844231107,positive
0.6590768097609557,0.541768834163345,0.48,0.5,0.6531923926792832,0.5263847853585665,0.34815361952191143,positive
0.6407309607621067,0.5069103202540356,0.48,0.5,0.6383722417782488,0.52609644114316,0.3346345196189467,positive
0.6632230189827445,0.5562805664396058,0.48,0.5,0.6500827357629416,0.5201654715258832,0.356446037965489,positive
0.6390615033392294,0.6863753986643082,0.48,0.5,0.6210031893144659,0.4081876993321541,0.2908738040070753,positive
0.6661622628982852,0.6658918247344765,0.48,0.5,0.6379459123672383,0.452189306714666,0.3583515696129512,positive
0.6621964571505604,0.69804911428764,0.48,0.5,0.6620736714314602,0.4180491142876401,0.31219645715056044,positive
0.6690203730347029,0.6743918507861189,0.48,0.5,0.5251348062889508,0.40219592539305943,0.3268244476416434,positive
0.6534317080327634,0.6958579270081908,0.48,0.5,0.6587868905122863,0.4158579270081908,0.30343170803276337,positive
0.6743281733216312,0.6604478844522459,0.48,0.5,0.6352239422261229,0.46171620220856974,0.376044375530201,positive
0.6756378971952169,0.6717448411219132,0.48,0.5,0.503958728975306,0.4008724205609566,0.33476547663426026,positive
0.6883707953083237,0.7045926988270809,0.48,0.5,0.6718890482406215,0.4245926988270809,0.3383707953083237,positive
0.6659957389032832,0.6989989347258208,0.48,0.5,0.6634984020887312,0.4189989347258208,0.31599573890328325,positive
0.6400090773904515,0.6833272817396989,0.48,0.5,0.6466636408698495,0.4216772569555268,0.30168633434597847,positive
0.6381904842187928,0.5917141893744873,0.48,0.5,0.6909524210939636,0.3444761262496582,0.26361903156241456,positive
0.6979331963115504,0.7069832990778876,0.48,0.5,0.6754749486168314,0.42698329907788757,0.3479331963115504,positive
0.6397491648672385,0.6924372912168096,0.48,0.5,0.6536559368252145,0.4124372912168096,0.2897491648672386,positive
0.6437381063200468,0.6845047574719813,0.48,0.5,0.6060380597758505,0.40725237873599063,0.2964857275840561,positive
0.6308210623778562,0.6801472514657262,0.48,0.5,0.6541053118892808,0.40343150097715086,0.27835787524428773,positive
0.6727882552336165,0.6728846979065535,0.48,0.5,0.5130775832524275,0.40144234895327674,0.3313459062803397,positive
0.6306038330719864,0.682754003136163,0.48,0.5,0.6530191653599321,0.4051693354241086,0.2787923338560272,positive
0.6303571017706026,0.685714778752769,0.48,0.5,0.6517855088530129,0.4071431858351793,0.27928579645879487,positive
0.6377932445315432,0.5964810656214813,0.48,0.5,0.6889662226577161,0.34765404374765424,0.26441351093691356,positive
0.6315094074737015,0.6718871103155815,0.48,0.5,0.6575470373685077,0.39792474021038765,0.27698118505259695,positive
0.6641962913141826,0.676321483474327,0.48,0.5,0.5405718677946159,0.4031607417371635,0.3210355495770191,positive
0.6567669674001685,0.6966917418500421,0.48,0.5,0.6600376127750632,0.4166917418500421,0.3067669674001685,positive
0.6385613109830162,0.692140327745754,0.48,0.5,0.6532104916186311,0.412140327745754,0.28856131098301613,positive
0.6355299572094943,0.6236405134860676,0.48,0.5,0.6776497860474718,0.3657603423240451,0.2689400855810113,positive
0.6322493900701683,0.6891002439719326,0.48,0.5,0.6428019517754614,0.4095501219859663,0.282699268084202,positive
0.6478793212235113,0.6780804525176591,0.48,0.5,0.6440402262588296,0.4308592080940965,0.3187385293176078,positive
0.685937279014724,0.6527084806568506,0.48,0.5,0.6313542403284254,0.4752601588505114,0.40119743786523554,positive
0.638837348273602,0.5839518207167762,0.48,0.5,0.6941867413680098,0.33930121381118417,0.26232530345279603,positive
0.6328016901047159,0.6563797187434101,0.48,0.5,0.6640084505235792,0.3875864791622734,0.2743966197905684,positive
0.6865155949395226,0.7041288987348806,0.48,0.5,0.671193348102321,0.42412889873488063,0.3365155949395226,positive
0.6637159464487479,0.6765136214205009,0.48,0.5,0.5421089713640069,0.40325681071025044,0.32045913573849744,positive
0.6669370233320956,0.6992342558330239,0.48,0.5,0.6638513837495359,0.41923425583302387,0.3169370233320956,positive
0.6919085196770163,0.705477129919254,0.48,0.5,0.6732156948788811,0.42547712991925407,0.3419085196770163,positive
0.6899465060012855,0.7049866265003213,0.48,0.5,0.6724799397504821,0.4249866265003214,0.3399465060012855,positive
0.7071406215475523,0.7092851553868881,0.48,0.5,0.6789277330803322,0.42928515538688805,0.35714062154755233,positive
