@relation glass5
@attribute RI real [1.51115, 1.53393]
@attribute Na real [10.73, 17.38]
@attribute Mg real [0.0, 4.49]
@attribute Al real [0.29, 3.5]
@attribute Si real [69.81, 75.41]
@attribute K real [0.0, 6.21]
@attribute Ca real [5.43, 16.19]
@attribute Ba real [0.0, 3.15]
@attribute Fe real [0.0, 0.51]
@attribute Class {positive, negative}
@data
1.5176423,12.9777,3.53812,1.21127,73.002,0.65205,8.52888,0.0,0.0,negative
1.52212996,14.20795,3.82099,0.46976,71.77,0.11178,9.5726,0.0,0.0,negative
1.52222108,13.21045,3.7716,0.79076,71.9884,0.13041,10.2452,0.0,0.0,negative
1.51755118,13.39,3.65935,1.1888,72.7892,0.57132,8.27064,0.0,0.0561,negative
1.52099096,13.68925,3.592,1.12139,71.9604,0.08694,9.40044,0.0,0.0,negative
1.51755118,13.1506,3.60996,1.05077,73.2372,0.57132,8.23836,0.0,0.0,negative
1.51910022,13.90205,3.73119,1.17917,72.1228,0.0621,8.89472,0.0,0.0,negative
1.51793844,13.21045,3.47975,1.41029,72.638,0.58995,8.43204,0.0,0.0,negative
1.51898632,13.58285,3.34954,1.23053,72.078,0.58995,8.90548,0.0,0.0,negative
1.51215232,12.991,3.47077,1.12139,72.9796,0.621,8.34596,0.0,0.1581,negative
1.51976084,13.80895,3.57853,1.32041,71.7196,0.11799,8.66876,0.68985,0.0,negative
1.51761952,13.88875,3.60098,1.35893,72.7276,0.47817,7.82948,0.0,0.0,negative
1.51784732,12.67845,3.66833,1.15991,73.1084,0.60858,8.70104,0.0,0.0,negative
1.51720948,13.3767,3.5022,1.15028,72.8508,0.50301,8.43204,0.0,0.0,negative
1.51746006,12.83805,3.5022,1.14065,73.2708,0.5589,8.5504,0.0,0.0,negative
1.52210718,13.72915,3.83895,0.72014,71.7588,0.16767,9.74476,0.0,0.0,negative
1.51823458,12.8713,3.47975,1.29152,72.9516,0.60237,8.43204,0.0,0.0,negative
1.51919134,14.417,3.57853,1.36856,72.078,0.5589,8.30292,0.0,0.0,negative
1.51761952,12.79815,3.65935,1.26905,73.0076,0.60237,8.56116,0.0,0.0,negative
1.51782454,12.69175,3.53812,1.33967,72.9516,0.57132,8.75484,0.0,0.0,negative
1.51837126,13.1373,2.84217,1.27868,72.8508,0.55269,9.06688,0.0,0.0,negative
1.5215149,13.05085,3.65037,0.87101,72.218,0.19251,9.85236,0.0,0.0867,negative
1.51595658,12.7915,3.60996,1.61894,72.9684,0.63963,8.0662,0.0,0.1326,negative
1.5177562,12.85135,3.47975,1.23053,72.9684,0.60858,8.56116,0.09135,0.1122,negative
1.51777898,13.21045,3.38995,1.33004,72.7612,0.58995,8.59344,0.0,0.0,negative
1.51755118,13.4831,3.74017,1.16954,72.9908,0.58995,8.03392,0.0,0.0,negative
1.5215149,13.05085,3.65037,0.87101,72.3188,0.19251,9.85236,0.0,0.0867,negative
1.515706,12.71835,3.46179,1.56116,73.198,0.67068,8.08772,0.0,0.1224,negative
1.51720948,12.8713,3.47975,1.33004,73.0412,0.5589,8.43204,0.0,0.0,negative
1.51910022,13.88875,3.52914,1.32041,71.8092,0.50922,8.77636,0.11025,0.0,negative
1.51869018,13.1905,3.37199,1.17917,72.722,0.57132,8.83016,0.0,0.0816,negative
1.51755118,12.99765,3.60098,1.35893,72.9908,0.57132,8.39976,0.0,0.0561,negative
1.51761952,12.81145,3.53812,1.23053,73.2372,0.57753,8.389,0.0,0.0,negative
1.51784732,13.7745,3.48873,1.27868,72.862,0.60237,8.48584,0.0,0.0,negative
1.5175284,12.57205,3.47077,1.3814,73.3884,0.60237,8.5504,0.0,0.0306,negative
1.5178701,12.73165,3.43036,1.1888,72.9516,0.621,8.75484,0.0,0.153,negative
1.52101374,13.6427,4.49,1.09892,71.7812,0.0621,8.75484,0.0,0.0,negative
1.51750562,12.8181,3.55159,1.49054,72.75,0.54027,8.51812,0.0,0.0969,negative
1.52666318,13.9885,3.69976,0.71051,71.5684,0.01863,9.82008,0.0,0.051,negative
1.52171992,13.4831,3.74017,0.8999,72.0108,0.18009,9.60488,0.0,0.0357,negative
1.51618438,13.52965,3.55159,1.53869,72.9908,0.39123,7.77568,0.0,0.0,negative
1.51761952,12.61195,3.592,1.31078,73.2876,0.57753,8.4966,0.0,0.0,negative
1.51768786,12.55875,3.52016,1.42955,73.1476,0.57132,8.53964,0.0,0.0,negative
1.51807512,13.4299,2.86911,1.1888,72.8396,0.55269,9.0346,0.0,0.0,negative
1.5215149,13.11735,3.57853,0.8999,72.2012,0.22977,9.82008,0.0,0.0816,negative
1.51748284,12.858,3.56057,1.26905,73.2092,0.54027,8.37824,0.0,0.0867,negative
1.51736894,12.7782,3.61894,1.29152,72.7892,0.58995,8.70104,0.0,0.0,negative
1.51768786,12.65185,3.56057,1.30115,73.0804,0.60858,8.69028,0.0,0.0714,negative
1.51755118,12.7117,3.42138,1.19843,73.198,0.58995,8.63648,0.0,0.0,negative
1.51768786,12.45235,2.71196,1.29152,73.702,0.5589,9.05612,0.0,0.1224,negative
1.51905466,13.6028,3.61894,1.10855,72.638,0.14283,8.75484,0.0,0.0,negative
1.51766508,13.21045,3.69078,1.29152,72.61,0.57132,8.21684,0.0,0.0,negative
1.51566044,13.29025,3.44832,1.21127,72.7388,0.5589,8.57192,0.0,0.0,negative
1.52226664,14.16805,3.81201,0.78113,71.35,0.0,9.69096,0.0,0.0,negative
1.51966972,14.7732,3.74915,0.29,72.022,0.03105,9.00232,0.0,0.0,negative
1.5219705,14.3609,3.84793,0.89027,71.3612,0.14904,9.15296,0.0,0.0,negative
1.5190091,13.48975,3.47975,1.3493,71.9492,0.55269,9.00232,0.0,0.0,negative
1.51848516,13.6427,3.87038,1.26905,71.9604,0.54027,8.32444,0.0,0.1632,negative
1.51818902,13.7225,0.0,0.55964,74.4524,0.0,10.99292,0.0,0.0,negative
1.51663998,12.93115,3.53812,1.61894,72.9572,0.63963,8.03392,0.0,0.1071,negative
1.51709558,12.99765,3.47077,1.78907,72.722,0.65826,8.18456,0.0,0.0,negative
1.51689056,12.6718,2.87809,1.70882,73.2092,0.73278,8.53964,0.0,0.0,negative
1.5266404,11.22875,0.0,0.7715,73.2092,0.0,14.6836,0.0,0.0,negative
1.51850794,13.19715,3.62792,1.07003,72.8284,0.57132,8.41052,0.09135,0.0867,negative
1.51645774,13.40995,3.55159,1.24979,72.8116,0.6831,8.09848,0.0,0.0,negative
1.51629828,12.7117,3.33158,1.49054,73.282,0.67068,8.23836,0.0,0.0,negative
1.52725546,13.8023,3.15198,0.65915,70.5716,0.08073,11.63852,0.0,0.0,negative
1.51871296,12.93115,3.65935,1.56116,72.5092,0.57753,8.5504,0.0,0.0612,negative
1.5162755,12.99765,3.57853,1.53869,72.8284,0.60858,8.04468,0.0,0.0,negative
1.51618438,13.01095,3.5022,1.48091,72.89,0.60237,8.12,0.0,0.0,negative
1.5160477,12.8979,3.43934,1.44881,73.58,0.44091,8.27064,0.0,0.0,negative
1.5170728,13.7225,3.6818,1.81154,72.0612,0.63963,7.88328,0.0,0.0,negative
1.52613924,13.70255,0.0,1.35893,71.238,0.19251,13.43544,0.0,0.051,negative
1.51689056,13.33015,3.53812,1.60931,72.5428,0.6831,8.10924,0.0,0.0,negative
1.5159338,13.25035,3.44832,1.42955,73.17,0.60858,7.86176,0.0,0.0,negative
1.51743728,12.19965,3.25076,1.15991,73.5508,0.621,8.89472,0.0,0.1224,negative
1.52474966,11.4482,0.0,1.87895,72.19,0.8073,13.24176,0.0,0.1734,negative
1.51789288,13.1905,3.90181,1.30115,72.33,0.55269,8.4428,0.0,0.1428,negative
1.51839404,12.85135,3.66833,1.24016,72.5708,0.621,8.67952,0.0,0.1785,negative
1.5159338,13.09075,3.592,1.51943,73.0972,0.67068,7.82948,0.0,0.0,negative
1.5159338,13.09075,3.52016,1.55153,72.8676,0.6831,8.04468,0.0,0.459,negative
1.51588824,13.11735,3.40791,1.58042,73.2596,0.06831,8.389,0.0,0.0969,negative
1.51818902,12.6186,2.76135,0.82928,73.8084,0.34776,9.42196,0.0,0.102,negative
1.51846238,13.0974,3.96916,1.1888,72.442,0.60237,8.43204,0.0,0.0,negative
1.52080872,13.78235,2.28092,1.42955,71.9884,0.49059,9.85236,0.0,0.0867,negative
1.51711836,12.89125,3.61894,1.57079,72.9572,0.60858,8.10924,0.0,0.0,negative
1.51591102,12.858,3.52016,2.1197,72.6604,0.68931,7.96936,0.0,0.0,negative
1.51841682,13.0176,3.61894,1.0604,72.3412,0.63963,9.13144,0.0,0.0765,negative
1.52408904,13.8289,2.90054,1.16954,71.1484,0.08073,10.78848,0.0,0.0,negative
1.51652608,13.5629,3.56955,1.47128,72.4476,0.63963,7.9586,0.0,0.0,negative
1.5184396,13.25035,3.75813,1.32041,72.4028,0.57753,8.42128,0.0,0.0,negative
1.51812068,13.4299,3.97814,1.17917,72.4924,0.57753,8.15228,0.0,0.0,negative
1.51645774,13.4033,3.48873,1.51943,72.6492,0.67068,8.07696,0.0,0.051,negative
1.52222108,14.4274,0.0,0.99941,72.6716,0.09936,11.52016,0.0,0.0408,negative
1.52739214,11.0226,0.0,0.74903,73.0804,0.0,14.96336,0.0,0.0,negative
1.51686778,13.2304,3.53812,1.48091,72.8396,0.5589,8.09848,0.0,0.0,negative
1.5166172,12.85135,3.51118,1.43918,73.0076,0.6831,8.2276,0.5985,0.1275,negative
1.51625272,13.35675,3.57853,1.49054,72.722,0.44712,8.20608,0.0,0.0,negative
1.51859906,13.35675,3.43036,1.42955,72.2628,0.50922,8.6042,0.0,0.0,negative
1.5173006,12.3526,2.72094,1.62857,72.8676,0.70173,9.22828,0.0,0.0,negative
1.5170728,13.4831,3.47975,1.70882,72.5204,0.621,7.99088,0.0,0.0,negative
1.51805234,12.99765,3.79854,1.07966,73.0692,0.5589,8.37824,0.0,0.0612,negative
1.51568322,13.23705,3.48873,1.47128,73.2484,0.37881,8.03392,0.0,0.0,negative
1.51841682,12.93115,3.74017,1.10855,72.2796,0.63963,8.95928,0.0,0.1122,negative
1.53393,12.2994,0.0,0.99941,70.1628,0.11799,16.19,0.0,0.1224,negative
1.5277794,12.63855,0.0,0.66878,72.022,0.0621,14.40384,0.0,0.0,negative
1.52019366,13.98185,1.35149,1.62857,71.7588,0.39123,10.56252,0.0,0.51,negative
1.5163894,12.5521,3.47975,1.86932,73.2316,0.62721,8.07696,0.0,0.459,negative
1.51654886,12.7516,2.85115,1.43918,73.2708,0.57132,8.78712,0.11025,0.1122,negative
1.5167311,13.2969,3.64139,1.52906,72.5316,0.65205,8.03392,0.0,0.1479,negative
1.52176548,13.19715,3.6818,1.15028,72.75,0.54027,8.51812,0.0,0.0,negative
1.5167311,12.8713,3.56057,1.64141,73.142,0.65205,7.99088,0.0,0.0,negative
1.51595658,13.0176,3.56057,1.53869,73.1084,0.72036,7.9048,0.0,0.0,negative
1.51408862,14.24785,3.08912,2.08118,72.2796,1.09917,7.07628,0.0,0.0,negative
1.53124196,10.73,0.0,2.10044,69.81,0.57753,13.29556,3.15,0.1428,negative
1.51846238,13.40995,3.88834,1.33004,72.3804,0.50922,8.2814,0.0,0.0,negative
1.52067204,13.5496,2.08785,1.6703,72.1788,0.52785,9.5726,0.2709,0.0867,negative
1.51659442,12.991,3.17892,1.23053,72.9684,0.57753,8.80864,0.0,0.1224,negative
1.5177562,13.52965,3.40791,1.51943,72.0388,0.57753,8.78712,0.0,0.0,negative
1.51609326,13.33015,3.52914,1.33967,72.6716,0.5589,8.3352,0.0,0.0,negative
1.51663998,13.1373,3.44832,1.76018,72.4812,0.60237,8.37824,0.0,0.0867,negative
1.52121876,14.0284,3.75813,0.5789,71.7924,0.11178,9.64792,0.0,0.0,negative
1.51645774,13.03755,3.39893,1.25942,73.0076,0.52164,8.58268,0.0,0.0,negative
1.52210718,14.188,3.78058,0.90953,71.3612,0.22977,9.1422,0.0,0.1887,negative
1.51693612,12.858,3.57853,1.31078,72.61,0.60858,8.78712,0.0,0.0,negative
1.51777898,13.6427,3.65037,0.64952,73.002,0.0621,8.927,0.0,0.0,negative
1.51796122,13.50305,3.35852,1.62857,71.938,0.57132,8.80864,0.0,0.459,negative
1.51609326,13.42325,3.39893,1.2209,72.6884,0.58995,8.32444,0.0,0.0,negative
1.5193508,13.6427,3.53812,0.74903,72.6492,0.16146,8.89472,0.1512,0.1224,negative
1.51768786,13.64935,3.65935,1.10855,72.7724,0.11178,8.6042,0.0,0.0,negative
1.5183257,13.33015,3.34056,1.53869,72.1396,0.5589,8.99156,0.0,0.0,negative
1.51670832,13.23705,3.56955,1.3814,72.6996,0.5589,8.4428,0.0,0.051,negative
1.52126432,14.321,3.90181,0.82928,71.5012,0.0,9.48652,0.0,0.0,negative
1.51643496,12.15975,3.52016,1.3493,72.89,0.57132,8.52888,0.0,0.0,negative
1.5196925,12.63855,0.0,1.65104,73.7524,0.37881,11.53092,0.0,0.0,negative
1.51914578,12.73165,1.84988,1.85969,72.6884,0.60237,10.08908,0.0,0.0,negative
1.5151365,14.00845,2.68053,3.5,69.8884,1.68291,5.87116,2.1987,0.0,negative
1.51315464,13.0176,0.0,3.04097,70.482,6.21,6.95792,0.0,0.0,negative
1.52119598,12.97105,0.32777,1.5098,73.3884,0.13041,11.27268,0.0,0.1428,negative
1.5215149,11.02925,1.71069,1.56116,73.4388,0.57753,11.617,0.0,0.0,negative
1.523679,13.4432,0.0,1.58042,72.218,0.32292,12.24108,0.0,0.0,negative
1.52042146,13.3767,0.0,1.40066,72.2516,0.32913,12.49932,0.0,0.0,negative
1.51994308,13.2703,0.0,1.76018,73.03,0.47196,11.31572,0.0,0.0,negative
1.52058092,12.85135,1.61191,2.17106,72.1788,0.75762,9.70172,0.2394,0.2601,negative
1.52171992,11.56125,1.88131,1.56116,72.862,0.47196,11.41256,0.0,0.0,negative
1.5196925,14.5604,0.0,0.55964,73.478,0.0,11.21888,0.0,0.0,positive
1.51115,17.38,0.0,0.34136,75.41,0.0,6.64588,0.0,0.0,positive
1.51937358,13.789,2.41113,1.1888,72.7612,0.0,9.76628,0.0,0.0,positive
1.51828014,14.46065,2.24051,1.61894,72.3804,0.0,9.26056,0.0,0.0,positive
1.51853072,14.08825,2.19112,1.66067,72.6716,0.0,9.32512,0.0,0.0,positive
1.51299518,14.4008,1.74212,1.53869,74.5476,0.0,7.59276,0.0,0.0,positive
1.51887242,14.99265,0.78126,1.74092,72.498,0.0,9.9492,0.0,0.0,positive
1.51916856,14.1481,0.0,2.09081,72.7388,0.0,10.88532,0.0,0.0,positive
1.51613882,13.8821,1.77804,1.78907,73.0972,0.0,8.66876,0.75915,0.0,negative
1.51509094,15.15225,0.0,2.25131,73.5004,0.0,8.3352,0.63,0.0,negative
1.51652608,11.94695,0.0,1.1888,75.1804,2.70135,8.927,0.0,0.0,negative
1.52064926,14.3609,0.0,2.02019,73.422,0.0,8.4428,1.64115,0.0,negative
1.51556932,13.8688,0.0,2.54021,73.2316,0.14283,9.4112,0.80955,0.0051,negative
1.5163894,14.36755,0.0,2.73923,72.8508,0.0,9.45424,0.53865,0.0,negative
1.51545542,14.14145,0.0,2.68145,73.3884,0.08073,9.06688,0.6111,0.0255,negative
1.5165033,14.38085,0.0,1.93994,73.6124,0.0,8.47508,1.5687,0.0,negative
1.51682222,14.5604,0.0,1.97846,73.2876,0.0,8.51812,1.5687,0.0357,negative
1.51645774,14.93945,0.0,1.86932,73.1084,0.0,8.66876,1.3797,0.0,negative
1.5151365,14.853,0.0,2.42144,73.7188,0.0,8.389,0.5607,0.0,negative
1.516845,14.9195,0.0,1.9913,73.58,0.0,8.39976,1.59075,0.0,negative
1.51622994,14.2013,0.0,2.79059,73.4612,0.03726,9.04536,0.40005,0.459,negative
1.51531874,14.38085,0.0,2.65898,73.0972,0.03726,9.07764,0.63945,0.0,negative
1.51609326,15.126,0.0,2.51132,73.0524,0.04968,8.83016,0.5292,0.0,negative
1.51727782,14.70005,0.0,2.34119,73.282,0.0,8.94852,0.6615,0.0,negative
1.51837126,14.321,3.25974,2.21921,71.2492,1.45935,5.78508,1.62855,0.0,negative
1.51657164,14.7998,0.0,1.9913,73.1084,0.0,8.2814,1.71045,0.0,negative
1.51732338,14.95275,0.0,1.7987,72.9908,0.0,8.61496,1.5498,0.0,negative
1.5190778376445624,13.970660953531656,2.3649824649868663,1.3051398236464036,72.6582051498476,0.0,9.629498078731437,0.0,0.0,positive
1.5189911221286931,13.540329121707098,2.575603063341066,1.2230957473392146,72.79538890700483,0.21089137290732568,9.499408107598502,0.0,0.0,positive
1.518318075962088,13.497091508391321,2.783416970166925,1.1888,72.82493050888922,0.4492757009947111,9.171505271121585,0.0,0.0,positive
1.5188475004472248,13.446947517216554,2.637366461836699,1.2359745851658375,72.80822762384133,0.290085908715027,9.399191605863521,0.0,0.0,positive
1.5185942346107904,14.065699698314068,2.207699087297985,1.6251117348152353,72.67835190319485,0.0,9.358364080507155,0.0,0.0,positive
1.5188993681087755,14.080286597107206,2.3371341402539545,1.3753465895625605,72.59605158017058,0.0,9.546955265556381,0.0,0.0,positive
1.5189252046515238,13.948191708031548,2.294091511498678,1.4398201880329022,72.71353558215664,0.0,9.53159657839533,0.0,0.0,positive
1.5187912266129466,14.146712953993221,2.320259778589558,1.417887545642291,72.55839036271776,0.0,9.496939428134516,0.0,0.0,positive
1.518421455861525,13.169936925289225,2.8205836561659234,1.2741788386604334,72.8463128609699,0.5250114634983859,9.101905725866631,0.0,0.0,positive
1.5193186022354592,13.753253921750378,2.434772764414173,1.1937299639605279,72.76611460581735,0.030315329120427992,9.727917552358777,0.0,0.0,positive
1.5190568936524607,13.58309321105898,2.547318525863338,1.2171978858217263,72.7895094188877,0.17462424916343813,9.545302236941307,0.0,0.0,positive
1.5189577894831796,13.518656517068631,2.589937510944817,1.2260847510294177,72.79836859915706,0.22927135120659567,9.476149215954887,0.0,0.0,positive
1.518538671930349,13.246149823418232,2.770175788113864,1.263667843902362,72.83583461074379,0.4603772657587498,9.183696888903961,0.0,0.0,positive
1.5186154483036058,14.25468550069791,2.2928313919019168,1.4870356305668122,72.49717403608165,0.0,9.415641317035737,0.0,0.0,positive
1.5188811360494372,13.468817101742186,2.622901730036901,1.2329584147543537,72.80522084959937,0.2715388768422762,9.422661894980028,0.0,0.0,positive
1.5191923157114222,13.853356284978362,2.3638149582018735,1.2902796998921962,72.74193074976087,0.0,9.671404749603829,0.0,0.0,positive
1.519276757140572,13.848473838102441,2.3960217944509217,1.2268884042602306,72.72748059621915,0.0,9.72149907331919,0.0,0.0,positive
1.5192847698886964,13.820531245767437,2.3879480805971793,1.2385197959574974,72.75175906559478,0.0,9.719796042162864,0.0,0.0,positive
1.5176923141819116,13.98059012187171,0.0,0.5442371533008457,74.51997268645368,0.0,10.686172745487026,0.0,0.0,positive
1.5120773305903679,16.855794931490454,0.0,0.7907845182806886,74.96065783915348,0.0,7.043388744847736,0.1482433815109473,0.0,positive
1.516070166877921,15.756013751362413,0.0,0.46708127902986674,74.297238816723,0.0,9.279760378429451,0.0,0.0,positive
1.5119779800989228,16.043155729679036,0.781734405280463,0.87863300959432,75.02301876385445,0.0,7.070769602135309,0.0,0.0,positive
1.5170527508955416,15.431694887319933,0.0,0.4921885004950365,74.0750143716492,0.0,9.805760578906918,0.0,0.0,positive
1.5127166783431363,14.850464605149035,1.4791736714815258,1.3579713769860717,74.67776606991157,0.0,7.449842968137917,0.0,0.0,positive
1.514127166317989,15.697055762102579,0.0,1.7842235830646067,73.96740082294292,0.0,7.922069590378126,0.4759308135452249,0.0,positive
1.5128147252561306,14.69215952749111,1.5717443085281915,1.421593630823399,74.6319409158527,0.0,7.500157116880108,0.0,0.0,positive
1.5130122638921322,16.327292172502645,0.0,1.243893639379901,74.50763175069511,0.0,7.444156461518498,0.2977021350346017,0.0,positive
1.514209584143728,15.650466290735228,0.0,1.824166826623388,73.92746489901829,0.0,7.957398745700894,0.48910615501596083,0.0,positive
1.5147665644007857,15.500820185782397,0.0,0.45350965682772887,74.91799655773211,0.0,8.879337230238274,0.0,0.0,positive
1.5135935215228633,15.998716582196517,0.0,1.5255962311003315,74.22598078121982,0.0,7.69331786482495,0.3906221762837817,0.0,positive
1.5150342799892313,15.36171420728827,0.0,0.4618115168374892,74.88157608336275,0.0,9.044668536527574,0.0,0.0,positive
1.5114814136043049,16.844904556766625,0.3129029516533716,0.5564129763180099,75.25510395064296,0.0,6.815949539906289,0.0,0.0,positive
1.5113295332831698,17.09012824915775,0.16950569769646207,0.4578584369750103,75.32608975633514,0.0,6.7380100226361135,0.0,0.0,positive
1.512138303200241,16.821328095749568,0.0,0.8203344825600332,74.9311132899308,0.0,7.069525212114618,0.15799048352722364,0.0,positive
1.5174965876017605,14.082290353850414,0.0,0.53816767233398,74.54659965628083,0.0,10.565299204428735,0.0,0.0,positive
1.5124716504714824,15.24608293790316,1.2478314957774388,1.1989737607278492,74.79228716623513,0.0,7.324103478705108,0.0,0.0,positive
1.5138528252457044,14.259288698150295,1.7519196644735713,1.6069984629981289,74.15190308038787,0.0,7.886313423540166,0.2071106705209263,0.0,positive
1.5178749671236276,14.125275396169153,2.137930421116784,1.6462199669662034,72.89383530063455,0.0,9.119900626115527,0.0,0.0,positive
1.5138891546452422,14.004001186630394,2.002820721818086,1.5777341770494915,74.2404423760475,0.16817017609079227,7.810065298093356,0.0,0.0,positive
1.5169629517028103,14.176769996474903,2.0639548154943803,1.6261229861781836,73.20291823192103,0.0,8.834483298373819,0.0,0.0,positive
1.5139884932239955,13.959908850923915,2.031789819905124,1.5820727710771048,74.20631098095811,0.18685726791207258,7.834212291056775,0.0,0.0,positive
1.5145120871268323,14.150510613591933,1.7594525520720603,1.6595063805067507,73.84773548092103,0.0,8.111964510844572,0.36631422342719033,0.0,positive
1.5156632848993776,14.431015191454192,1.9937315166057616,1.579204103829556,73.45349201471136,0.0,8.434746571550573,0.0,0.0,positive
1.5144008554134176,14.168863825075489,1.7581815912922467,1.6506471611289744,73.89905512220838,0.0,8.073892300402495,0.339453146701258,0.0,positive
1.5159742596086243,14.434536852232782,2.0230575068386973,1.5839261301868124,73.32597082441296,0.0,8.532882341751598,0.0,0.0,positive
1.5159902316650753,13.071418956580619,2.6155364163638604,1.669498326730445,73.51854066598467,0.5634145986100952,8.320790261650055,0.0,0.0,positive
1.515336817863997,14.427318086449134,1.962944546455871,1.5742468327074854,73.58736613278926,0.0,8.331721814199927,0.0,0.0,positive
1.5162801576512717,12.942732658932176,2.700084579197695,1.6821607904776568,73.41892600966733,0.6179540695128278,8.391264802724292,0.0,0.0,positive
1.5184131014092295,14.094891030603218,2.181579693678309,1.6580781813694436,72.71146105714809,0.0,9.288310990958921,0.0,0.0,positive
1.5184609879252673,14.09218724188746,2.1854638758359637,1.6591333986068395,72.6952322693357,0.0,9.303297186510445,0.0,0.0,positive
1.514257503667453,14.192516835799315,1.7565436191596078,1.639229692794616,73.96519417513655,0.0,8.024826097320101,0.30483548120869364,0.0,positive
1.5132039336026002,14.403164048756398,1.7618061864611694,1.5418598398112098,74.46199655029466,0.0,7.6586373686870495,0.0,0.0,positive
1.5144674717240663,14.157872146532975,1.7589427655610863,1.655952918741225,73.86831995629734,0.0,8.096693623155037,0.35554015800942945,0.0,positive
1.5133075182212699,14.404337101991878,1.7715745741308526,1.5434327307409879,74.41951967524152,0.0,7.691326060184667,0.0,0.0,positive
1.518977045106671,14.69427377983691,0.5052438899240842,1.8645347719766303,72.58307370056868,0.0,10.279927543921698,0.0,0.0,positive
1.5195317063388316,13.93206883913966,0.3001791292514591,1.7527798386844544,72.82559263655918,0.29062146757607116,10.790669717501595,0.0,0.0,positive
1.5182868083687047,14.466639687564925,2.2240805797385024,1.6203133497916722,72.38172403619856,0.0,9.268313267753214,0.0,0.0,positive
1.5184323368558015,14.59735684015406,1.8655298186187719,1.6502849254924667,72.41061940677089,0.0,9.437518267676113,0.0,0.0,positive
1.5185208533826775,14.67686449244357,1.6474442141009726,1.6685148943388477,72.42819478254016,0.0,9.540435842248762,0.0,0.0,positive
1.518874114976402,14.98781616356966,0.7767884079692536,1.7429226179961061,72.4993782343407,0.0,9.95455794323506,0.0,0.0,positive
1.5185594335560268,14.711518122857928,1.5523909994728733,1.6764604767409963,72.43585505873702,0.0,9.585292752114443,0.0,0.0,positive
1.5190639023704557,14.446568970863783,0.27610191010246765,1.967156802183969,72.65369985414245,0.0,10.554489648919537,0.0,0.0,positive
1.5197541470789766,13.574232729834689,0.13786424623952642,1.7567813038136175,72.93612116452982,0.3886760616757457,11.074578446904695,0.0,0.0,positive
1.5191622546893768,14.166081866977876,0.016634318151840244,2.0833602629366057,72.73367296954795,0.0,10.865388456201135,0.0,0.0,positive
1.5188384211684915,14.962111439922893,0.8650257778054846,1.7339179444394635,72.49124937093033,0.0,9.909669785692671,0.0,0.0,positive
1.5188439899933122,14.917402420109983,0.898562690163355,1.734243066910467,72.51244380790459,0.0,9.897275509002917,0.0,0.0,positive
1.5192201414304036,14.140038757573187,0.0,2.0849731755962253,72.73284412674722,0.0036929158809280113,10.900824482951588,0.0,0.0,positive
1.5191184825706954,14.29091384790718,0.13211147571601917,2.03164341750726,72.69808059371731,0.0,10.727021617070783,0.0,0.0,positive
1.5188980541506056,14.91954497570703,0.7136334162818946,1.7712068000116834,72.51884386933841,0.0,10.030231407662228,0.0,0.0,positive
1.5197141151084996,13.81220630481552,0.0,1.7902953075815802,72.5266566135677,0.143314352989458,11.588110282639034,0.0,0.0,positive
1.5189745061829212,14.701514436461965,0.5119419366885021,1.8615350285078718,72.581009228228,0.0,10.271901821963443,0.0,0.0,positive
1.5190305699549387,14.541628373595119,0.364037626138088,1.927774486842465,72.62659630292853,0.0,10.449123468012713,0.0,0.0,positive
1.5194423867778128,13.837759214011141,0.0,1.9739177989616126,72.8417519672818,0.16685855246673717,11.037485270323087,0.0,0.0,positive
1.5197905148343744,13.44320928883188,0.0,1.8253075896177766,72.97263934277986,0.37899318756311945,11.23093968795484,0.0,0.0,positive
1.5193037959669926,14.064836351713595,0.0,2.0163163431878885,72.68621243266122,0.035525751309961905,11.059532507563208,0.0,0.0,positive
1.5202257721445487,13.497183367942428,0.0,1.5084530987625966,72.32769475870047,0.27772386713651614,12.247232683615403,0.0,0.0,positive
1.5226974933579378,13.596591693934426,0.0,1.6914848129765814,72.33133010952058,0.25265010951155453,11.946056134248066,0.0,0.0,positive
1.519000078954513,14.628584456560867,0.444477279655135,1.8917493090923185,72.60180318851476,0.0,10.352739206114782,0.0,0.0,positive
1.523249788019332,13.5102780511819,0.0,1.6289885438256908,72.26755915598743,0.29219103945572583,12.112066326187584,0.0,0.0,positive
1.5190477799976392,14.492547730782338,0.3186350531656025,1.9481081865805074,72.64059028645742,0.0,10.503525660126739,0.0,0.0,positive
1.5194423600876747,13.979523587171947,0.0,1.939989399386465,72.63233068663492,0.07192579045125372,11.23803238048286,0.0,0.0,positive
1.5195184644979913,13.751536750068668,0.0,1.9414414566817086,72.87035527270449,0.2132171239890536,11.079761584381915,0.0,0.0,positive
1.5190140623769297,14.588705685027488,0.407586996015127,1.9082707505366552,72.61317351375926,0.0,10.396941817692342,0.0,0.0,positive
1.5191577121087572,14.179036673698988,0.028618300508047277,2.0779931948842116,72.72997926584961,0.0,10.851029029680781,0.0,0.0,positive
1.5190799370142394,14.400840401918177,0.2338002088717021,1.9861017657602846,72.66673808681321,0.0,10.605176319882014,0.0,0.0,positive
1.5193000252659845,13.999104221348322,0.0,2.034689614609701,72.78822762672974,0.08010941865168149,10.958375118628027,0.0,0.0,positive
1.521424028851285,13.79561110905571,0.0,1.8355868406170293,72.47837126627354,0.1614778162345439,11.563274800378252,0.0,0.0,positive
1.5194433609846933,13.836655099463142,0.0,1.973501925877761,72.84211824451621,0.16745219327566102,11.038026636125613,0.0,0.0,positive
1.5207693363054693,13.897927684721394,0.0,1.9096701957794753,72.55396563796695,0.11460582217302805,11.36648558116346,0.0,0.0,positive
1.5191145652265137,14.30208556746067,0.1424459942387354,2.0270150675521705,72.69489528785208,0.0,10.714638608239555,0.0,0.0,positive
1.518616056063108,13.960490207570611,0.0,0.55964,74.17563945786274,0.0,11.057099815374931,0.0,0.0,positive
1.5198693178673581,13.650061063617214,0.0,1.4067823197310219,73.16187578986165,0.33303121030557337,11.287213635066514,0.0,0.0,positive
1.519285404106331,14.333522589389194,0.0,0.55964,73.74183738978299,0.0,11.157697019093428,0.0,0.0,positive
1.518693377671388,14.003582084800646,0.0,0.55964,74.12552760063282,0.0,11.06872058226704,0.0,0.0,positive
1.5209666536068505,14.493381187183672,0.0,0.7812404760318526,73.07165435597679,0.05006758828143092,11.370695247558672,0.0,0.020559154608317046,positive
1.5203718156484018,13.457313502780293,0.0,1.3433840279561695,72.33512150021943,0.30671526470382876,12.412118214496918,0.0,0.0,positive
1.5198806603240702,13.591664929033062,0.0,1.4611245377092068,73.14159715386933,0.3543943912049887,11.291597079507355,0.0,0.0,positive
1.520895089912374,14.49714534389034,0.0,0.7687941362206382,73.09447703242985,0.047255508504178576,11.362168442050512,0.0,0.01940443585920376,positive
1.5197327833551624,14.353002935209606,0.0,0.7526393583159903,73.4059793155367,0.07587250499842967,11.234448042596933,0.0,0.0,positive
1.5198151122940329,13.929136050236426,0.0,1.1470809908140143,73.25878734245866,0.23093662020805816,11.266265164634605,0.0,0.0,positive
1.5197778861971647,14.120792956491332,0.0,0.9687290938794635,73.32534210100621,0.16082237055604276,11.251878640487854,0.0,0.0,positive
1.5198575671454047,13.710559133663727,0.0,1.350484084699906,73.18288434375734,0.31089907392920485,11.28267241105031,0.0,0.0,positive
1.5197110736181472,14.464774551952548,0.0,0.6486270361978828,73.44479311625047,0.034982859050054736,11.2260580237105,0.0,0.0,positive
1.5196932455478078,14.55656158022549,0.0,0.5632119529308504,73.47666707072399,0.0014042171899679588,11.219168126944394,0.0,0.0,positive
1.519156554476452,14.261713782570592,0.0,0.55964,73.82534437315098,0.0,11.138332037605503,0.0,0.0,positive
1.5201408675973567,13.832331621774632,0.0,1.0769332900693573,72.7236677713478,0.20244077496436175,12.006451068864484,0.0,0.0,positive
1.5200151051101036,14.03654729363783,0.0,0.9318378568089143,72.93525018240891,0.14565822526398656,11.785545505900462,0.0,0.0,positive
1.520324417250924,13.5342799798082,0.0,1.2886992712526035,72.41486441432522,0.2853145917426094,12.328861514449935,0.0,0.0,positive
1.5202074554395646,14.533314017566344,0.0,0.6492009210138986,73.31377341177068,0.020235061763969723,11.280236878102343,0.0,0.008309083333031046,positive
1.5197266448245559,14.558604026898125,0.0,0.5655784593309143,73.46711073150863,0.0013417134391150878,11.222948351700248,0.0,5.5094513200378E-4,positive
1.519762171623954,14.201698738673544,0.0,0.8934398699890417,73.35343743502499,0.1312244378696487,11.245805533018258,0.0,0.0,positive
1.5192537790411043,14.315897717655982,0.0,0.55964,73.76233348122211,0.0,11.152944046164873,0.0,0.0,positive
1.5208802877174792,14.497923919976923,0.0,0.7662197421935995,73.09919766217587,0.046673859481901996,11.360404762325961,0.0,0.01916559447324478,positive
1.5197454991015384,14.557612316594838,0.0,0.5688575904593087,73.46109783535395,0.002082588143886384,11.225194836513587,0.0,8.551690445910273E-4,positive
1.5212577933439724,14.478067617892915,0.0,0.8318754261596443,72.97880576743493,0.06150786079819509,11.405384511888892,0.0,0.02525685105239895,positive
1.5197263579115405,14.386084046297913,0.0,0.7218547702174272,73.4174670589423,0.06377037245890756,11.231964843776847,0.0,0.0,positive
1.5211382143011987,14.484357319104229,0.0,0.8110782690040084,73.01694121898986,0.056809028374464526,11.391136683460736,0.0,0.023327378801108623,positive
1.5217803223073496,14.450583278014738,0.0,0.9227535325372823,72.81216387512093,0.0820405225297414,11.467643774433983,0.0,0.03368813727066676,positive
1.5198200271873425,14.35331877241894,0.0,0.7067714133819577,73.26344866308573,0.057579322829901476,11.44288531134907,0.0,0.0,positive
1.5212747519743124,14.47717561612306,0.0,0.8348248668989633,72.97339741986191,0.062174246481299295,11.407405130634922,0.0,0.02553048768555768,positive
1.518445884005814,13.582325074180096,2.537491967984698,1.4574434766139701,72.76693807950673,0.29404242836258765,9.187731017567977,0.0,0.0,positive
1.5183727005812293,14.32309089532373,2.222266057518902,1.6343544506931813,72.48796501418295,0.0,9.284407518254296,0.0,0.0,positive
1.5183352243972412,14.378786205871723,2.2296527153813224,1.628113405287253,72.44441379390481,0.0,9.274752069143183,0.0,0.0,positive
1.5185213271541915,14.074677172875438,2.2050977338227113,1.6509417248647877,72.67506356035076,0.0113944950610985,9.319130514564854,0.0,0.0,positive
1.5190207098515645,13.914283430129935,2.319021036047161,1.386352187720677,72.72368823612484,0.0,9.581584801884304,0.0,0.0,positive
1.5183739182925802,13.153152899342924,2.831316611160197,1.2850479993900874,72.84781262993612,0.5434763305769592,9.071185013645634,0.0,0.0,positive
1.518329181193928,13.797022886353007,2.4910350463758255,1.4519340113668924,72.74591632884133,0.2444874511149942,9.196605834196514,0.0,0.0,positive
1.518499605796196,14.134490440165457,2.1972526942528785,1.6554884383241018,72.6354420618255,0.0,9.317103665904721,0.0,0.0,positive
1.5191240394026808,13.877597185473,2.3459929347504933,1.3285037724616369,72.73467265557768,0.0,9.63566835641347,0.0,0.0,positive
1.5185784705483323,14.071296589482925,2.2035842267263557,1.6339371484688638,72.67667610887996,0.0,9.350113037873728,0.0,0.0,positive
1.5185247248686609,14.079586929944961,2.2000415081136415,1.6544607756256229,72.67381067178438,0.007272715407791484,9.321297116864297,0.0,0.0,positive
1.518389392728611,14.298283824986948,2.2189759898391657,1.6371342547886538,72.50736302407036,0.0,9.288708120995818,0.0,0.0,positive
1.5181193184084225,13.493767476261928,2.803337219213451,1.234576784421229,72.8233020794228,0.49907275164395065,9.062783761226726,0.0,0.0,positive
1.5183568665593437,13.837028725513504,2.449835746774664,1.480608053023554,72.7357075022613,0.21090223467143918,9.214259812160982,0.0,0.0,positive
1.5183469213059881,14.36140282005752,2.2273472228320115,1.6300613341004286,72.45800681739863,0.0,9.277765687263926,0.0,0.0,positive
1.5191306753402392,13.875241154442499,2.347725099786486,1.3247886835314353,72.73537808709091,0.0,9.639141661841762,0.0,0.0,positive
1.5184036302826578,14.277124653756044,2.2161697291863884,1.6395052865165423,72.52390854142384,0.0,9.292376316738748,0.0,0.0,positive
1.5183810637934405,13.871994153669045,2.413827224506607,1.5056693981800138,72.72678490496483,0.181548482886999,9.229689532200092,0.0,0.0,positive
1.5190703351297872,14.248677526700867,2.253138346817069,1.5597545854074562,72.25789784824818,0.15331206792838142,9.445500748486548,0.0,0.027094225910415354,positive
1.519303365963784,13.832129259423823,2.4001738260360415,1.2164209627760938,72.73674735057159,0.0,9.733805751394602,0.0,0.0,positive
1.5182824880152503,14.459207722012145,2.2408763834888523,1.6180163322359926,72.38121771675392,0.0,9.261645965642845,0.0,0.0,positive
1.518307834715987,14.443638407235163,2.2448314739187616,1.60804538746093,72.39004492596568,0.0,9.273368907456312,0.0,0.0,positive
1.5197511119827585,14.066056870296729,2.264018047134467,1.5087645719674152,72.15235856281338,0.2853950221157707,9.60483276154857,0.0,0.050436715826733765,positive
1.5196787095519353,14.085479063317045,2.262860962039449,1.5141874956532733,72.1635829468086,0.27134764827847685,9.587887377751692,0.0,0.047954179876768664,positive
1.5192781717377242,13.847604916005961,2.3962425277020216,1.2263319267040933,72.7279732419935,0.0,9.722153329676864,0.0,0.0,positive
1.5183418556391957,14.44409457439889,2.2414962962531932,1.614317514293684,72.37083236497769,0.011973944044888994,9.275004200015829,0.0,0.0021161070317207357,positive
1.5183544762785153,14.350174981566235,2.2258581171846306,1.6313194911902282,72.46678648057978,0.0,9.279712167535134,0.0,0.0,positive
1.518940780445855,14.283431001817826,2.251067894318947,1.5694581983403777,72.27798241591123,0.12817612902578898,9.415179199652382,0.0,0.022652052399225228,positive
1.5184886532220758,14.332569899027579,2.2730463311664026,1.5369145780804339,72.45301654500156,0.0,9.356998127988941,0.0,0.0,positive
1.5183387383250508,14.373563974583105,2.2289601106462396,1.6286985924829405,72.44849734318313,0.0,9.275657405480437,0.0,0.0,positive
1.5181261484802275,13.686448658640494,2.712654519212792,1.295859752634123,72.72530735479242,0.41512814878097054,9.090840344318607,0.0,0.0,positive
1.5187488845319757,14.172721750711958,2.313652734896934,1.4345441730830666,72.54364436436967,0.0,9.477356060790514,0.0,0.0,positive
1.5186469381885757,14.235342709835985,2.297745062678157,1.4746480655234884,72.50814066268809,0.0,9.430205504029994,0.0,0.0,positive
1.5184095826950437,14.268278463427642,2.2149964925045413,1.6404965634295503,72.53082586318439,0.0,9.29390990977742,0.0,0.0,positive
1.518254933298673,14.333921839855845,2.317794813452937,1.5660553521179663,72.4368575029233,0.06795186692221411,9.232778777524935,0.0,0.0,positive
1.520019401550744,13.99408730082903,2.268305663679049,1.4886697514433291,72.11076624196518,0.33744802386301936,9.667624433686244,0.0,0.059635833728620184,positive
