@relation glass5
@attribute RI real [1.51115, 1.53393]
@attribute Na real [10.73, 17.38]
@attribute Mg real [0.0, 4.49]
@attribute Al real [0.29, 3.5]
@attribute Si real [69.81, 75.41]
@attribute K real [0.0, 6.21]
@attribute Ca real [5.43, 16.19]
@attribute Ba real [0.0, 3.15]
@attribute Fe real [0.0, 0.51]
@attribute Class {positive, negative}
@data
1.51588824,12.87795,3.43036,1.40066,73.282,0.68931,8.04468,0.0,0.1224,negative
1.52212996,14.20795,3.82099,0.46976,71.77,0.11178,9.5726,0.0,0.0,negative
1.52222108,13.21045,3.7716,0.79076,71.9884,0.13041,10.2452,0.0,0.0,negative
1.51755118,13.39,3.65935,1.1888,72.7892,0.57132,8.27064,0.0,0.0561,negative
1.52099096,13.68925,3.592,1.12139,71.9604,0.08694,9.40044,0.0,0.0,negative
1.51793844,13.21045,3.47975,1.41029,72.638,0.58995,8.43204,0.0,0.0,negative
1.51215232,12.991,3.47077,1.12139,72.9796,0.621,8.34596,0.0,0.1581,negative
1.51761952,13.88875,3.60098,1.35893,72.7276,0.47817,7.82948,0.0,0.0,negative
1.51784732,12.67845,3.66833,1.15991,73.1084,0.60858,8.70104,0.0,0.0,negative
1.51720948,13.3767,3.5022,1.15028,72.8508,0.50301,8.43204,0.0,0.0,negative
1.51746006,12.83805,3.5022,1.14065,73.2708,0.5589,8.5504,0.0,0.0,negative
1.52210718,13.72915,3.83895,0.72014,71.7588,0.16767,9.74476,0.0,0.0,negative
1.51823458,12.8713,3.47975,1.29152,72.9516,0.60237,8.43204,0.0,0.0,negative
1.51919134,14.417,3.57853,1.36856,72.078,0.5589,8.30292,0.0,0.0,negative
1.51750562,12.81145,3.56955,1.3493,73.0188,0.621,8.59344,0.0,0.0,negative
1.51782454,12.69175,3.53812,1.33967,72.9516,0.57132,8.75484,0.0,0.0,negative
1.51793844,12.7915,3.5022,1.12139,73.03,0.63963,8.7656,0.0,0.0,negative
1.51837126,13.1373,2.84217,1.27868,72.8508,0.55269,9.06688,0.0,0.0,negative
1.5215149,13.05085,3.65037,0.87101,72.218,0.19251,9.85236,0.0,0.0867,negative
1.51595658,12.7915,3.60996,1.61894,72.9684,0.63963,8.0662,0.0,0.1326,negative
1.51734616,13.0176,3.53812,1.68956,72.7276,0.54027,8.4428,0.0,0.0357,negative
1.5177562,12.85135,3.47975,1.23053,72.9684,0.60858,8.56116,0.09135,0.1122,negative
1.5215149,13.05085,3.65037,0.87101,72.3188,0.19251,9.85236,0.0,0.0867,negative
1.51743728,13.2969,3.60098,1.14065,73.0916,0.57753,8.1738,0.0,0.0,negative
1.51910022,13.88875,3.52914,1.32041,71.8092,0.50922,8.77636,0.11025,0.0,negative
1.51869018,13.1905,3.37199,1.17917,72.722,0.57132,8.83016,0.0,0.0816,negative
1.52171992,13.5097,3.8614,0.88064,71.7924,0.22977,9.54032,0.0,0.0561,negative
1.51755118,12.99765,3.60098,1.35893,72.9908,0.57132,8.39976,0.0,0.0561,negative
1.51784732,13.7745,3.48873,1.27868,72.862,0.60237,8.48584,0.0,0.0,negative
1.5175284,12.57205,3.47077,1.3814,73.3884,0.60237,8.5504,0.0,0.0306,negative
1.5178701,12.73165,3.43036,1.1888,72.9516,0.621,8.75484,0.0,0.153,negative
1.52320062,13.7225,3.72221,0.51149,71.7476,0.08694,10.568,0.0,0.0816,negative
1.5229956,13.3102,3.57853,0.81965,71.9884,0.11799,10.17516,0.0,0.0153,negative
1.52101374,13.6427,4.49,1.09892,71.7812,0.0621,8.75484,0.0,0.0,negative
1.51750562,12.8181,3.55159,1.49054,72.75,0.54027,8.51812,0.0,0.0969,negative
1.52212996,14.20795,3.82099,0.46976,71.77,0.11178,9.5726,0.0,0.0,negative
1.51925968,13.19715,3.33158,1.27868,72.358,0.60237,9.1422,0.0,0.0561,negative
1.51618438,13.52965,3.55159,1.53869,72.9908,0.39123,7.77568,0.0,0.0,negative
1.51761952,12.61195,3.592,1.31078,73.2876,0.57753,8.4966,0.0,0.0,negative
1.51768786,12.55875,3.52016,1.42955,73.1476,0.57132,8.53964,0.0,0.0,negative
1.51796122,12.7383,3.47975,1.3493,72.9572,0.63963,8.67952,0.0,0.0,negative
1.51807512,13.4299,2.86911,1.1888,72.8396,0.55269,9.0346,0.0,0.0,negative
1.5215149,13.11735,3.57853,0.8999,72.2012,0.22977,9.82008,0.0,0.0816,negative
1.5174145,13.2703,3.61894,1.24016,73.0804,0.55269,8.0662,0.0,0.0,negative
1.51748284,12.858,3.56057,1.26905,73.2092,0.54027,8.37824,0.0,0.0867,negative
1.51736894,12.7782,3.61894,1.29152,72.7892,0.58995,8.70104,0.0,0.0,negative
1.51768786,12.65185,3.56057,1.30115,73.0804,0.60858,8.69028,0.0,0.0714,negative
1.51755118,12.7117,3.42138,1.19843,73.198,0.58995,8.63648,0.0,0.0,negative
1.51768786,12.45235,2.71196,1.29152,73.702,0.5589,9.05612,0.0,0.1224,negative
1.51905466,13.6028,3.61894,1.10855,72.638,0.14283,8.75484,0.0,0.0,negative
1.51766508,13.21045,3.69078,1.29152,72.61,0.57132,8.21684,0.0,0.0,negative
1.52226664,14.16805,3.81201,0.78113,71.35,0.0,9.69096,0.0,0.0,negative
1.51777898,13.21045,2.81074,1.29152,72.9796,0.50922,9.02384,0.0,0.459,negative
1.5219705,14.3609,3.84793,0.89027,71.3612,0.14904,9.15296,0.0,0.0,negative
1.5190091,13.48975,3.47975,1.3493,71.9492,0.55269,9.00232,0.0,0.0,negative
1.51848516,13.6427,3.87038,1.26905,71.9604,0.54027,8.32444,0.0,0.1632,negative
1.51818902,13.7225,0.0,0.55964,74.4524,0.0,10.99292,0.0,0.0,negative
1.51663998,12.93115,3.53812,1.61894,72.9572,0.63963,8.03392,0.0,0.1071,negative
1.51689056,12.6718,2.87809,1.70882,73.2092,0.73278,8.53964,0.0,0.0,negative
1.5266404,11.22875,0.0,0.7715,73.2092,0.0,14.6836,0.0,0.0,negative
1.51850794,13.19715,3.62792,1.07003,72.8284,0.57132,8.41052,0.09135,0.0867,negative
1.51812068,12.95775,2.95891,1.42955,72.918,0.60237,8.78712,0.1386,0.0,negative
1.51645774,13.40995,3.55159,1.24979,72.8116,0.6831,8.09848,0.0,0.0,negative
1.51629828,12.7117,3.33158,1.49054,73.282,0.67068,8.23836,0.0,0.0,negative
1.52725546,13.8023,3.15198,0.65915,70.5716,0.08073,11.63852,0.0,0.0,negative
1.51891798,13.46315,3.82997,1.25942,72.5484,0.57132,8.20608,0.0,0.0714,negative
1.51871296,12.93115,3.65935,1.56116,72.5092,0.57753,8.5504,0.0,0.0612,negative
1.52176548,13.7491,1.01025,1.35893,72.19,0.32913,11.14356,0.0,0.0,negative
1.51618438,13.01095,3.5022,1.48091,72.89,0.60237,8.12,0.0,0.0,negative
1.5160477,12.8979,3.43934,1.44881,73.58,0.44091,8.27064,0.0,0.0,negative
1.5170728,13.7225,3.6818,1.81154,72.0612,0.63963,7.88328,0.0,0.0,negative
1.51666276,12.9378,3.60996,1.25942,72.75,0.5589,8.6042,0.0,0.0,negative
1.51689056,13.33015,3.53812,1.60931,72.5428,0.6831,8.10924,0.0,0.0,negative
1.51645774,13.4432,3.60996,1.53869,72.3916,0.65826,8.03392,0.0,0.0,negative
1.5159338,13.25035,3.44832,1.42955,73.17,0.60858,7.86176,0.0,0.0,negative
1.51743728,12.19965,3.25076,1.15991,73.5508,0.621,8.89472,0.0,0.1224,negative
1.52474966,11.4482,0.0,1.87895,72.19,0.8073,13.24176,0.0,0.1734,negative
1.51828014,13.23705,3.90181,1.41029,72.33,0.55269,8.31368,0.0,0.051,negative
1.51789288,13.1905,3.90181,1.30115,72.33,0.55269,8.4428,0.0,0.1428,negative
1.51818902,12.6186,2.76135,0.82928,73.8084,0.34776,9.42196,0.0,0.102,negative
1.51846238,13.0974,3.96916,1.1888,72.442,0.60237,8.43204,0.0,0.0,negative
1.52080872,13.78235,2.28092,1.42955,71.9884,0.49059,9.85236,0.0,0.0867,negative
1.51711836,12.89125,3.61894,1.57079,72.9572,0.60858,8.10924,0.0,0.0,negative
1.51613882,13.922,3.52016,1.24979,72.8788,0.3726,7.93708,0.0,0.0714,negative
1.51591102,12.858,3.52016,2.1197,72.6604,0.68931,7.96936,0.0,0.0,negative
1.51841682,13.0176,3.61894,1.0604,72.3412,0.63963,9.13144,0.0,0.0765,negative
1.52408904,13.8289,2.90054,1.16954,71.1484,0.08073,10.78848,0.0,0.0,negative
1.5184396,13.25035,3.75813,1.32041,72.4028,0.57753,8.42128,0.0,0.0,negative
1.51812068,13.4299,3.97814,1.17917,72.4924,0.57753,8.15228,0.0,0.0,negative
1.51632106,13.3368,3.56955,1.57079,72.8676,0.60858,7.89404,0.0,0.0,negative
1.51645774,13.4033,3.48873,1.51943,72.6492,0.67068,8.07696,0.0,0.051,negative
1.52222108,14.4274,0.0,0.99941,72.6716,0.09936,11.52016,0.0,0.0408,negative
1.52739214,11.0226,0.0,0.74903,73.0804,0.0,14.96336,0.0,0.0,negative
1.51812068,13.33015,3.84793,1.24979,72.778,0.52164,8.12,0.0,0.0,negative
1.5166172,12.85135,3.51118,1.43918,73.0076,0.6831,8.2276,0.5985,0.1275,negative
1.51572878,14.85965,3.66833,1.74092,71.8708,0.16146,7.35604,0.0,0.0612,negative
1.51625272,13.35675,3.57853,1.49054,72.722,0.44712,8.20608,0.0,0.0,negative
1.51859906,13.35675,3.43036,1.42955,72.2628,0.50922,8.6042,0.0,0.0,negative
1.5173006,12.3526,2.72094,1.62857,72.8676,0.70173,9.22828,0.0,0.0,negative
1.51805234,12.99765,3.79854,1.07966,73.0692,0.5589,8.37824,0.0,0.0612,negative
1.51591102,13.0176,3.57853,1.5098,73.1196,0.68931,7.9586,0.0,0.0,negative
1.51568322,13.23705,3.48873,1.47128,73.2484,0.37881,8.03392,0.0,0.0,negative
1.53393,12.2994,0.0,0.99941,70.1628,0.11799,16.19,0.0,0.1224,negative
1.5277794,12.63855,0.0,0.66878,72.022,0.0621,14.40384,0.0,0.0,negative
1.51800678,13.7092,3.92875,1.53869,71.8092,0.54027,8.20608,0.0,0.0765,negative
1.51591102,12.8181,3.52016,1.90142,72.862,0.68931,7.96936,0.0,0.0,negative
1.5163894,12.5521,3.47975,1.86932,73.2316,0.62721,8.07696,0.0,0.459,negative
1.51591102,13.23705,3.34056,1.47128,73.0972,0.39123,8.21684,0.0,0.0,negative
1.51654886,12.7516,2.85115,1.43918,73.2708,0.57132,8.78712,0.11025,0.1122,negative
1.5167311,13.2969,3.64139,1.52906,72.5316,0.65205,8.03392,0.0,0.1479,negative
1.52176548,13.19715,3.6818,1.15028,72.75,0.54027,8.51812,0.0,0.0,negative
1.5167311,12.8713,3.56057,1.64141,73.142,0.65205,7.99088,0.0,0.0,negative
1.51595658,13.0176,3.56057,1.53869,73.1084,0.72036,7.9048,0.0,0.0,negative
1.51408862,14.24785,3.08912,2.08118,72.2796,1.09917,7.07628,0.0,0.0,negative
1.53124196,10.73,0.0,2.10044,69.81,0.57753,13.29556,3.15,0.1428,negative
1.52067204,13.5496,2.08785,1.6703,72.1788,0.52785,9.5726,0.2709,0.0867,negative
1.5167311,12.7915,3.52016,1.53869,73.3604,0.65826,7.9048,0.0,0.0,negative
1.5177562,13.52965,3.40791,1.51943,72.0388,0.57753,8.78712,0.0,0.0,negative
1.51609326,13.33015,3.52914,1.33967,72.6716,0.5589,8.3352,0.0,0.0,negative
1.51663998,13.1373,3.44832,1.76018,72.4812,0.60237,8.37824,0.0,0.0867,negative
1.52121876,14.0284,3.75813,0.5789,71.7924,0.11178,9.64792,0.0,0.0,negative
1.51645774,13.03755,3.39893,1.25942,73.0076,0.52164,8.58268,0.0,0.0,negative
1.51693612,12.858,3.57853,1.31078,72.61,0.60858,8.78712,0.0,0.0,negative
1.51796122,13.50305,3.35852,1.62857,71.938,0.57132,8.80864,0.0,0.459,negative
1.5193508,13.6427,3.53812,0.74903,72.6492,0.16146,8.89472,0.1512,0.1224,negative
1.51768786,13.64935,3.65935,1.10855,72.7724,0.11178,8.6042,0.0,0.0,negative
1.5183257,13.33015,3.34056,1.53869,72.1396,0.5589,8.99156,0.0,0.0,negative
1.51654886,13.40995,3.38995,1.27868,72.638,0.52164,8.64724,0.0,0.0,negative
1.51643496,12.15975,3.52016,1.3493,72.89,0.57132,8.52888,0.0,0.0,negative
1.5196925,12.63855,0.0,1.65104,73.7524,0.37881,11.53092,0.0,0.0,negative
1.51914578,12.73165,1.84988,1.85969,72.6884,0.60237,10.08908,0.0,0.0,negative
1.5151365,14.00845,2.68053,3.5,69.8884,1.68291,5.87116,2.1987,0.0,negative
1.51315464,13.0176,0.0,3.04097,70.482,6.21,6.95792,0.0,0.0,negative
1.52119598,12.97105,0.32777,1.5098,73.3884,0.13041,11.27268,0.0,0.1428,negative
1.5215149,11.02925,1.71069,1.56116,73.4388,0.57753,11.617,0.0,0.0,negative
1.5132002,12.99765,0.0,3.0185,70.7004,6.21,6.92564,0.0,0.0,negative
1.51666276,12.858,0.0,1.8308,73.8812,0.96876,10.17516,0.0,0.0,negative
1.523679,13.4432,0.0,1.58042,72.218,0.32292,12.24108,0.0,0.0,negative
1.52042146,13.3767,0.0,1.40066,72.2516,0.32913,12.49932,0.0,0.0,negative
1.51994308,13.2703,0.0,1.76018,73.03,0.47196,11.31572,0.0,0.0,negative
1.52058092,12.85135,1.61191,2.17106,72.1788,0.75762,9.70172,0.2394,0.2601,negative
1.5196925,14.5604,0.0,0.55964,73.478,0.0,11.21888,0.0,0.0,positive
1.51937358,13.789,2.41113,1.1888,72.7612,0.0,9.76628,0.0,0.0,positive
1.51828014,14.46065,2.24051,1.61894,72.3804,0.0,9.26056,0.0,0.0,positive
1.51853072,14.08825,2.19112,1.66067,72.6716,0.0,9.32512,0.0,0.0,positive
1.51299518,14.4008,1.74212,1.53869,74.5476,0.0,7.59276,0.0,0.0,positive
1.51905466,14.0018,2.38868,1.56116,72.3692,0.0,9.5726,0.0,0.0,positive
1.51916856,14.1481,0.0,2.09081,72.7388,0.0,10.88532,0.0,0.0,positive
1.51613882,13.8821,1.77804,1.78907,73.0972,0.0,8.66876,0.75915,0.0,negative
1.51509094,15.15225,0.0,2.25131,73.5004,0.0,8.3352,0.63,0.0,negative
1.52247166,14.85965,2.2001,2.05871,70.258,0.75762,9.75552,0.0,0.0,negative
1.51130946,13.68925,3.20137,1.81154,72.8116,1.75743,5.43,1.1907,0.0,negative
1.51556932,13.8688,0.0,2.54021,73.2316,0.14283,9.4112,0.80955,0.0051,negative
1.52315506,13.4432,3.34056,1.23053,72.3804,0.60237,8.83016,0.0,0.0,negative
1.51545542,14.14145,0.0,2.68145,73.3884,0.08073,9.06688,0.6111,0.0255,negative
1.5165033,14.38085,0.0,1.93994,73.6124,0.0,8.47508,1.5687,0.0,negative
1.51645774,14.93945,0.0,1.86932,73.1084,0.0,8.66876,1.3797,0.0,negative
1.5171867,14.75325,0.0,2.00093,73.0188,0.0,8.52888,1.59075,0.0408,negative
1.5161616,14.95275,0.0,2.27057,73.2988,0.0,8.7118,0.67095,0.0,negative
1.51711836,14.2279,0.0,2.08118,73.3604,0.0,8.61496,1.6695,0.0,negative
1.52365622,15.79065,1.83192,1.31078,70.4316,0.3105,8.61496,1.67895,0.0,negative
1.5151365,14.853,0.0,2.42144,73.7188,0.0,8.389,0.5607,0.0,negative
1.51622994,14.2013,0.0,2.79059,73.4612,0.03726,9.04536,0.40005,0.459,negative
1.51531874,14.38085,0.0,2.65898,73.0972,0.03726,9.07764,0.63945,0.0,negative
1.51609326,15.126,0.0,2.51132,73.0524,0.04968,8.83016,0.5292,0.0,negative
1.51830292,14.3875,0.0,1.82117,72.862,1.40967,6.47372,2.8791,0.0,negative
1.51602492,14.853,0.0,2.37971,73.282,0.0,8.75484,0.63945,0.459,negative
1.51727782,14.70005,0.0,2.34119,73.282,0.0,8.94852,0.6615,0.0,negative
1.51622994,14.14145,0.0,2.88047,72.61,0.08073,9.18524,1.06155,0.0,negative
1.51837126,14.321,3.25974,2.21921,71.2492,1.45935,5.78508,1.62855,0.0,negative
1.51657164,14.7998,0.0,1.9913,73.1084,0.0,8.2814,1.71045,0.0,negative
1.5140487621412464,13.933157941403655,2.0493654304821805,1.58470500487507,74.18560339431733,0.19819476442928255,7.848862320673052,0.0,0.0,positive
1.5150117760487078,14.42363712147588,1.9322919794881073,1.5693112029814413,73.7206558118208,0.0,8.229146820342033,0.0,0.0,positive
1.5155506108286292,13.979154401009685,1.771318978052308,1.74222118387352,73.36858558554935,0.0,8.467428718938844,0.6171047936639615,0.0,positive
1.5157690540055413,14.432212983112766,2.0037059089986835,1.5808101653266404,73.41011934833776,0.0,8.4681246321716,0.0,0.0,positive
1.5181135835021067,14.111802537316418,2.1572851279632963,1.651478067503258,72.81296797314222,0.0,9.194576171667029,0.0,0.0,positive
1.5146845598624872,13.650953314377489,2.2347766451513036,1.612473352588177,73.96715187736427,0.31779794927152333,8.00341056661784,0.0,0.0,positive
1.5159399153967483,14.234533104944829,1.9809740581659634,1.6035795724166686,73.54962625140458,0.0,8.514321728740285,0.0,0.0,positive
1.5150698139413774,13.479954771898635,2.347124368864261,1.6292992531271748,73.83478377484623,0.3902700788016877,8.09705724093963,0.0,0.0,positive
1.5180154709119587,14.457652731350988,2.215550789941849,1.6149211059468156,72.48893267529049,0.0,9.177037115241108,0.0,0.0,positive
1.5132850627584873,14.404082803104558,1.7694569463538874,1.5430917535361854,74.42872797179288,0.0,7.684239682836762,0.0,0.0,positive
1.5146649807415709,14.419709807147644,1.8995879830294846,1.5640452551979698,73.86286593065371,0.0,8.11970697344765,0.0,0.0,positive
1.5151875299977797,14.425627462718186,1.9488661845299449,1.5719799562762657,73.64858450788881,0.0,8.284610331184497,0.0,0.0,positive
1.5173974225490678,14.450653587645263,2.1572666925066555,1.6055362891985374,72.74237535263464,0.0,8.981996649536708,0.0,0.0,positive
1.515696024168404,13.202005641767753,2.5297396802319745,1.6566488688062764,73.61962639152225,0.5080697107145316,8.24927498086926,0.0,0.0,positive
1.515591702648422,14.43020455188082,1.9869810628551665,1.578117156030673,73.48284570031558,0.0,8.41215701966301,0.0,0.0,positive
1.5141856454628209,14.333583435689267,1.8386813097920953,1.5649228475911798,74.14415007311811,0.0,7.965318910092281,0.0,0.0,positive
1.513340111436712,14.24769903062738,1.8427088422083369,1.5537548166103896,74.429086213182,0.06488682957597933,7.676605139317262,0.0,0.0,positive
1.5135784464066684,14.367867365531787,1.789430039597593,1.5515427363699652,74.34993043589068,0.0,7.77529456614095,0.0,0.0,positive
1.5181401066867461,14.110304974050855,2.159436482646508,1.6520625268445903,72.80397923954376,0.0,9.202876663424284,0.0,0.0,positive
1.5139117900055081,13.993954275186622,2.0094216414206203,1.578722772216599,74.23266517172341,0.17242823032316185,7.8155674493414065,0.0,0.0,positive
1.5160391232418071,14.43527140622108,2.0291743717046695,1.5849110584668626,73.29937223788929,0.0,8.553351667427211,0.0,0.0,positive
1.514405812761128,14.168045863649475,1.758238235160422,1.6510419966443886,73.89676792102796,0.0,8.075589093335578,0.3406502845777923,0.0,positive
1.5192750293667667,13.854758104703391,2.404192643559252,1.3038643226849378,72.6400666492306,0.0,9.706430236283117,0.0,0.0,positive
1.5186098007173812,14.075201696725586,2.2209386558113735,1.6456504897763224,72.62595735210893,0.0,9.362473315145772,0.0,0.0,positive
1.520379757147313,13.836017433281746,2.307273167511693,1.4617357867131953,72.08152626381266,0.3706141235192887,9.783943499043511,0.0,0.06549714529265237,positive
1.5185819602359136,14.079795370854052,2.210440954702989,1.6509381301756714,72.64202591262308,0.0,9.349323026269971,0.0,0.0,positive
1.5198835288999664,13.898100422962946,2.3377587586169386,1.4989686063620573,72.18925559837909,0.23182490543908768,9.704798649678223,0.0,0.04096948429761899,positive
1.5204164402258211,13.83142802266944,2.3050195567229843,1.4589833951402373,72.07356250185703,0.38087395014171466,9.789794187186134,0.0,0.0673103232379108,positive
1.5186567208749944,14.237551649420025,2.3125520237668837,1.5908466738661635,72.37495442622536,0.0,9.412277575057153,0.0,0.0,positive
1.520142238943702,13.86573327526115,2.32186500679946,1.4795571672687167,72.13309059566848,0.3041830689889849,9.746061047678017,0.0,0.05375705187905377,positive
1.5186272634963305,14.255003126722016,2.3069166627734523,1.5930442250452177,72.37538039668581,0.0,9.400409733764109,0.0,0.0,positive
1.5189605549024812,14.017327323129539,2.3531961601217826,1.579033035565304,72.4235141991252,0.0,9.528150006615402,0.0,0.0,positive
1.519003681413421,14.01021145705569,2.369457704384937,1.5708421757271458,72.39862307245392,0.0,9.54852056226556,0.0,0.0,positive
1.5194945406151361,13.946766648238016,2.3616561039604864,1.5281550356555273,72.27370352995688,0.1230294465295566,9.642757805827898,0.0,0.02174249987588935,positive
1.5183563299726217,14.415512664698765,2.2550855671168875,1.6132561485589947,72.37929824963413,0.0,9.291255552157343,0.0,0.0,positive
1.518679376532789,14.063721700462631,2.247173335530394,1.6324362106771135,72.58580060404742,0.0,9.395337045338438,0.0,0.0,positive
1.5189117191257158,14.02538521697495,2.3347818453953577,1.5883082352941282,72.45170051605814,0.0,9.50508271258576,0.0,0.0,positive
1.5189925928553227,14.01204106702551,2.365276585291385,1.5729481848433606,72.40502300368438,0.0,9.543282946587933,0.0,0.0,positive
1.51842616156196,13.937161221063112,2.3467160829823364,1.5523776598815988,72.71015535028693,0.12684021756000433,9.258446783539538,0.0,0.0,positive
1.518906270408085,14.026284254344121,2.3327273188175273,1.5893430902230608,72.45484532693654,0.0,9.502509042624832,0.0,0.0,positive
1.5184145430147373,13.920372216313337,2.364005939943375,1.5403442009748225,72.71443962582116,0.14093471901842763,9.251038047062126,0.0,0.0,positive
1.5184098071130785,14.267944944087843,2.2149522590990833,1.6405339365822083,72.53108666026213,0.0,9.293967729349326,0.0,0.0,positive
1.518956236729642,13.937174042729039,2.302191750573715,1.4224470694822111,72.71683443866826,0.0,9.5478390286037,0.0,0.0,positive
1.5184186734090754,14.254768279432982,2.2132046880268397,1.642010473145171,72.54139021758624,0.0,9.296252061975851,0.0,0.0,positive
1.519005831834134,13.919565738836091,2.3151374579738393,1.394681554501543,72.72210663258241,0.0,9.573797522656875,0.0,0.0,positive
1.5181804215596404,13.582062602698004,2.712408058778431,1.297861999445747,72.80077062770067,0.42494829895168196,9.101747078811915,0.0,0.0,positive
1.5189041708662407,13.95565956775433,2.2886011060931324,1.451595823679986,72.71129959140923,0.0,9.520587318594819,0.0,0.0,positive
1.5181465120875706,13.533062820131867,2.7628696105092962,1.2627415811280085,72.81327455945599,0.46608400158170915,9.080124208255047,0.0,0.0,positive
1.5190435273761822,14.003636880805145,2.384482265218456,1.5632743783565066,72.37562536443582,0.0,9.567341570136989,0.0,0.0,positive
1.5190480598447782,14.00288902435185,2.386191305367824,1.5624135432417892,72.37300938072875,0.0,9.569482455215777,0.0,0.0,positive
1.5184300999975218,14.237786630708184,2.210952476344461,1.6439133845342306,72.55466910079961,0.0,9.299196034160794,0.0,0.0,positive
1.5185640126004147,14.076429756218012,2.199810298527904,1.6420313419100865,72.67513916071132,0.0,9.34254562655593,0.0,0.0,positive
1.519531298540712,13.73699132490196,0.0,1.9359628124314592,72.87518054931482,0.2210376512864787,11.086893449262014,0.0,0.0,positive
1.5194351245164284,14.106440798762337,0.0,2.060646232487317,72.70802100722858,0.0190843939050442,10.965444668279149,0.0,0.0,positive
1.5194421948943706,13.8379766845549,0.0,1.9739997108844685,72.84167982394351,0.16674162674580706,11.03737864088354,0.0,0.0,positive
1.518004288380361,14.487977360430147,0.0,2.244987902897908,73.07328932364463,0.0,9.692685754722149,0.4073355809847679,0.0,positive
1.5204073538354321,13.38538504696914,0.0,1.4084302685581447,72.25708529282261,0.3254243874657073,12.481148278703404,0.0,0.0,positive
1.5200995051127273,13.574924918223388,0.0,1.5780062889705357,72.37679468519372,0.2445542062031841,12.08457406013411,0.0,0.0,positive
1.5199122586135665,13.690211014043179,0.0,1.6811495337592692,72.4496069562378,0.19536557162038937,11.843360994729464,0.0,0.0,positive
1.5191729930152058,14.143075855048782,0.0,2.0889176178568905,72.74046670199338,0.0027012935192266513,10.887783422177039,0.0,0.0,positive
1.5198306467084046,13.740458778143996,0.0,1.726104802613532,72.4813423861962,0.17392656902964315,11.738227612231775,0.0,0.0,positive
1.5196693600458073,13.580519717748183,0.0,1.877026599771112,72.92708819570714,0.3051665413665609,11.163614091457259,0.0,0.0,positive
1.5176114674988288,14.602650708199693,0.0,2.297006949577026,73.18614476799361,0.0,9.290295429583896,0.5447690795798495,0.0,positive
1.5199265891876008,13.288989814496693,0.0,1.7672196597938497,73.02379987015102,0.4619111906472333,11.306556071816615,0.0,0.0,positive
1.5192404806051139,14.103819087888194,0.0,2.0511931066969638,72.71083310813991,0.018893150898831007,10.977968939782802,0.0,0.0,positive
1.5195438360882785,14.089451150968076,0.0,2.048344705550569,72.69546857628625,0.026867479542330878,10.998121480441938,0.0,0.0,positive
1.5191469374811943,14.154412104919107,0.0,2.0936733478207192,72.7450120398443,0.0,10.863170738640587,0.00756491965574718,0.0,positive
1.519380426047058,14.017655855454858,0.0,1.974105273064779,72.65641422449781,0.05565605560557738,11.158248246429684,0.0,0.0,positive
1.52031300782436,13.443473093054996,0.0,1.4604000183716694,72.2937724798242,0.30064020467048097,12.359610676444435,0.0,0.0,positive
1.5211325583905988,13.841162657848663,0.0,1.8685689018859128,72.51202603519306,0.1406103085934305,11.47566383741679,0.0,0.0,positive
1.5199895569184099,13.64261909740482,0.0,1.6385703773320408,72.41954890362409,0.21567141492241598,11.942937548338893,0.0,0.0,positive
1.5197523640367974,13.788656761125718,0.0,1.7692261896433945,72.51178321755309,0.15336213794489528,11.637382986184976,0.0,0.0,positive
1.5194423867778128,13.837759214011141,0.0,1.9739177989616126,72.8417519672818,0.16685855246673717,11.037485270323087,0.0,0.0,positive
1.5197905148343744,13.44320928883188,0.0,1.8253075896177766,72.97263934277986,0.37899318756311945,11.23093968795484,0.0,0.0,positive
1.5196554094811732,14.07201425242794,0.0,2.0357193421715083,72.68258570387923,0.03485545411543432,11.031658506353095,0.0,0.0,positive
1.5229745237203756,13.553296870706012,0.0,1.6601367567593155,72.29934267309362,0.27248379417167623,12.029326654236938,0.0,0.0,positive
1.5176892596529856,14.57994140946644,0.0,2.286705374766205,73.16379547716672,0.0,9.369982665359908,0.5175524818589536,0.0,positive
1.5198813644232136,13.709232307393222,0.0,1.698167352796775,72.4616204046694,0.18724983622980132,11.803562748077962,0.0,0.0,positive
1.5174577421939164,14.647526620300965,0.0,2.317363921896831,73.23030926741096,0.0,9.132825248303451,0.5985518784837193,0.0,positive
1.5196795523176807,13.833486324639754,0.0,1.8093339460074231,72.54009662608826,0.1342348962552732,11.54358610322976,0.0,0.0,positive
1.520154240315629,13.994056036553674,0.0,1.9792729046625483,72.62498797536836,0.070568700065381,11.181598399605601,0.0,0.0,positive
1.5195184644979913,13.751536750068668,0.0,1.9414414566817086,72.87035527270449,0.2132171239890536,11.079761584381915,0.0,0.0,positive
1.519822203789913,13.745657012100876,0.0,1.7307555171135858,72.48462548132687,0.1717086603671745,11.727351348806307,0.0,0.0,positive
1.5192144549244893,14.119842880715884,0.0,2.0655291458725276,72.72095339834688,0.012056346473918542,10.944442362619343,0.0,0.0,positive
1.5195435034012945,13.917250499035363,0.0,1.8842754095271672,72.59300031518023,0.09849558757128653,11.368326345031011,0.0,0.0,positive
1.5193000252659845,13.999104221348322,0.0,2.034689614609701,72.78822762672974,0.08010941865168149,10.958375118628027,0.0,0.0,positive
1.5182230856835524,14.42410545234317,0.0,2.2160138140369288,73.01042996958567,0.0,9.916813142316782,0.3307864964670841,0.0,positive
1.5194433609846933,13.836655099463142,0.0,1.973501925877761,72.84211824451621,0.16745219327566102,11.038026636125613,0.0,0.0,positive
1.5184975275083135,14.343989643095512,0.0,2.17967103603271,72.93158422706672,0.0,10.197940598337915,0.23476945177585176,0.0,positive
1.518421357099887,14.376988549962311,2.2675256195970017,1.6084050570269641,72.3783579203652,0.0,9.317453797253481,0.0,0.0,positive
1.5184595473228153,14.194023425586938,2.2051483283827578,1.6488173548610556,72.58888995292449,0.0,9.306782909892876,0.0,0.0,positive
1.5200643930251598,13.9820181880874,2.2690246860082386,1.4852999014328068,72.10379131612893,0.346177179133425,9.678154436517582,0.0,0.06117850227454279,positive
1.5183479893156113,14.359815595284086,2.227136715228467,1.63023919363264,72.45924795556732,0.0,9.278040851687592,0.0,0.0,positive
1.518446660388102,14.21317537102251,2.2076883782889416,1.6466712466896636,72.57391399559141,0.0,9.303462690780846,0.0,0.0,positive
1.518670421284981,14.22943509578367,2.315172988684175,1.5898246089885157,72.37475631049968,0.0,9.417797220685765,0.0,0.0,positive
1.5192991134726026,13.83474136955511,2.3995102687806256,1.2180938177628753,72.73526638349351,0.0,9.73183895866685,0.0,0.0,positive
1.5201788487247079,13.95131506578027,2.2708538370806712,1.4767271985966761,72.08604750963565,0.36838364348939623,9.704942152544945,0.0,0.06510296151680763,positive
1.5186485008740604,14.242421436421674,2.3109794916975055,1.591459894511157,72.37507329211708,0.0,9.40896588640946,0.0,0.0,positive
1.5186866356748219,14.351606182429792,2.2470063300427716,1.5884935771640551,72.3173819010946,0.07886747230099926,9.355698038092362,0.0,0.013937931569124188,positive
1.519517409512513,14.128748335691316,2.2602831774358156,1.5262688276523346,72.18858892465133,0.24005253942679733,9.550136006100367,0.0,0.04242352100186169,positive
1.519141764353209,14.229516399804721,2.254279878790935,1.5544045547088547,72.24682433838043,0.16717062202536023,9.46221835853688,0.0,0.02954339250616346,positive
1.5199458175581742,14.013826451720103,2.267129695689209,1.4941811738040256,72.12217380078768,0.3231714057948314,9.650402511974114,0.0,0.057112784366603234,positive
1.5184675646922128,14.410372702572989,2.2435052905632102,1.6049019381399063,72.35134397671916,0.03636376138097796,9.304425700453052,0.0,0.00642642147563299,positive
1.5182876632551534,14.45863186176804,2.2406302314108113,1.618376510099144,72.37923368688348,0.0014596468158877467,9.2623207757713,0.0,2.579575183706713E-4,positive
1.5183694642539245,14.327900570031373,2.2229039464389087,1.6338154933205982,72.48420406553937,0.0,9.283573703541284,0.0,0.0,positive
1.5188551549655562,13.973062230450234,2.2758065870631388,1.4790370749625783,72.70608896959618,0.0,9.494931984676942,0.0,0.0,positive
1.5190005678414424,13.921434672956728,2.313763408864796,1.3976285685149252,72.72154704529015,0.0,9.571042304689756,0.0,0.0,positive
1.518642925678619,14.048412364655231,2.2204088158803774,1.5978523392142472,72.68352799374065,0.0,9.383849394181116,0.0,0.0,positive
1.5191091434229262,13.71586784742913,2.5043994604132735,1.1888,72.77716647385563,0.11255753106208158,9.61727043889431,0.0,0.0,positive
1.519356046171174,13.784150872624936,2.4173143591067423,1.1888,72.76225867888111,0.007463281005077676,9.756399717299399,0.0,0.0,positive
1.5190948935041835,13.607800393762924,2.5309769821580925,1.21379036459811,72.786112512995,0.15367072329472023,9.571817817090363,0.0,0.0,positive
1.519280517978416,13.851095817738162,2.4045790079500855,1.297456008895594,72.64681296732444,0.0,9.709763468141318,0.0,0.0,positive
1.5187636349558888,13.620314583937692,2.6262637979621726,1.1888,72.79802800506624,0.25962334336807985,9.42257700577981,0.0,0.0,positive
1.5193463642451557,13.781473254806063,2.4207292725255343,1.1888,72.76284326600725,0.01158439655036801,9.750943968467,0.0,0.0,positive
1.5185697807152574,13.566702568310872,2.6946381530631784,1.1888,72.8097327726105,0.34213747568996017,9.313340471126978,0.0,0.0,positive
1.519238148353837,13.700943487305132,2.4693713368605126,1.2009444212997005,72.77330658821154,0.07467846248477332,9.671778350500551,0.0,0.0,positive
1.5186311861696546,13.583684761581418,2.672979827042444,1.1888,72.80602515926488,0.31600022033295894,9.347942340166785,0.0,0.0,positive
1.518301455031361,13.492494850639794,2.789279340863234,1.1888,72.82593406769658,0.4563504065716865,9.162139404946043,0.0,0.0,positive
1.519226126689635,13.841351995736785,2.3726405678126983,1.2713508311723198,72.74552501648115,0.0,9.689101699451161,0.0,0.0,positive
1.5185610722294072,13.56429416353226,2.697709724270385,1.1888,72.81025858418009,0.3458442460522273,9.308433254172332,0.0,0.0,positive
1.5198258137051495,13.874040310426144,0.0,1.1983519306418082,73.23965480123317,0.25109241073659166,11.27040086841201,0.0,0.0,positive
1.5187443834873755,14.032007985521606,0.0,0.55964,74.09247091408014,0.0,11.076386313890037,0.0,0.0,positive
1.5185195263834477,13.906693536788621,0.0,0.55964,74.23819999731849,0.0,11.042592242001142,0.0,0.0,positive
1.5197075285532933,14.535996331028565,0.0,0.5769788305130997,73.45271600943941,0.006785485822901354,11.245278102473417,0.0,0.0,positive
1.5211624695546935,14.483081524502193,0.0,0.815296736614063,73.00920587487646,0.0577621332741508,11.394026693969769,0.0,0.02371875037827448,positive
1.519938902683088,13.291806730577115,0.0,1.7401662876311543,73.03746842515972,0.46409214745897637,11.314105619882888,0.0,0.0,positive
1.5200149620897152,14.03677953303874,0.0,0.9316728504889403,72.93549079945822,0.1455936506639853,11.785294286319065,0.0,0.0,positive
1.5195058147771752,14.456359009627722,0.0,0.55964,73.59899002389156,0.0,11.190822830666525,0.0,0.0,positive
1.5214724582080423,14.46677652687689,0.0,0.8692098855289507,72.91034609980092,0.06994306984595709,11.430961804379931,0.0,0.028720584236262572,positive
1.5198357516449965,14.5528651508813,0.0,0.5845542902024876,73.4323150200803,0.0056290421686771815,11.235948416108888,0.0,0.0023114424364133355,positive
1.5197020922101423,14.544823975052555,0.0,0.5707067808577336,73.46186209597403,0.004330942883291557,11.23572900344995,0.0,0.0,positive
1.5188445363716665,14.087823893779369,0.0,0.55964,74.02756218868765,0.0,11.091438423485364,0.0,0.0,positive
1.520350742546524,13.4915324320669,0.0,1.31907144545332,72.3705748202136,0.2972006273834762,12.375102682000724,0.0,0.0,positive
1.51997066550505,14.108709223650541,0.0,0.8805667354274074,73.01001523349245,0.12559346559085702,11.707486013068262,0.0,0.0,positive
1.5185897078359287,13.945806154870576,0.0,0.55964,74.19271564947381,0.0,11.053139905423745,0.0,0.0,positive
1.5214923660207178,14.465729401974444,0.0,0.8726722473210435,72.90399721618189,0.07072534300615976,11.433333817843154,0.0,0.02904180751460667,positive
1.5189299616959475,14.135432029048902,0.0,0.55964,73.97219834215866,0.0,11.104277108585618,0.0,0.0,positive
1.5199319499304949,14.171576357101918,0.0,0.8358995760329008,73.07515019375668,0.10811314149450503,11.639480950673667,0.0,0.0,positive
1.51992030400138,14.190487252477984,0.0,0.8224633664957038,73.09474326809072,0.10285493164815461,11.619024528543624,0.0,0.0,positive
1.5220587100412508,14.435940447410658,0.0,0.9711706574602623,72.72338208114252,0.09297970785922564,11.5008136391287,0.0,0.038180073275527436,positive
1.5196979297852669,14.560114400398444,0.0,0.5605843468930524,73.47626836452109,2.133622286506076E-4,11.219526958255313,0.0,8.761250934928332E-5,positive
1.5197565440307201,14.557031367769339,0.0,0.5707785217750194,73.4575754508962,0.0025165962288603663,11.226510838484613,0.0,0.0010333849248943532,positive
1.5201165639950294,13.871796303066843,0.0,1.0488935956701226,72.76455607508758,0.1914675464827322,11.963761065895998,0.0,0.0,positive
1.5200956912221795,13.905689934023863,0.0,1.024812137946482,72.79967236215836,0.18204335897163634,11.927097417317299,0.0,0.0,positive
1.5220004483934872,14.439004933862567,0.0,0.9610378062801435,72.74196254636672,0.09069032910838634,11.493871770871323,0.0,0.0372399902135886,positive
1.5197102918959842,14.531509159245122,0.0,0.5801669704246571,73.44806697043019,0.00803315233391287,11.250131996397885,0.0,0.0,positive
1.5192464823289076,14.31183120852403,0.0,0.55964,73.76706245424774,0.0,11.151847413627031,0.0,0.0,positive
1.5198829549033095,14.25113547376052,0.0,0.7793727463528997,73.15757927263655,0.08599158023249133,11.553419722884245,0.0,0.0,positive
1.5201746868260504,14.535037603767837,0.0,0.6435018119625416,73.32422378705552,0.018947426237801893,11.276332501780646,0.0,0.007780344107309957,positive
1.5193409100496944,14.364456442811985,0.0,0.55964,73.7058641868051,0.0,11.16603908081847,0.0,0.0,positive
1.5198807118574997,13.591399611459716,0.0,1.4613714366778963,73.14150501971471,0.35449145289161527,11.291616995292026,0.0,0.0,positive
1.520776471730194,14.503384505091477,0.0,0.7481640916986558,73.13230605192305,0.04259443288805157,11.348035100045413,0.0,0.01749046761103567,positive
1.5205407208110815,14.515784695017027,0.0,0.7071623509200157,73.2074903613664,0.03333065190306923,11.319945406656167,0.0,0.013686499573724082,positive
1.5189158438297372,14.127564042712194,0.0,0.55964,73.9813480806555,0.0,11.102155315779028,0.0,0.0,positive
1.5197233081905106,14.401785399561511,0.0,0.7072434202080641,73.42291950934312,0.058026313326834514,11.2307862382036,0.0,0.0,positive
1.5201939087353495,13.746202348505562,0.0,1.1381282224042,72.63443152843391,0.22638918056632942,12.099619411066604,0.0,0.0,positive
1.521760359783339,14.451633280661849,0.0,0.9192816553634536,72.81853020696025,0.0812560994995401,11.465265242121795,0.0,0.03336603119546333,positive
