@relation glass5
@attribute RI real [1.51115, 1.53393]
@attribute Na real [10.73, 17.38]
@attribute Mg real [0.0, 4.49]
@attribute Al real [0.29, 3.5]
@attribute Si real [69.81, 75.41]
@attribute K real [0.0, 6.21]
@attribute Ca real [5.43, 16.19]
@attribute Ba real [0.0, 3.15]
@attribute Fe real [0.0, 0.51]
@attribute Class {positive, negative}
@data
1.51588824,12.87795,3.43036,1.40066,73.282,0.68931,8.04468,0.0,0.1224,negative
1.52212996,14.20795,3.82099,0.46976,71.77,0.11178,9.5726,0.0,0.0,negative
1.52222108,13.21045,3.7716,0.79076,71.9884,0.13041,10.2452,0.0,0.0,negative
1.51755118,13.39,3.65935,1.1888,72.7892,0.57132,8.27064,0.0,0.0561,negative
1.52099096,13.68925,3.592,1.12139,71.9604,0.08694,9.40044,0.0,0.0,negative
1.51793844,13.21045,3.47975,1.41029,72.638,0.58995,8.43204,0.0,0.0,negative
1.51215232,12.991,3.47077,1.12139,72.9796,0.621,8.34596,0.0,0.1581,negative
1.51761952,13.88875,3.60098,1.35893,72.7276,0.47817,7.82948,0.0,0.0,negative
1.51784732,12.67845,3.66833,1.15991,73.1084,0.60858,8.70104,0.0,0.0,negative
1.51720948,13.3767,3.5022,1.15028,72.8508,0.50301,8.43204,0.0,0.0,negative
1.51746006,12.83805,3.5022,1.14065,73.2708,0.5589,8.5504,0.0,0.0,negative
1.52210718,13.72915,3.83895,0.72014,71.7588,0.16767,9.74476,0.0,0.0,negative
1.51823458,12.8713,3.47975,1.29152,72.9516,0.60237,8.43204,0.0,0.0,negative
1.51919134,14.417,3.57853,1.36856,72.078,0.5589,8.30292,0.0,0.0,negative
1.51750562,12.81145,3.56955,1.3493,73.0188,0.621,8.59344,0.0,0.0,negative
1.51782454,12.69175,3.53812,1.33967,72.9516,0.57132,8.75484,0.0,0.0,negative
1.51793844,12.7915,3.5022,1.12139,73.03,0.63963,8.7656,0.0,0.0,negative
1.51837126,13.1373,2.84217,1.27868,72.8508,0.55269,9.06688,0.0,0.0,negative
1.5215149,13.05085,3.65037,0.87101,72.218,0.19251,9.85236,0.0,0.0867,negative
1.51595658,12.7915,3.60996,1.61894,72.9684,0.63963,8.0662,0.0,0.1326,negative
1.51734616,13.0176,3.53812,1.68956,72.7276,0.54027,8.4428,0.0,0.0357,negative
1.5177562,12.85135,3.47975,1.23053,72.9684,0.60858,8.56116,0.09135,0.1122,negative
1.5215149,13.05085,3.65037,0.87101,72.3188,0.19251,9.85236,0.0,0.0867,negative
1.51743728,13.2969,3.60098,1.14065,73.0916,0.57753,8.1738,0.0,0.0,negative
1.51910022,13.88875,3.52914,1.32041,71.8092,0.50922,8.77636,0.11025,0.0,negative
1.51869018,13.1905,3.37199,1.17917,72.722,0.57132,8.83016,0.0,0.0816,negative
1.52171992,13.5097,3.8614,0.88064,71.7924,0.22977,9.54032,0.0,0.0561,negative
1.51755118,12.99765,3.60098,1.35893,72.9908,0.57132,8.39976,0.0,0.0561,negative
1.51784732,13.7745,3.48873,1.27868,72.862,0.60237,8.48584,0.0,0.0,negative
1.5175284,12.57205,3.47077,1.3814,73.3884,0.60237,8.5504,0.0,0.0306,negative
1.5178701,12.73165,3.43036,1.1888,72.9516,0.621,8.75484,0.0,0.153,negative
1.52320062,13.7225,3.72221,0.51149,71.7476,0.08694,10.568,0.0,0.0816,negative
1.5229956,13.3102,3.57853,0.81965,71.9884,0.11799,10.17516,0.0,0.0153,negative
1.52101374,13.6427,4.49,1.09892,71.7812,0.0621,8.75484,0.0,0.0,negative
1.51750562,12.8181,3.55159,1.49054,72.75,0.54027,8.51812,0.0,0.0969,negative
1.52212996,14.20795,3.82099,0.46976,71.77,0.11178,9.5726,0.0,0.0,negative
1.51925968,13.19715,3.33158,1.27868,72.358,0.60237,9.1422,0.0,0.0561,negative
1.51618438,13.52965,3.55159,1.53869,72.9908,0.39123,7.77568,0.0,0.0,negative
1.51761952,12.61195,3.592,1.31078,73.2876,0.57753,8.4966,0.0,0.0,negative
1.51768786,12.55875,3.52016,1.42955,73.1476,0.57132,8.53964,0.0,0.0,negative
1.51796122,12.7383,3.47975,1.3493,72.9572,0.63963,8.67952,0.0,0.0,negative
1.51807512,13.4299,2.86911,1.1888,72.8396,0.55269,9.0346,0.0,0.0,negative
1.5215149,13.11735,3.57853,0.8999,72.2012,0.22977,9.82008,0.0,0.0816,negative
1.5174145,13.2703,3.61894,1.24016,73.0804,0.55269,8.0662,0.0,0.0,negative
1.51748284,12.858,3.56057,1.26905,73.2092,0.54027,8.37824,0.0,0.0867,negative
1.51736894,12.7782,3.61894,1.29152,72.7892,0.58995,8.70104,0.0,0.0,negative
1.51768786,12.65185,3.56057,1.30115,73.0804,0.60858,8.69028,0.0,0.0714,negative
1.51755118,12.7117,3.42138,1.19843,73.198,0.58995,8.63648,0.0,0.0,negative
1.51768786,12.45235,2.71196,1.29152,73.702,0.5589,9.05612,0.0,0.1224,negative
1.51905466,13.6028,3.61894,1.10855,72.638,0.14283,8.75484,0.0,0.0,negative
1.51766508,13.21045,3.69078,1.29152,72.61,0.57132,8.21684,0.0,0.0,negative
1.52226664,14.16805,3.81201,0.78113,71.35,0.0,9.69096,0.0,0.0,negative
1.51777898,13.21045,2.81074,1.29152,72.9796,0.50922,9.02384,0.0,0.459,negative
1.5219705,14.3609,3.84793,0.89027,71.3612,0.14904,9.15296,0.0,0.0,negative
1.5190091,13.48975,3.47975,1.3493,71.9492,0.55269,9.00232,0.0,0.0,negative
1.51848516,13.6427,3.87038,1.26905,71.9604,0.54027,8.32444,0.0,0.1632,negative
1.51663998,12.93115,3.53812,1.61894,72.9572,0.63963,8.03392,0.0,0.1071,negative
1.51689056,12.6718,2.87809,1.70882,73.2092,0.73278,8.53964,0.0,0.0,negative
1.5266404,11.22875,0.0,0.7715,73.2092,0.0,14.6836,0.0,0.0,negative
1.51850794,13.19715,3.62792,1.07003,72.8284,0.57132,8.41052,0.09135,0.0867,negative
1.51812068,12.95775,2.95891,1.42955,72.918,0.60237,8.78712,0.1386,0.0,negative
1.51645774,13.40995,3.55159,1.24979,72.8116,0.6831,8.09848,0.0,0.0,negative
1.51629828,12.7117,3.33158,1.49054,73.282,0.67068,8.23836,0.0,0.0,negative
1.52725546,13.8023,3.15198,0.65915,70.5716,0.08073,11.63852,0.0,0.0,negative
1.51891798,13.46315,3.82997,1.25942,72.5484,0.57132,8.20608,0.0,0.0714,negative
1.51871296,12.93115,3.65935,1.56116,72.5092,0.57753,8.5504,0.0,0.0612,negative
1.52176548,13.7491,1.01025,1.35893,72.19,0.32913,11.14356,0.0,0.0,negative
1.51618438,13.01095,3.5022,1.48091,72.89,0.60237,8.12,0.0,0.0,negative
1.5160477,12.8979,3.43934,1.44881,73.58,0.44091,8.27064,0.0,0.0,negative
1.5170728,13.7225,3.6818,1.81154,72.0612,0.63963,7.88328,0.0,0.0,negative
1.51666276,12.9378,3.60996,1.25942,72.75,0.5589,8.6042,0.0,0.0,negative
1.51689056,13.33015,3.53812,1.60931,72.5428,0.6831,8.10924,0.0,0.0,negative
1.51645774,13.4432,3.60996,1.53869,72.3916,0.65826,8.03392,0.0,0.0,negative
1.5159338,13.25035,3.44832,1.42955,73.17,0.60858,7.86176,0.0,0.0,negative
1.51743728,12.19965,3.25076,1.15991,73.5508,0.621,8.89472,0.0,0.1224,negative
1.52474966,11.4482,0.0,1.87895,72.19,0.8073,13.24176,0.0,0.1734,negative
1.51828014,13.23705,3.90181,1.41029,72.33,0.55269,8.31368,0.0,0.051,negative
1.51789288,13.1905,3.90181,1.30115,72.33,0.55269,8.4428,0.0,0.1428,negative
1.51818902,12.6186,2.76135,0.82928,73.8084,0.34776,9.42196,0.0,0.102,negative
1.51846238,13.0974,3.96916,1.1888,72.442,0.60237,8.43204,0.0,0.0,negative
1.52080872,13.78235,2.28092,1.42955,71.9884,0.49059,9.85236,0.0,0.0867,negative
1.51711836,12.89125,3.61894,1.57079,72.9572,0.60858,8.10924,0.0,0.0,negative
1.51613882,13.922,3.52016,1.24979,72.8788,0.3726,7.93708,0.0,0.0714,negative
1.51591102,12.858,3.52016,2.1197,72.6604,0.68931,7.96936,0.0,0.0,negative
1.51841682,13.0176,3.61894,1.0604,72.3412,0.63963,9.13144,0.0,0.0765,negative
1.52408904,13.8289,2.90054,1.16954,71.1484,0.08073,10.78848,0.0,0.0,negative
1.5184396,13.25035,3.75813,1.32041,72.4028,0.57753,8.42128,0.0,0.0,negative
1.51812068,13.4299,3.97814,1.17917,72.4924,0.57753,8.15228,0.0,0.0,negative
1.51632106,13.3368,3.56955,1.57079,72.8676,0.60858,7.89404,0.0,0.0,negative
1.51645774,13.4033,3.48873,1.51943,72.6492,0.67068,8.07696,0.0,0.051,negative
1.52739214,11.0226,0.0,0.74903,73.0804,0.0,14.96336,0.0,0.0,negative
1.51812068,13.33015,3.84793,1.24979,72.778,0.52164,8.12,0.0,0.0,negative
1.5166172,12.85135,3.51118,1.43918,73.0076,0.6831,8.2276,0.5985,0.1275,negative
1.51572878,14.85965,3.66833,1.74092,71.8708,0.16146,7.35604,0.0,0.0612,negative
1.51625272,13.35675,3.57853,1.49054,72.722,0.44712,8.20608,0.0,0.0,negative
1.51859906,13.35675,3.43036,1.42955,72.2628,0.50922,8.6042,0.0,0.0,negative
1.5173006,12.3526,2.72094,1.62857,72.8676,0.70173,9.22828,0.0,0.0,negative
1.51805234,12.99765,3.79854,1.07966,73.0692,0.5589,8.37824,0.0,0.0612,negative
1.51591102,13.0176,3.57853,1.5098,73.1196,0.68931,7.9586,0.0,0.0,negative
1.51568322,13.23705,3.48873,1.47128,73.2484,0.37881,8.03392,0.0,0.0,negative
1.53393,12.2994,0.0,0.99941,70.1628,0.11799,16.19,0.0,0.1224,negative
1.5277794,12.63855,0.0,0.66878,72.022,0.0621,14.40384,0.0,0.0,negative
1.51800678,13.7092,3.92875,1.53869,71.8092,0.54027,8.20608,0.0,0.0765,negative
1.51591102,12.8181,3.52016,1.90142,72.862,0.68931,7.96936,0.0,0.0,negative
1.5163894,12.5521,3.47975,1.86932,73.2316,0.62721,8.07696,0.0,0.459,negative
1.51591102,13.23705,3.34056,1.47128,73.0972,0.39123,8.21684,0.0,0.0,negative
1.51654886,12.7516,2.85115,1.43918,73.2708,0.57132,8.78712,0.11025,0.1122,negative
1.5167311,13.2969,3.64139,1.52906,72.5316,0.65205,8.03392,0.0,0.1479,negative
1.52176548,13.19715,3.6818,1.15028,72.75,0.54027,8.51812,0.0,0.0,negative
1.5167311,12.8713,3.56057,1.64141,73.142,0.65205,7.99088,0.0,0.0,negative
1.51595658,13.0176,3.56057,1.53869,73.1084,0.72036,7.9048,0.0,0.0,negative
1.51408862,14.24785,3.08912,2.08118,72.2796,1.09917,7.07628,0.0,0.0,negative
1.53124196,10.73,0.0,2.10044,69.81,0.57753,13.29556,3.15,0.1428,negative
1.52067204,13.5496,2.08785,1.6703,72.1788,0.52785,9.5726,0.2709,0.0867,negative
1.5167311,12.7915,3.52016,1.53869,73.3604,0.65826,7.9048,0.0,0.0,negative
1.5177562,13.52965,3.40791,1.51943,72.0388,0.57753,8.78712,0.0,0.0,negative
1.51609326,13.33015,3.52914,1.33967,72.6716,0.5589,8.3352,0.0,0.0,negative
1.51663998,13.1373,3.44832,1.76018,72.4812,0.60237,8.37824,0.0,0.0867,negative
1.52121876,14.0284,3.75813,0.5789,71.7924,0.11178,9.64792,0.0,0.0,negative
1.51645774,13.03755,3.39893,1.25942,73.0076,0.52164,8.58268,0.0,0.0,negative
1.51693612,12.858,3.57853,1.31078,72.61,0.60858,8.78712,0.0,0.0,negative
1.51796122,13.50305,3.35852,1.62857,71.938,0.57132,8.80864,0.0,0.459,negative
1.5193508,13.6427,3.53812,0.74903,72.6492,0.16146,8.89472,0.1512,0.1224,negative
1.51768786,13.64935,3.65935,1.10855,72.7724,0.11178,8.6042,0.0,0.0,negative
1.5183257,13.33015,3.34056,1.53869,72.1396,0.5589,8.99156,0.0,0.0,negative
1.51654886,13.40995,3.38995,1.27868,72.638,0.52164,8.64724,0.0,0.0,negative
1.51643496,12.15975,3.52016,1.3493,72.89,0.57132,8.52888,0.0,0.0,negative
1.5196925,12.63855,0.0,1.65104,73.7524,0.37881,11.53092,0.0,0.0,negative
1.51914578,12.73165,1.84988,1.85969,72.6884,0.60237,10.08908,0.0,0.0,negative
1.5151365,14.00845,2.68053,3.5,69.8884,1.68291,5.87116,2.1987,0.0,negative
1.51315464,13.0176,0.0,3.04097,70.482,6.21,6.95792,0.0,0.0,negative
1.52119598,12.97105,0.32777,1.5098,73.3884,0.13041,11.27268,0.0,0.1428,negative
1.5215149,11.02925,1.71069,1.56116,73.4388,0.57753,11.617,0.0,0.0,negative
1.5132002,12.99765,0.0,3.0185,70.7004,6.21,6.92564,0.0,0.0,negative
1.51666276,12.858,0.0,1.8308,73.8812,0.96876,10.17516,0.0,0.0,negative
1.523679,13.4432,0.0,1.58042,72.218,0.32292,12.24108,0.0,0.0,negative
1.52042146,13.3767,0.0,1.40066,72.2516,0.32913,12.49932,0.0,0.0,negative
1.52058092,12.85135,1.61191,2.17106,72.1788,0.75762,9.70172,0.2394,0.2601,negative
1.5196925,14.5604,0.0,0.55964,73.478,0.0,11.21888,0.0,0.0,positive
1.51937358,13.789,2.41113,1.1888,72.7612,0.0,9.76628,0.0,0.0,positive
1.51828014,14.46065,2.24051,1.61894,72.3804,0.0,9.26056,0.0,0.0,positive
1.51853072,14.08825,2.19112,1.66067,72.6716,0.0,9.32512,0.0,0.0,positive
1.51299518,14.4008,1.74212,1.53869,74.5476,0.0,7.59276,0.0,0.0,positive
1.51905466,14.0018,2.38868,1.56116,72.3692,0.0,9.5726,0.0,0.0,positive
1.51916856,14.1481,0.0,2.09081,72.7388,0.0,10.88532,0.0,0.0,positive
1.51509094,15.15225,0.0,2.25131,73.5004,0.0,8.3352,0.63,0.0,negative
1.52247166,14.85965,2.2001,2.05871,70.258,0.75762,9.75552,0.0,0.0,negative
1.51130946,13.68925,3.20137,1.81154,72.8116,1.75743,5.43,1.1907,0.0,negative
1.51556932,13.8688,0.0,2.54021,73.2316,0.14283,9.4112,0.80955,0.0051,negative
1.52315506,13.4432,3.34056,1.23053,72.3804,0.60237,8.83016,0.0,0.0,negative
1.51545542,14.14145,0.0,2.68145,73.3884,0.08073,9.06688,0.6111,0.0255,negative
1.5165033,14.38085,0.0,1.93994,73.6124,0.0,8.47508,1.5687,0.0,negative
1.51645774,14.93945,0.0,1.86932,73.1084,0.0,8.66876,1.3797,0.0,negative
1.5171867,14.75325,0.0,2.00093,73.0188,0.0,8.52888,1.59075,0.0408,negative
1.5161616,14.95275,0.0,2.27057,73.2988,0.0,8.7118,0.67095,0.0,negative
1.51711836,14.2279,0.0,2.08118,73.3604,0.0,8.61496,1.6695,0.0,negative
1.52365622,15.79065,1.83192,1.31078,70.4316,0.3105,8.61496,1.67895,0.0,negative
1.5151365,14.853,0.0,2.42144,73.7188,0.0,8.389,0.5607,0.0,negative
1.51622994,14.2013,0.0,2.79059,73.4612,0.03726,9.04536,0.40005,0.459,negative
1.51531874,14.38085,0.0,2.65898,73.0972,0.03726,9.07764,0.63945,0.0,negative
1.51609326,15.126,0.0,2.51132,73.0524,0.04968,8.83016,0.5292,0.0,negative
1.51830292,14.3875,0.0,1.82117,72.862,1.40967,6.47372,2.8791,0.0,negative
1.51602492,14.853,0.0,2.37971,73.282,0.0,8.75484,0.63945,0.459,negative
1.51727782,14.70005,0.0,2.34119,73.282,0.0,8.94852,0.6615,0.0,negative
1.51622994,14.14145,0.0,2.88047,72.61,0.08073,9.18524,1.06155,0.0,negative
1.51837126,14.321,3.25974,2.21921,71.2492,1.45935,5.78508,1.62855,0.0,negative
1.51657164,14.7998,0.0,1.9913,73.1084,0.0,8.2814,1.71045,0.0,negative
1.5202953694274843,13.838048937162903,2.3729753198902133,1.5142991007018052,72.05002079307361,0.47750303605207606,9.830281857184275,0.0,0.028232054212059782,positive
1.5198312152888613,14.46722852317085,0.0,0.940348161531345,73.15356572845997,0.25361611529828926,11.281108414105882,0.0,0.0,positive
1.5187562448111094,14.013150230371815,2.3305657768149097,1.5858689589422617,72.64848949121938,0.0,9.436724627245349,0.0,0.0,positive
1.5185021088776203,14.353409160624382,2.2346545774993563,1.6258958577684872,72.52835060652892,0.0,9.281395509430155,0.0,0.0,positive
1.5195603277289573,13.78742965975165,2.3618742328372395,1.3672991459860901,72.31549811560495,0.22519839906624614,9.83586846935837,0.0,0.049651445859446044,positive
1.521176491360116,14.323119766852098,0.0,1.56053970112084,72.71897102466531,0.07590716419304243,11.368230556491055,0.0,0.005799631908723601,positive
1.5130104391962889,14.1515433089518,1.8199149011623175,1.634296977418925,73.2932393950193,0.0,8.68344646360645,0.0,0.0,positive
1.5194231221036347,13.915042731531399,2.3483846752381936,1.556512465565554,72.13983661426496,0.08542313987145359,9.612592118358366,0.0,0.07394252924352587,positive
1.5197538949801002,14.087002918590999,0.0,1.0531240358395624,73.14598737908085,0.22936716928667758,11.283799389301354,0.0,0.0,positive
1.5183755207171794,14.290619520575273,2.2185888108896807,1.6281410423638605,72.64411533065616,0.0,9.287880133270832,0.0,0.0,positive
1.5193487909690342,13.857467361218609,2.3347378709459794,1.2089987491768739,72.6691630424121,0.0,9.747597712938898,0.0,0.0,positive
1.5192488660260572,13.873861016940056,2.3926201280439576,1.361229420902621,72.54167227992988,0.0,9.758430980506919,0.0,0.0,positive
1.5196196964253246,13.7837622275327,0.0,1.934520398319552,72.8592709345621,0.019780754147133324,10.948081345981493,0.0,0.0,positive
1.517924534046816,14.454748966314915,1.949000705464188,1.6036914686534267,74.44188746903326,0.0,8.60325417462492,0.0,0.0,positive
1.5191047608449222,13.953507011982811,2.4042965759126953,1.3594726958271373,72.74835158989283,0.0,9.737708674669653,0.0,0.0,positive
1.519461075242602,14.16773736147485,0.0,0.55964,74.00551004285963,0.0,11.18875977895931,0.0,0.0,positive
1.5189495483690396,14.077260541953947,2.3741967019712,1.6084787956884337,72.52670345218644,0.0,9.496014216112057,0.0,0.0,positive
1.5188578706854943,14.404560984117387,2.278803203736189,1.2274172258257536,72.6552512335545,0.0,9.761073810661378,0.0,0.0,positive
1.5201282711019062,13.7824153966658,2.3989518342575797,1.310924016101031,72.56967107201865,0.4488919488414895,9.806852714469352,0.0,0.014234172959951089,positive
1.5192331176241087,13.397554075269287,0.0,2.0487744098005964,72.815800569525,0.19777539525077517,11.119552474127303,0.0,0.0,positive
1.5158537128956395,13.905136709287921,3.5145536350375224,1.53869,73.36884347349945,0.2724809926349734,7.772637710152992,0.0,0.0,positive
1.5182865725625962,14.220865078611245,2.3278859575967434,1.5835635220442452,72.37049452242535,0.0,9.486660695970958,0.0,0.0,positive
1.5201974561777485,14.450244390702846,0.0,0.8839168650538618,72.6893331042208,0.07448260027290388,11.235443490963473,0.0,0.002439480166479671,positive
1.5185730262092905,14.00417309831321,2.3127282061461933,1.648221761523313,72.50939325729117,0.0,9.490285370564354,0.0,0.0,positive
1.5182902736053894,14.094446518147397,2.281583905934966,1.6062902278927043,72.37539226389683,0.0,9.321677212516796,0.0,0.0,positive
1.5190888981646704,13.840615781732883,2.2117611936956183,1.5689125217052335,72.7141642936693,0.0,9.76022056630228,0.0,0.0,positive
1.5201752959619992,14.237371682675297,0.0,1.8277615216792817,72.69985730374528,0.08624025268962877,10.99502955309474,0.0,0.013639302312644088,positive
1.514456871886615,14.104547612757797,1.766516089159236,1.5479162102417041,74.04636514827068,0.0,7.648067385040913,0.1390587122445952,0.0,positive
1.5207915914636452,13.934263486680793,2.3455169132292633,1.551895787617369,72.28510797611145,0.44831217885106184,9.848403155808155,0.0,0.015085024355100026,positive
1.5202467304388714,14.474175758850112,0.0,0.8070787208950381,72.74102037901207,0.01500300391448274,11.331902291124546,0.0,0.03767439116490177,positive
1.5188459715110256,13.875856883004833,2.1991658612780105,1.5260415565228627,72.732444550613,0.0,9.73259131832039,0.0,0.0,positive
1.5182891336013014,14.285222579272093,2.2151339568001687,1.6399927649088082,72.63737363907998,0.0,9.268624284802181,0.0,0.0,positive
1.518700746475565,13.99842613893111,2.373114369486297,1.5466202792145085,72.70175384547065,0.0,9.47613511015316,0.0,0.0,positive
1.5195482254717279,14.384343671595552,0.0,1.6419378297443683,72.73159290818447,0.06645666101607489,10.913702190431943,0.0,0.010539956051782335,positive
1.513948296992128,14.089868508613447,2.1233540541576907,1.6025379447072337,74.16439713049019,0.0,8.035658069085347,0.0,0.0,positive
1.5200329393429655,13.821667130265023,2.3564962273210144,1.4825870827283314,72.33932122954911,0.22608990798781609,9.682048915922465,0.0,0.05321598721044736,positive
1.5198216672291927,14.508850166672529,0.0,0.9431125101803168,73.24690299864699,0.061731299994400954,11.256195812961437,0.0,0.0,positive
1.5186784730306366,13.814329829846596,2.122663412936046,1.6647921301722106,72.22970186033595,0.07688915488965312,9.349137957435744,0.16320075017777178,0.07515416666337563,positive
1.5183925483788503,14.32359785370611,2.278724670301969,1.35914330622487,72.53342833105063,0.0,9.52779938363563,0.0,0.0,positive
1.519150271023731,13.953556586068704,2.4004462609897326,1.3584010602257846,72.38232598150044,0.0,9.69010914295193,0.0,0.0,positive
1.5193088399897556,13.626170651857045,0.0,1.9349964658702647,72.95620132879115,0.158937543345346,11.067175652102115,0.0,0.0,positive
1.513114098585112,14.17765259945089,1.7636964320439752,1.5870625651805899,74.0505828125462,0.0,7.928601636098936,0.6796116784935959,0.0,positive
1.5189760750924934,14.011548405783047,2.3559797083487255,1.6487757690417262,72.38773502334415,0.0,9.542928168897237,0.0,0.0,positive
1.5194233658142648,13.981203884766567,0.0,0.55964,73.49110416807545,0.0,11.162386402044746,0.0,0.0,positive
1.5186993047523898,14.01681104661424,2.3842998175239227,1.5692646033039268,72.64217430256211,0.0,9.432472138707595,0.0,0.0,positive
1.5184281963366713,14.247580397499334,2.2396816892868556,1.6381991933197402,72.50043801206569,0.0,9.317614236241173,0.0,0.0,positive
1.5190563185588821,13.792876563141261,2.393750100124448,1.4839571003205214,72.58924891699456,0.0,9.677646210988602,0.0,0.0,positive
1.5195388517040844,14.087430887719872,0.0,1.8742702440291716,72.74716041775416,0.21677087110023413,10.964860453021043,0.0,0.0,positive
1.5158627863775502,14.073798646926972,3.1775514318413514,1.53869,74.21011722385734,0.3391643551000611,7.748073347399586,0.0,0.0,positive
1.5190001345464192,14.034704103305863,2.206735271983862,1.6263752622590786,72.60841980751985,0.0,9.424065070302353,0.0,0.0,positive
1.5203250740484315,14.47664412186002,0.0,0.8052327459613051,72.71591012608955,0.09885212523913109,11.310636010951487,0.0,0.019002597290988486,positive
1.519610872868444,14.003152262617968,2.128365979008918,1.6688151642863711,72.19179033504106,0.3746897343885923,9.470568776834627,0.24393318532474806,0.007525977099060666,positive
1.51836332903612,14.269656516660538,2.224347844106981,1.6361594346835522,72.58312276228432,0.0,9.29618330796309,0.0,0.0,positive
1.51930209648103,13.972526536775723,2.3966399648684753,1.5011317066674859,72.61226972719777,0.0,9.598219553690367,0.0,0.0,positive
1.5206882882611346,14.26320558411046,0.0,1.109341466648318,72.67478922788095,0.06663761558539795,11.085268540521042,0.0,0.007766135484176178,positive
1.5152053873967395,14.16850428208603,2.053209895463333,1.6293343352012797,73.45518754660762,0.0,9.188366009839743,0.0,0.0,positive
1.5188286846773784,14.019016536845315,2.3183238924068768,1.587693386447316,72.38039361681572,0.0,9.408231128153115,0.0,0.0,positive
1.5198140248953456,13.961761594271982,0.0,1.6180430694776766,73.41043110301263,0.16329696923738166,11.24317395824791,0.0,0.0,positive
1.5187919160024388,14.053071996898117,2.2781136168438034,1.5679266779976186,72.51123278598786,0.0,9.46131708158184,0.0,0.0,positive
1.5184163392183263,14.134162205124893,2.3326882554564072,1.594128363495758,72.37177248689069,0.0,9.485921688581819,0.0,0.0,positive
1.5192508703023877,13.974691186780229,2.3898389289365154,1.4632997328857817,72.48067168080702,0.0,9.677254152878566,0.0,0.0,positive
1.5220192751786046,14.381237571394104,0.0,1.5193640132633988,72.71718039249173,0.043212679594692785,10.922855274377477,0.0,0.0071143087795577445,positive
1.5152523452605273,14.417159090687353,2.221014426145457,1.5903694802437742,73.83698471706175,0.0,8.090208552470429,0.0,0.0,positive
1.5195631325787822,13.964730589449015,2.3035896468910777,1.462082869416802,72.15121000344699,0.38754981086847023,9.61698617502358,0.0,0.018656484714487036,positive
1.5210266355167399,14.446858179978925,0.0,0.8816571784582519,72.8600164063719,0.0822131059923404,11.470460656025626,0.0,0.03686749467271266,positive
1.518517843391945,14.232901586197546,2.2058367615467134,1.6522148218430777,72.65572754403065,0.0,9.301642280001973,0.0,0.0,positive
1.5190072815430937,13.661811621226846,2.23859178551268,1.620191717408993,72.24121056673177,0.06493334852868013,9.532619972818573,0.1587103119485316,0.04063310028367225,positive
1.5193293138053097,13.879027547992267,2.2898523347385598,1.5885309932638547,72.70427806097518,0.0,9.33300025898976,0.0,0.0,positive
1.5188604535530004,13.87123097645528,0.0,0.9051102281413024,73.3774888342743,0.0,10.886857105353304,0.0,0.0,positive
1.5154767973726202,14.455243655320643,1.8877547737517684,1.5615903212988507,74.20034569847586,0.0,7.601660978239048,0.0,0.0,positive
1.5193637682730523,13.798574400785903,2.391715873917051,1.4178617371973732,72.64251118950256,0.0,9.626026901399852,0.0,0.0,positive
1.519468791072938,14.392121785807323,0.0,0.675602241339937,73.25423496950489,0.0,11.116159496240282,0.0,0.0,positive
1.5193038756167427,13.837328976157155,2.219602477601669,1.2588679488202212,72.70898323168801,0.0,9.40569684885063,0.0,0.0,positive
1.5205323247981943,14.288328812609667,2.185946096064376,1.6692776200117134,72.23497398588863,0.4700094866339358,9.348213085936745,0.03827068666177072,0.044354973103468615,positive
1.5191812395483961,13.871781319427505,2.214610803253531,1.3760677726326123,72.69115056011195,0.0,9.704107706040654,0.0,0.0,positive
1.5196854368256072,13.531605655574475,0.0,2.046571846132113,72.75974028262956,0.15136255275408755,11.118623581183439,0.0,0.0,positive
1.514287322930186,14.130118185814082,2.158940689596996,1.634496419075968,72.94936135501086,0.0,8.25103057366999,0.0,0.0,positive
1.5188476326718299,14.072200041557213,2.291688902519095,1.639702584896835,72.45492503241266,0.0,9.468544445940031,0.0,0.0,positive
1.519756118812991,13.951252721980856,0.0,0.6834058466907402,73.03318182168685,0.2817504163940423,11.25143752486932,0.0,0.0,positive
1.5184922644370356,14.27830444235129,2.200218916787568,1.657043450108501,72.49552797192823,0.0,9.280775682577833,0.0,0.0,positive
1.5191862976251547,14.300298546350298,2.291703831290631,1.2469076629082547,72.74630908475699,0.0,9.494255193158267,0.0,0.0,positive
1.5190722074889247,13.999806326413013,2.4047871524415227,1.346759606661791,72.74472079666224,0.0,9.477462690212114,0.0,0.0,positive
1.5193222864228593,13.704956286771454,0.0,1.787840998464256,72.83639926223539,0.07351548276038126,11.1287064855431,0.0,0.0,positive
1.5184660508692758,14.375090615851038,2.0804718143851595,1.5536625617618562,72.71764488821351,0.0,8.544200871400017,0.0,0.0,positive
1.5193426274508293,13.929018644340053,2.409298242078229,1.51188236844429,72.49538038978038,0.0,9.749213716510665,0.0,0.0,positive
1.5222083708243632,14.489813607586399,0.0,0.9925099700773197,72.69073698176064,0.00654775226755073,11.262738614097204,0.0,0.005521795971050606,positive
1.5187550617430412,13.797354055582261,2.1667763757685603,1.6697521155251869,72.30422007932427,0.18774309447658125,9.484697132029694,0.05574337808055675,0.07066082917997661,positive
1.5184298815438082,14.191313440837634,2.203351461452698,1.653540727436834,72.47662688203062,0.0,9.280367907035547,0.0,0.0,positive
1.519246037838713,13.819783932951106,2.2115101313833962,1.5011215546780998,72.7474889086251,0.0,9.578878495506936,0.0,0.0,positive
1.518255372025271,13.917346510635289,0.0,1.8846177460879443,74.22771752030044,0.0,10.887701744014647,0.0,0.0,positive
1.5136548720908551,14.348226575879076,2.156561519184014,1.6226922760088123,74.30023728935046,0.0,8.87171701593699,0.0,0.0,positive
1.5185944316770066,14.073902747044365,2.3345644868771633,1.5867083810168514,72.66006931552647,0.0,9.338670619289237,0.0,0.0,positive
1.520744706769698,14.505073104821268,0.0,0.9586236888592057,72.95737985282726,0.08820298474438068,11.367362124119763,0.0,0.03575359795905544,positive
1.51849800256353,14.44884288992107,2.212366778679234,1.6211467628162108,72.60800460792679,0.0,9.321800133751267,0.0,0.0,positive
1.5185520785087845,14.231799544231166,2.2799210865012633,1.2120529747707933,72.70018791988815,0.0,9.289079985149478,0.0,0.0,positive
1.5193166760125882,13.990969060773349,2.299740800087516,1.2796833988348597,72.68736092726533,0.0,9.613428775810027,0.0,0.0,positive
1.5216174815936963,14.287830590227854,0.0,1.3870334157847255,72.69986447466391,0.023061829850215942,11.005618008622356,0.0,0.02520892187237437,positive
1.5174125656783661,14.120596931800023,1.7446241104146325,1.5413646517882353,73.62180247646283,0.0,8.550707411558243,0.0,0.0,positive
1.5188619456012875,14.071013661021953,2.349288177248473,1.6492501632050514,72.45786050988671,0.0,9.570329557453467,0.0,0.0,positive
1.5198539611385717,13.568188898776265,0.0,0.7041519890730614,73.45194861425034,0.029389110120674314,11.244599562372208,0.0,0.0,positive
1.5186867056660334,13.873888425305342,2.3842899501445256,1.448734054182232,72.70950952393018,0.0,9.758437003197386,0.0,0.0,positive
1.519200142517992,13.869137266823042,2.276952341144894,1.3431049716555057,72.72189580813725,0.0,9.417962335518336,0.0,0.0,positive
1.5192896130878626,13.964623594397287,2.405608352863772,1.2930739147015187,72.42971415724897,0.0,9.58611613381607,0.0,0.0,positive
1.5199400532541893,13.831849457775963,0.0,2.0875627572067215,72.74884692356666,0.23112108966293324,11.258657238899227,0.0,0.0,positive
1.517062183353025,14.432465490912879,1.839613888491933,1.6083514289141718,72.56206055225519,0.0,9.150471606428736,0.0,0.0,positive
1.5185340822459081,14.045396864403555,2.2290411517390005,1.648715231605414,72.6298570614189,0.0,9.328741076076923,0.0,0.0,positive
1.5191975227926195,14.176870679161947,0.0,1.0266361705686209,72.8657496848455,0.0,11.164746418446532,0.0,0.0,positive
1.5186630736641633,14.062187140836466,2.368783690899099,1.59289575090559,72.4569787683846,0.0,9.332042752670032,0.0,0.0,positive
1.5184718692895638,14.38120965044883,2.2126303364779933,1.6461939136149077,72.66470859997051,0.0,9.320831314260435,0.0,0.0,positive
1.5188803137098514,14.087901711862951,2.2134360845711347,1.6095643670170359,72.71442140530229,0.0,9.69182155919383,0.0,0.0,positive
1.5220043883480239,14.281239280725549,0.0,1.800644220451364,72.71830485388803,0.06549570610884645,11.344952438232877,0.0,0.024242797568029665,positive
1.5130715098587229,14.188374888460503,1.7456330400852993,1.7293387519446983,73.59945432144151,0.0,8.6044042423628,0.24378427250205587,0.0,positive
1.5186747126352775,14.079929473532433,2.273919068968484,1.5834382561318971,72.47483682479874,0.0,9.408894244459162,0.0,0.0,positive
1.5189968559262654,14.311538889876571,0.0,0.55964,74.32766534847352,0.0,11.135980482426344,0.0,0.0,positive
1.5185472788126553,14.077986273080613,2.40279372167033,1.6442647859547954,72.72207446411413,0.0,9.450294899198767,0.0,0.0,positive
1.5204152055875113,13.867186477746865,2.1658274382923213,1.6609804685988974,72.22275337605362,0.4824657847118334,9.471579929436325,0.10380928468475184,0.06319236683845549,positive
1.5195411139874069,13.78894393161372,2.3116338606264524,1.2646430324223121,72.40403113348815,0.36749075569789297,9.840898680538512,0.0,0.08435431575746302,positive
1.5195200574217878,13.595960500615444,0.0,1.9842000086001947,72.87516552860757,0.11110020519876103,10.948719853339982,0.0,0.0,positive
1.5140762469651337,13.961321807696757,2.8386821885054916,1.53869,73.94613668856466,0.2772651619557919,7.735382059290556,0.0,0.0,positive
1.5188688184711228,14.039932980412853,2.2053989248527266,1.6284070150617425,72.53536557228833,0.0,9.529662704058042,0.0,0.0,positive
1.5195198840269653,14.068997159765102,0.0,0.55964,74.20855800722235,0.0,11.002561964229459,0.0,0.0,positive
1.520329795643068,14.073277708877782,2.1272966895621814,1.6684358956825416,72.67030836370273,0.24251204539744903,9.342716273954087,0.19137793376414433,0.016016879591762945,positive
1.5190852319802817,13.67499271570687,2.1889869959996284,1.6672688331756034,72.19336853780801,0.4984272032242719,9.266983349862961,0.14352319885363787,0.03928475161864494,positive
1.5192670168810256,13.917411148770574,2.402210857436985,1.2673361794704905,72.53131759496334,0.0,9.697585390558563,0.0,0.0,positive
1.5191332685282648,14.086966338298524,0.0,1.544434033436577,73.66378801883545,0.0,10.909768105024837,0.0,0.0,positive
1.5157716784806827,14.277861766281346,1.8337083643448142,1.6587165079313997,72.9967323456017,0.0,8.4163418309996,0.0,0.0,positive
1.5193226803724695,13.903022310837926,2.401043774167515,1.3923271568842894,72.53119422870807,0.0,9.628704492953494,0.0,0.0,positive
1.5198464880724476,13.485464383556643,0.0,1.395148510668076,73.21779649678881,0.17405908989208832,11.303946611426516,0.0,0.0,positive
1.5183566908472448,14.427972832066091,2.2258923540233204,1.6364075994226857,72.48599930001664,0.0,9.297507960525781,0.0,0.0,positive
1.5202990237232474,13.822943377211192,2.167137562532871,1.640558310510152,72.35439999375043,0.5200832136151204,9.524463047287693,0.2025477991569076,0.05947096494362054,positive
1.519734312407287,13.784691580020102,2.339333085786265,1.4007718552922057,72.0522478050853,0.09429810106827714,9.772065398329561,0.0,0.008469422792291568,positive
1.5186794989476051,14.09082226480387,0.0,1.9519685082304465,73.47244210447114,0.0,10.922132264783082,0.0,0.0,positive
1.5149856377398712,14.327005406503613,2.019345412260969,1.6204704883487344,73.76138062657468,0.0,7.900057785547479,0.0,0.0,positive
1.5186742415914845,14.021511454431351,2.2239535159868153,1.5730852040980496,72.39723442738315,0.0,9.47281174651594,0.0,0.0,positive
1.5217800384075308,14.541071087158032,0.0,0.9085759291357647,73.36713040268377,0.045949595903557655,11.509130301598619,0.0,0.002077919415480971,positive
1.5185579121151493,14.075311908434486,2.2963350706352763,1.6115751693562244,72.55780826337633,0.0,9.37005515706628,0.0,0.0,positive
1.5191823988938051,13.906357266051794,2.2996564860822577,1.5662495696622434,72.71752401747811,0.0,9.45524442096318,0.0,0.0,positive
1.5186346559634079,13.943049017210702,2.215297877709673,1.3841608676881216,72.75893342633832,0.0,9.726351830385491,0.0,0.0,positive
1.5182157093063224,14.021734782286872,0.0,1.6663533521719196,72.80274086685779,0.0,10.942978880914499,0.0,0.0,positive
1.5148001420724666,14.380142870466559,3.133487690619205,1.53869,73.24134424530145,0.29064067145320654,7.750770664177745,0.0,0.0,positive
1.5187580787409771,14.015911929125682,2.2995294151096557,1.5859923763098633,72.45637288692873,0.0,9.48289544756368,0.0,0.0,positive
1.5206957396549914,14.434085945166997,0.0,0.9844482103946953,72.73620636551415,0.01800428522239274,11.34331139081216,0.0,0.031165609038680406,positive
1.51969195335813,13.62131414863594,2.131668026168764,1.6635055058914923,72.43503035464992,0.004942655717690497,9.462599911798566,0.0379869768700102,0.06758635740463145,positive
1.5183005955401994,14.390932534613185,2.2806915712665323,1.5925145214536562,72.37987080801933,0.0,9.265656965505272,0.0,0.0,positive
1.5191267757536917,14.03573950544737,2.2591595144711762,1.3797186246799984,72.55181435737096,0.0,9.491324440777687,0.0,0.0,positive
1.5191953448730255,14.25149875691459,0.0,0.6964142596364251,73.16259983048273,0.0,11.115238512151205,0.0,0.0,positive
1.514864854003686,14.206543325570596,1.774384094945878,1.7686015787630922,73.83459230504621,0.0,8.332125469843474,0.15053595742375203,0.0,positive
1.5184616597903697,14.066810076446945,2.337494800541507,1.5840701220747517,72.37845314325288,0.0,9.319929266365305,0.0,0.0,positive
1.519532049947169,14.341862888147354,0.0,1.3138452915732801,73.24710076322832,0.0,11.099285695522308,0.0,0.0,positive
1.5185222058827843,14.23000536265399,2.2360702500131198,1.6277601070152934,72.54066602173651,0.0,9.306325131102827,0.0,0.0,positive
1.5195202253026052,13.619655389144265,2.224578650809158,1.646706447563993,72.35669140759337,0.04897179574245881,9.534790803841945,0.0678420264089164,0.06873191431824374,positive
1.5191127504237711,13.93040883981175,2.407295273944926,1.2683650917048497,72.56472518767926,0.0,9.608613402415132,0.0,0.0,positive
1.5218032175822498,14.262621433194933,0.0,1.792543665921123,72.68145582101194,0.06873868937749944,11.263215221746668,0.0,0.0024473877739288564,positive
1.5148180953267851,14.30562913080586,1.9360340788941217,1.64692778865494,73.61447335299212,0.0,8.702028985345011,0.0,0.0,positive
1.519457269315157,13.867273983303505,2.3406103310000925,1.5222197814519527,72.22953876539674,0.0886397349537793,9.706078726550178,0.0,0.024515129950210112,positive
1.519458216973701,14.50134808652082,0.0,1.711299216939604,72.94465696719573,0.0,10.934329270312185,0.0,0.0,positive
1.518864190241849,14.07637036761845,2.265701817786526,1.6500895653698515,72.47779557066887,0.0,9.34583724798663,0.0,0.0,positive
