@relation glass5
@attribute RI real [1.51115, 1.53393]
@attribute Na real [10.73, 17.38]
@attribute Mg real [0.0, 4.49]
@attribute Al real [0.29, 3.5]
@attribute Si real [69.81, 75.41]
@attribute K real [0.0, 6.21]
@attribute Ca real [5.43, 16.19]
@attribute Ba real [0.0, 3.15]
@attribute Fe real [0.0, 0.51]
@attribute Class {positive, negative}
@data
1.5176423,12.9777,3.53812,1.21127,73.002,0.65205,8.52888,0.0,0.0,negative
1.52212996,14.20795,3.82099,0.46976,71.77,0.11178,9.5726,0.0,0.0,negative
1.52222108,13.21045,3.7716,0.79076,71.9884,0.13041,10.2452,0.0,0.0,negative
1.51755118,13.39,3.65935,1.1888,72.7892,0.57132,8.27064,0.0,0.0561,negative
1.52099096,13.68925,3.592,1.12139,71.9604,0.08694,9.40044,0.0,0.0,negative
1.51755118,13.1506,3.60996,1.05077,73.2372,0.57132,8.23836,0.0,0.0,negative
1.51910022,13.90205,3.73119,1.17917,72.1228,0.0621,8.89472,0.0,0.0,negative
1.51793844,13.21045,3.47975,1.41029,72.638,0.58995,8.43204,0.0,0.0,negative
1.51898632,13.58285,3.34954,1.23053,72.078,0.58995,8.90548,0.0,0.0,negative
1.51215232,12.991,3.47077,1.12139,72.9796,0.621,8.34596,0.0,0.1581,negative
1.51976084,13.80895,3.57853,1.32041,71.7196,0.11799,8.66876,0.68985,0.0,negative
1.51761952,13.88875,3.60098,1.35893,72.7276,0.47817,7.82948,0.0,0.0,negative
1.51784732,12.67845,3.66833,1.15991,73.1084,0.60858,8.70104,0.0,0.0,negative
1.51720948,13.3767,3.5022,1.15028,72.8508,0.50301,8.43204,0.0,0.0,negative
1.51746006,12.83805,3.5022,1.14065,73.2708,0.5589,8.5504,0.0,0.0,negative
1.52210718,13.72915,3.83895,0.72014,71.7588,0.16767,9.74476,0.0,0.0,negative
1.51823458,12.8713,3.47975,1.29152,72.9516,0.60237,8.43204,0.0,0.0,negative
1.51919134,14.417,3.57853,1.36856,72.078,0.5589,8.30292,0.0,0.0,negative
1.51761952,12.79815,3.65935,1.26905,73.0076,0.60237,8.56116,0.0,0.0,negative
1.51782454,12.69175,3.53812,1.33967,72.9516,0.57132,8.75484,0.0,0.0,negative
1.51837126,13.1373,2.84217,1.27868,72.8508,0.55269,9.06688,0.0,0.0,negative
1.5215149,13.05085,3.65037,0.87101,72.218,0.19251,9.85236,0.0,0.0867,negative
1.51595658,12.7915,3.60996,1.61894,72.9684,0.63963,8.0662,0.0,0.1326,negative
1.5177562,12.85135,3.47975,1.23053,72.9684,0.60858,8.56116,0.09135,0.1122,negative
1.51777898,13.21045,3.38995,1.33004,72.7612,0.58995,8.59344,0.0,0.0,negative
1.51755118,13.4831,3.74017,1.16954,72.9908,0.58995,8.03392,0.0,0.0,negative
1.5215149,13.05085,3.65037,0.87101,72.3188,0.19251,9.85236,0.0,0.0867,negative
1.515706,12.71835,3.46179,1.56116,73.198,0.67068,8.08772,0.0,0.1224,negative
1.51720948,12.8713,3.47975,1.33004,73.0412,0.5589,8.43204,0.0,0.0,negative
1.51910022,13.88875,3.52914,1.32041,71.8092,0.50922,8.77636,0.11025,0.0,negative
1.51869018,13.1905,3.37199,1.17917,72.722,0.57132,8.83016,0.0,0.0816,negative
1.51755118,12.99765,3.60098,1.35893,72.9908,0.57132,8.39976,0.0,0.0561,negative
1.51761952,12.81145,3.53812,1.23053,73.2372,0.57753,8.389,0.0,0.0,negative
1.51784732,13.7745,3.48873,1.27868,72.862,0.60237,8.48584,0.0,0.0,negative
1.5175284,12.57205,3.47077,1.3814,73.3884,0.60237,8.5504,0.0,0.0306,negative
1.5178701,12.73165,3.43036,1.1888,72.9516,0.621,8.75484,0.0,0.153,negative
1.52101374,13.6427,4.49,1.09892,71.7812,0.0621,8.75484,0.0,0.0,negative
1.51750562,12.8181,3.55159,1.49054,72.75,0.54027,8.51812,0.0,0.0969,negative
1.52666318,13.9885,3.69976,0.71051,71.5684,0.01863,9.82008,0.0,0.051,negative
1.52171992,13.4831,3.74017,0.8999,72.0108,0.18009,9.60488,0.0,0.0357,negative
1.51618438,13.52965,3.55159,1.53869,72.9908,0.39123,7.77568,0.0,0.0,negative
1.51761952,12.61195,3.592,1.31078,73.2876,0.57753,8.4966,0.0,0.0,negative
1.51768786,12.55875,3.52016,1.42955,73.1476,0.57132,8.53964,0.0,0.0,negative
1.5215149,13.11735,3.57853,0.8999,72.2012,0.22977,9.82008,0.0,0.0816,negative
1.51748284,12.858,3.56057,1.26905,73.2092,0.54027,8.37824,0.0,0.0867,negative
1.51736894,12.7782,3.61894,1.29152,72.7892,0.58995,8.70104,0.0,0.0,negative
1.51768786,12.65185,3.56057,1.30115,73.0804,0.60858,8.69028,0.0,0.0714,negative
1.51755118,12.7117,3.42138,1.19843,73.198,0.58995,8.63648,0.0,0.0,negative
1.51768786,12.45235,2.71196,1.29152,73.702,0.5589,9.05612,0.0,0.1224,negative
1.51905466,13.6028,3.61894,1.10855,72.638,0.14283,8.75484,0.0,0.0,negative
1.51766508,13.21045,3.69078,1.29152,72.61,0.57132,8.21684,0.0,0.0,negative
1.51566044,13.29025,3.44832,1.21127,72.7388,0.5589,8.57192,0.0,0.0,negative
1.52226664,14.16805,3.81201,0.78113,71.35,0.0,9.69096,0.0,0.0,negative
1.51966972,14.7732,3.74915,0.29,72.022,0.03105,9.00232,0.0,0.0,negative
1.5219705,14.3609,3.84793,0.89027,71.3612,0.14904,9.15296,0.0,0.0,negative
1.5190091,13.48975,3.47975,1.3493,71.9492,0.55269,9.00232,0.0,0.0,negative
1.51848516,13.6427,3.87038,1.26905,71.9604,0.54027,8.32444,0.0,0.1632,negative
1.51663998,12.93115,3.53812,1.61894,72.9572,0.63963,8.03392,0.0,0.1071,negative
1.51709558,12.99765,3.47077,1.78907,72.722,0.65826,8.18456,0.0,0.0,negative
1.51689056,12.6718,2.87809,1.70882,73.2092,0.73278,8.53964,0.0,0.0,negative
1.5266404,11.22875,0.0,0.7715,73.2092,0.0,14.6836,0.0,0.0,negative
1.51850794,13.19715,3.62792,1.07003,72.8284,0.57132,8.41052,0.09135,0.0867,negative
1.51645774,13.40995,3.55159,1.24979,72.8116,0.6831,8.09848,0.0,0.0,negative
1.51629828,12.7117,3.33158,1.49054,73.282,0.67068,8.23836,0.0,0.0,negative
1.52725546,13.8023,3.15198,0.65915,70.5716,0.08073,11.63852,0.0,0.0,negative
1.51871296,12.93115,3.65935,1.56116,72.5092,0.57753,8.5504,0.0,0.0612,negative
1.5162755,12.99765,3.57853,1.53869,72.8284,0.60858,8.04468,0.0,0.0,negative
1.51618438,13.01095,3.5022,1.48091,72.89,0.60237,8.12,0.0,0.0,negative
1.5160477,12.8979,3.43934,1.44881,73.58,0.44091,8.27064,0.0,0.0,negative
1.5170728,13.7225,3.6818,1.81154,72.0612,0.63963,7.88328,0.0,0.0,negative
1.52613924,13.70255,0.0,1.35893,71.238,0.19251,13.43544,0.0,0.051,negative
1.51689056,13.33015,3.53812,1.60931,72.5428,0.6831,8.10924,0.0,0.0,negative
1.5159338,13.25035,3.44832,1.42955,73.17,0.60858,7.86176,0.0,0.0,negative
1.51743728,12.19965,3.25076,1.15991,73.5508,0.621,8.89472,0.0,0.1224,negative
1.52474966,11.4482,0.0,1.87895,72.19,0.8073,13.24176,0.0,0.1734,negative
1.51789288,13.1905,3.90181,1.30115,72.33,0.55269,8.4428,0.0,0.1428,negative
1.51839404,12.85135,3.66833,1.24016,72.5708,0.621,8.67952,0.0,0.1785,negative
1.5159338,13.09075,3.592,1.51943,73.0972,0.67068,7.82948,0.0,0.0,negative
1.5159338,13.09075,3.52016,1.55153,72.8676,0.6831,8.04468,0.0,0.459,negative
1.51588824,13.11735,3.40791,1.58042,73.2596,0.06831,8.389,0.0,0.0969,negative
1.51818902,12.6186,2.76135,0.82928,73.8084,0.34776,9.42196,0.0,0.102,negative
1.51846238,13.0974,3.96916,1.1888,72.442,0.60237,8.43204,0.0,0.0,negative
1.52080872,13.78235,2.28092,1.42955,71.9884,0.49059,9.85236,0.0,0.0867,negative
1.51711836,12.89125,3.61894,1.57079,72.9572,0.60858,8.10924,0.0,0.0,negative
1.51591102,12.858,3.52016,2.1197,72.6604,0.68931,7.96936,0.0,0.0,negative
1.51841682,13.0176,3.61894,1.0604,72.3412,0.63963,9.13144,0.0,0.0765,negative
1.52408904,13.8289,2.90054,1.16954,71.1484,0.08073,10.78848,0.0,0.0,negative
1.51652608,13.5629,3.56955,1.47128,72.4476,0.63963,7.9586,0.0,0.0,negative
1.5184396,13.25035,3.75813,1.32041,72.4028,0.57753,8.42128,0.0,0.0,negative
1.51812068,13.4299,3.97814,1.17917,72.4924,0.57753,8.15228,0.0,0.0,negative
1.51645774,13.4033,3.48873,1.51943,72.6492,0.67068,8.07696,0.0,0.051,negative
1.52739214,11.0226,0.0,0.74903,73.0804,0.0,14.96336,0.0,0.0,negative
1.51686778,13.2304,3.53812,1.48091,72.8396,0.5589,8.09848,0.0,0.0,negative
1.5166172,12.85135,3.51118,1.43918,73.0076,0.6831,8.2276,0.5985,0.1275,negative
1.51625272,13.35675,3.57853,1.49054,72.722,0.44712,8.20608,0.0,0.0,negative
1.51859906,13.35675,3.43036,1.42955,72.2628,0.50922,8.6042,0.0,0.0,negative
1.5173006,12.3526,2.72094,1.62857,72.8676,0.70173,9.22828,0.0,0.0,negative
1.5170728,13.4831,3.47975,1.70882,72.5204,0.621,7.99088,0.0,0.0,negative
1.51805234,12.99765,3.79854,1.07966,73.0692,0.5589,8.37824,0.0,0.0612,negative
1.51568322,13.23705,3.48873,1.47128,73.2484,0.37881,8.03392,0.0,0.0,negative
1.51841682,12.93115,3.74017,1.10855,72.2796,0.63963,8.95928,0.0,0.1122,negative
1.53393,12.2994,0.0,0.99941,70.1628,0.11799,16.19,0.0,0.1224,negative
1.5277794,12.63855,0.0,0.66878,72.022,0.0621,14.40384,0.0,0.0,negative
1.52019366,13.98185,1.35149,1.62857,71.7588,0.39123,10.56252,0.0,0.51,negative
1.5163894,12.5521,3.47975,1.86932,73.2316,0.62721,8.07696,0.0,0.459,negative
1.51654886,12.7516,2.85115,1.43918,73.2708,0.57132,8.78712,0.11025,0.1122,negative
1.5167311,13.2969,3.64139,1.52906,72.5316,0.65205,8.03392,0.0,0.1479,negative
1.52176548,13.19715,3.6818,1.15028,72.75,0.54027,8.51812,0.0,0.0,negative
1.5167311,12.8713,3.56057,1.64141,73.142,0.65205,7.99088,0.0,0.0,negative
1.51595658,13.0176,3.56057,1.53869,73.1084,0.72036,7.9048,0.0,0.0,negative
1.51408862,14.24785,3.08912,2.08118,72.2796,1.09917,7.07628,0.0,0.0,negative
1.53124196,10.73,0.0,2.10044,69.81,0.57753,13.29556,3.15,0.1428,negative
1.51846238,13.40995,3.88834,1.33004,72.3804,0.50922,8.2814,0.0,0.0,negative
1.52067204,13.5496,2.08785,1.6703,72.1788,0.52785,9.5726,0.2709,0.0867,negative
1.51659442,12.991,3.17892,1.23053,72.9684,0.57753,8.80864,0.0,0.1224,negative
1.5177562,13.52965,3.40791,1.51943,72.0388,0.57753,8.78712,0.0,0.0,negative
1.51609326,13.33015,3.52914,1.33967,72.6716,0.5589,8.3352,0.0,0.0,negative
1.51663998,13.1373,3.44832,1.76018,72.4812,0.60237,8.37824,0.0,0.0867,negative
1.52121876,14.0284,3.75813,0.5789,71.7924,0.11178,9.64792,0.0,0.0,negative
1.51645774,13.03755,3.39893,1.25942,73.0076,0.52164,8.58268,0.0,0.0,negative
1.52210718,14.188,3.78058,0.90953,71.3612,0.22977,9.1422,0.0,0.1887,negative
1.51693612,12.858,3.57853,1.31078,72.61,0.60858,8.78712,0.0,0.0,negative
1.51777898,13.6427,3.65037,0.64952,73.002,0.0621,8.927,0.0,0.0,negative
1.51796122,13.50305,3.35852,1.62857,71.938,0.57132,8.80864,0.0,0.459,negative
1.51609326,13.42325,3.39893,1.2209,72.6884,0.58995,8.32444,0.0,0.0,negative
1.5193508,13.6427,3.53812,0.74903,72.6492,0.16146,8.89472,0.1512,0.1224,negative
1.51768786,13.64935,3.65935,1.10855,72.7724,0.11178,8.6042,0.0,0.0,negative
1.5183257,13.33015,3.34056,1.53869,72.1396,0.5589,8.99156,0.0,0.0,negative
1.51670832,13.23705,3.56955,1.3814,72.6996,0.5589,8.4428,0.0,0.051,negative
1.52126432,14.321,3.90181,0.82928,71.5012,0.0,9.48652,0.0,0.0,negative
1.51643496,12.15975,3.52016,1.3493,72.89,0.57132,8.52888,0.0,0.0,negative
1.5196925,12.63855,0.0,1.65104,73.7524,0.37881,11.53092,0.0,0.0,negative
1.51914578,12.73165,1.84988,1.85969,72.6884,0.60237,10.08908,0.0,0.0,negative
1.5151365,14.00845,2.68053,3.5,69.8884,1.68291,5.87116,2.1987,0.0,negative
1.51315464,13.0176,0.0,3.04097,70.482,6.21,6.95792,0.0,0.0,negative
1.52119598,12.97105,0.32777,1.5098,73.3884,0.13041,11.27268,0.0,0.1428,negative
1.5215149,11.02925,1.71069,1.56116,73.4388,0.57753,11.617,0.0,0.0,negative
1.523679,13.4432,0.0,1.58042,72.218,0.32292,12.24108,0.0,0.0,negative
1.52042146,13.3767,0.0,1.40066,72.2516,0.32913,12.49932,0.0,0.0,negative
1.52058092,12.85135,1.61191,2.17106,72.1788,0.75762,9.70172,0.2394,0.2601,negative
1.52171992,11.56125,1.88131,1.56116,72.862,0.47196,11.41256,0.0,0.0,negative
1.5196925,14.5604,0.0,0.55964,73.478,0.0,11.21888,0.0,0.0,positive
1.51115,17.38,0.0,0.34136,75.41,0.0,6.64588,0.0,0.0,positive
1.51937358,13.789,2.41113,1.1888,72.7612,0.0,9.76628,0.0,0.0,positive
1.51828014,14.46065,2.24051,1.61894,72.3804,0.0,9.26056,0.0,0.0,positive
1.51853072,14.08825,2.19112,1.66067,72.6716,0.0,9.32512,0.0,0.0,positive
1.51299518,14.4008,1.74212,1.53869,74.5476,0.0,7.59276,0.0,0.0,positive
1.51887242,14.99265,0.78126,1.74092,72.498,0.0,9.9492,0.0,0.0,positive
1.51916856,14.1481,0.0,2.09081,72.7388,0.0,10.88532,0.0,0.0,positive
1.51509094,15.15225,0.0,2.25131,73.5004,0.0,8.3352,0.63,0.0,negative
1.51652608,11.94695,0.0,1.1888,75.1804,2.70135,8.927,0.0,0.0,negative
1.52064926,14.3609,0.0,2.02019,73.422,0.0,8.4428,1.64115,0.0,negative
1.51556932,13.8688,0.0,2.54021,73.2316,0.14283,9.4112,0.80955,0.0051,negative
1.5163894,14.36755,0.0,2.73923,72.8508,0.0,9.45424,0.53865,0.0,negative
1.51545542,14.14145,0.0,2.68145,73.3884,0.08073,9.06688,0.6111,0.0255,negative
1.5165033,14.38085,0.0,1.93994,73.6124,0.0,8.47508,1.5687,0.0,negative
1.51682222,14.5604,0.0,1.97846,73.2876,0.0,8.51812,1.5687,0.0357,negative
1.51645774,14.93945,0.0,1.86932,73.1084,0.0,8.66876,1.3797,0.0,negative
1.5151365,14.853,0.0,2.42144,73.7188,0.0,8.389,0.5607,0.0,negative
1.516845,14.9195,0.0,1.9913,73.58,0.0,8.39976,1.59075,0.0,negative
1.51622994,14.2013,0.0,2.79059,73.4612,0.03726,9.04536,0.40005,0.459,negative
1.51531874,14.38085,0.0,2.65898,73.0972,0.03726,9.07764,0.63945,0.0,negative
1.51609326,15.126,0.0,2.51132,73.0524,0.04968,8.83016,0.5292,0.0,negative
1.51727782,14.70005,0.0,2.34119,73.282,0.0,8.94852,0.6615,0.0,negative
1.51837126,14.321,3.25974,2.21921,71.2492,1.45935,5.78508,1.62855,0.0,negative
1.51657164,14.7998,0.0,1.9913,73.1084,0.0,8.2814,1.71045,0.0,negative
1.51732338,14.95275,0.0,1.7987,72.9908,0.0,8.61496,1.5498,0.0,negative
1.5190933962576831,14.8695673386533,0.503085498171053,2.0341910417843274,72.73237642650959,0.0,10.381973295319225,0.0,0.0,positive
1.5133949586503737,14.355297184058555,1.8845042308690871,1.627025920630477,73.53949797376983,0.0,7.617024071725504,0.0,0.0,positive
1.520358001642263,13.817594346187368,2.1257564382687733,1.6228651181579774,72.24939562891839,0.23804146796289463,9.392703659066763,0.06145581625161981,0.012190524480533387,positive
1.5191867206232483,14.051984080928388,2.2060885125236074,1.5432443675104235,72.39842127998631,0.15832857142719528,9.74721393544065,0.0,0.041185040647820546,positive
1.5120806190523808,16.53728795563444,0.0,1.4428976735252634,74.53342513533316,0.0,6.906603747191102,0.36078905295791247,0.0,positive
1.5194968802887379,14.293963334672059,0.0,1.6390014856665334,73.30351996549413,0.0,11.001790045638236,0.0,0.0,positive
1.5217090269040174,14.537356076047688,0.0,0.8536859292390007,73.06424503726514,0.06255663200716752,11.500625171640326,0.0,0.03082971815489578,positive
1.5199409476293917,13.786513326747716,2.406531903664545,1.3338084955769673,72.62663752931641,0.07013058816639674,9.775742883365936,0.0,0.07261816171610827,positive
1.5179612856529878,14.887270751182617,0.4601217306878435,2.4807671419415156,72.66945677032872,0.0,9.939481380145393,0.364029038068155,0.0,positive
1.5160033018472752,14.226971758583323,2.092120047414969,1.5502029806543989,74.32354070445454,0.0,7.650361785634475,0.0,0.0,positive
1.5205509589634034,14.086046994123445,2.2790224051373102,1.4753243681658963,72.35882281652636,0.47246664476527395,9.453405249045028,0.0,0.0063665363084172855,positive
1.5188668382177541,13.841520415018014,2.2930004299408786,1.3964135069655845,72.70783517948063,0.0,9.564350697805583,0.0,0.0,positive
1.513513754402143,17.26556241884911,0.0,1.0239486461929985,75.33330116940152,0.0,8.238658178970221,1.5011913853870018,0.0,positive
1.518285599758327,13.97143427989013,0.0,2.016121989645471,73.08698930410237,0.0,10.893767475866944,0.0,0.0,positive
1.5202663377990624,14.467883091474901,0.0,0.9849958537938044,72.83997011393167,0.08470259146621602,11.334344809177487,0.0,0.016389075585820735,positive
1.5200461254816242,13.788505036439998,2.306450015279435,1.3191346088038354,72.23535458783473,0.06539511081763166,9.809263693174733,0.0,0.03914479866768353,positive
1.5187971298182588,14.499651389711083,1.5466103657085064,1.6824726425188536,72.44460317323896,0.0,9.534140123998615,0.0,0.0,positive
1.5134574490255026,14.330652650171459,2.150809555968375,1.6267318946139122,74.52754468290125,0.0,9.251946990140368,0.0,0.0,positive
1.519362827018007,14.397832512703351,2.327059531161611,1.512335117647646,72.72883362913805,0.0,9.497622289711389,0.0,0.0,positive
1.5183164664139677,14.250440156365178,2.1973993388378203,1.6496355433850336,72.54957229617547,0.0,9.265521287667498,0.0,0.0,positive
1.5121998628143904,14.461778484581792,0.32501312750263867,1.247937949559927,74.8093619915436,0.0,7.304382637973452,0.0,0.0,positive
1.518700906067118,13.973476631930716,0.0,1.9138337587497518,73.85061963879568,0.0,10.972289162515409,0.0,0.0,positive
1.5217867651921548,14.543194166075693,0.0,0.9897392568908969,72.873503534017,0.005462521448920175,11.483148092863562,0.0,0.013423830239605777,positive
1.5207693246464635,13.784906587513301,2.39484133421717,1.3179378085553952,72.49477823814338,0.3274142522432781,9.786970930849131,0.0,0.03124420584258672,positive
1.5168907471886026,14.819367293649542,0.6102187927216017,2.187283663317578,72.66820680086397,0.0,9.700730742635306,0.22015407834136386,0.0,positive
1.5139067500645849,14.455034912309973,2.1435955752488423,1.580817404386591,73.72701433151423,0.0,8.158336199271584,0.0,0.0,positive
1.5190446546358434,13.826275099910914,2.2037159916616815,1.648703346423247,72.20541977715148,0.09122013042823164,9.260702506477863,0.09056095579645301,0.006544053252205932,positive
1.5190121144228088,13.885005855208759,2.1992271112520068,1.497599337089415,72.75341276247846,0.0,9.405930302962295,0.0,0.0,positive
1.5117178606682449,16.186686450376964,0.12263026879438926,0.605766257779649,74.62191947850312,0.0,7.446223608409803,0.0,0.0,positive
1.521147516545826,14.254034954398493,0.0,1.093365111177807,72.72865304083078,0.03727394731191895,10.902949645616006,0.0,0.024104960524170865,positive
1.5186254029121473,14.529757632994661,0.0,0.55964,73.51291061617619,0.0,11.148902212498742,0.0,0.0,positive
1.5200496350713841,13.785583302545477,2.3454391176904887,1.401253309095151,72.62063546221228,0.061280320339251515,9.846661220470734,0.0,0.07016135574568338,positive
1.518964758951512,14.804476862323597,0.13135375705787222,1.7955408377318196,72.50654611421047,0.0,9.954169701864691,0.0,0.0,positive
1.5156542027560855,13.88361593115006,1.75689321637858,1.5655428519162484,73.57750397405681,0.0,8.451503084971545,0.19611293227231763,0.0,positive
1.5185294223967738,14.144454984925781,2.214657811206015,1.6274640169214523,72.47604743224136,0.0,9.315950215222944,0.0,0.0,positive
1.5202883965396259,13.927375935843212,2.1294664389738984,1.661425600208619,72.44449160672579,0.20650775761250056,9.486996220305876,0.16627694273714175,0.08599356634619783,positive
1.511377560887373,15.353456128775672,0.0,1.1924675589562426,75.17064014113537,0.0,6.888032295647522,0.5366533291576094,0.0,positive
1.5207208607477893,14.333245005974266,0.0,1.1121419203949978,72.72901132668639,0.00964289740914603,11.26777243352845,0.0,0.026217521217522785,positive
1.520208464142151,14.530611281501805,0.0,0.736366021917382,72.7920879880698,0.05250515138423674,11.415476931038516,0.0,0.0020269686450772417,positive
1.5185280313464709,14.10863177310673,2.333416677151887,1.6045369140750012,72.74482103916151,0.0,9.547549574112514,0.0,0.0,positive
1.5173960460993097,14.958271366296099,0.41308142674833814,2.4862287930820606,72.61680914758081,0.0,9.485467180596645,0.5018574077450427,0.0,positive
1.514347590052559,14.08922719094627,1.7490596219397987,1.624489202561145,74.47826868472181,0.0,8.556024395783586,0.6900822718411161,0.0,positive
1.5183083962813315,14.399010049549835,2.197023487760317,1.621497759669812,72.55553397633261,0.0,9.282727903535239,0.0,0.0,positive
1.5183575072507993,14.395511670824893,2.1967996336799143,1.6601087962502168,72.58151272169225,0.0,9.284965879658314,0.0,0.0,positive
1.514444290198639,14.909027136652393,0.0,0.5437667616620864,74.88520529938607,0.0,8.047855367703132,0.2602848737731457,0.0,positive
1.5194683335970305,14.155014608362611,0.0,1.459633478933319,73.44214099840727,0.0,10.982144564231882,0.0,0.0,positive
1.5196970647988342,13.561655731427654,0.0,1.0862577377330376,73.42609187978468,0.21598308065788543,11.26623840176763,0.0,0.0,positive
1.5193153257644378,14.016954754081087,2.2670386842962165,1.2023474942501944,72.7200467877562,0.0,9.495266158959144,0.0,0.0,positive
1.51865009736739,14.570620609217285,2.074429659933885,1.7144772012886165,72.39605043539665,0.0,9.786255572672717,0.0,0.0,positive
1.5141916942315379,13.92309838822651,1.7656606714937806,1.7367583049167317,73.40707445685334,0.0,8.498615891113555,0.406353783678219,0.0,positive
1.5197864233452858,13.872038404753368,2.155255915823151,1.6674778669692958,72.1798304705293,0.16075879706831764,9.474618892664937,0.1261716570129603,0.07552848442596936,positive
1.5188690129304945,13.76092886698125,2.1037730513132336,1.67004615071744,72.3217902034542,0.31022764204039793,9.547964535637389,0.02351542325415841,0.017069761965585475,positive
1.5131945636985307,16.553076170446253,0.0,1.7894354236689072,74.7196530847971,0.0,8.325041026417221,0.021600329289885086,0.0,positive
1.5218011653761214,14.328370236625162,0.0,1.6761607659786888,72.68398732651049,0.08621688323691222,10.941050703414387,0.0,0.00916291500225848,positive
1.5190728833025477,14.257835365605747,0.0,0.55964,74.13149932192444,0.0,11.134907226095002,0.0,0.0,positive
1.5187471433696977,13.996335526096665,2.2476387703915925,1.4635743413551519,72.71216191036103,0.0,9.482702972092198,0.0,0.0,positive
1.5189219943208923,14.512688107881965,1.043117614293058,1.6286340313172127,72.20563813946812,0.2060826616224086,9.956335091170141,0.0,0.45958205653297274,positive
1.515447532553086,14.405620102022205,2.181503532241307,1.5507935803197228,73.79775426788022,0.0,8.084301151110205,0.0,0.0,positive
1.519253445559507,14.059478028823916,2.098230876928112,1.6461769712687284,72.18696227112768,0.290494704675022,9.288141377557213,0.1606161797652695,0.028872463072608927,positive
1.5183524235814758,14.319924308780225,2.212328839164841,1.6285248105310848,72.3897610313292,0.0,9.292523968567615,0.0,0.0,positive
1.514628655620768,14.983450486528954,0.0,1.8299348627218284,74.57359546404282,0.0,6.9616521317098785,0.03373391114845801,0.0,positive
1.5183509174053584,14.062645069684935,0.0,1.5982014519577046,73.48406215532876,0.0,10.948579821919187,0.0,0.0,positive
1.519281546521861,13.755276222100607,0.0,0.55964,73.59215494715409,0.0,11.175942706833885,0.0,0.0,positive
1.5192312044093095,14.025296289605095,2.2455045953984545,1.4589232659492324,72.6904189750019,0.0,9.387867338513997,0.0,0.0,positive
1.5191252340945942,14.399607160571346,0.20919018886623963,2.0090577474882654,72.69724432289608,0.0,10.748483137690064,0.0,0.0,positive
1.5142162662310261,14.246242716860088,1.7493979774597808,1.552337477766504,73.65376519906822,0.0,7.855892481348375,0.45698212383984343,0.0,positive
1.5203774359971325,14.44920240856365,2.2367894552247494,1.6544001651421452,72.35560022153379,0.460219384220881,9.443372719602879,0.12696086351611086,0.04622528895092534,positive
1.5184553345263962,14.293530680620702,2.2329593069220373,1.6341593692465917,72.62534045144349,0.0,9.310466557775499,0.0,0.0,positive
1.5137433702123144,15.063122743143925,0.0,1.1166423706800241,74.94871716650835,0.0,6.9709971184289605,0.500026139809641,0.0,positive
1.519873116389623,13.891597653646135,0.0,2.037832568423345,73.02045694154508,0.002518830609006406,10.983482942185832,0.0,0.0,positive
1.5199318057831348,14.385942051653092,0.0,1.3966834067484606,73.45391061572056,0.1301908322215732,11.267382912786728,0.0,0.0,positive
1.5190295708425552,13.858373495999695,2.3944676746427898,1.331640915773434,72.69603712166018,0.0,9.693200040924838,0.0,0.0,positive
1.5183757934202116,14.923777321103186,2.023826052480752,1.6900270691818795,72.45811935351101,0.0,9.646810721553642,0.0,0.0,positive
1.5135984034573573,14.089432615527848,3.515570414380746,1.53869,73.16139034045332,0.10989782339133632,7.618601543020196,0.0,0.0,positive
1.5183494577711683,14.128011715974797,2.2209089334131757,1.6515645884657189,72.45955410454556,0.0,9.323466010970927,0.0,0.0,positive
1.5200346066138133,13.835800231193124,2.177302517769299,1.6613624962971247,72.51355383931431,0.2861275449063154,9.560972656051081,0.08022919597420806,0.04417758033444022,positive
1.5145630244402428,15.311910264477266,0.0,1.9685219936018057,74.27779262108494,0.0,6.757763769700857,0.5192197618545368,0.0,positive
1.5197992857395823,13.717148464422259,0.0,1.9970822636686592,72.8704252942213,0.19844051759391915,11.259440937746072,0.0,0.0,positive
1.5189826009615097,13.88488942096849,0.0,0.55964,74.05969676611228,0.0,11.170140669533012,0.0,0.0,positive
1.520106004093437,13.787774897820665,2.3998140867152626,1.3343677910655176,72.12036448639806,0.3369714789984634,9.842441188293225,0.0,0.055985898572497826,positive
1.5187310175449003,14.833025581721863,2.0433797468292405,1.6237099418102479,72.41274449161436,0.0,9.694504473005495,0.0,0.0,positive
1.5167181641364735,14.402525464416957,1.908957239841842,1.5534495543287445,73.31923027830194,0.0,8.417292035207442,0.0,0.0,positive
1.5184066414259065,14.08842749527868,2.1952520409949177,1.6329263228471247,72.42575915878426,0.0,9.298238690022284,0.0,0.0,positive
1.518718101145709,13.857733697059198,2.2021425942467183,1.4352226516865183,72.00287982022962,0.2694401724238233,9.59088918767903,0.0,0.013434480647310093,positive
1.5117810841251722,14.643881211605354,0.23054986434051422,0.7267670563666726,75.3604022372065,0.0,7.419760276487435,0.0,0.0,positive
1.5186486938734975,13.854159088043943,0.0,0.595976771282791,72.85172500287514,0.0,10.969036697382895,0.0,0.0,positive
1.5210580502963627,14.529048184150465,0.0,0.8874863224747669,73.19118361014318,0.06406814222753515,11.28087470265083,0.0,0.0028990498920710866,positive
1.5185827546314432,14.294315497373871,2.2696592088360275,1.3309395296588258,72.41089760424077,0.0,9.5710502704598,0.0,0.0,positive
1.5186169910235714,14.425483144528707,0.2641592353660709,1.8936869601616388,72.81932768291517,0.0,9.949137625317503,0.16883685030623352,0.0,positive
1.5147243130551737,13.608393982013018,1.9857890228297623,1.53869,73.46209421014004,0.008659941550652289,7.710611927099133,0.0,0.0,positive
1.5183222895716404,14.116912757808182,2.2064972732245023,1.6244423698909412,72.50349786720477,0.0,9.282945139143708,0.0,0.0,positive
1.5204306628313136,14.004458061023103,2.214175417699862,1.4383627374190504,72.46665791385658,0.46372803815618613,9.467659704403447,0.0,0.00950697716177641,positive
1.5128083508844363,15.822476567968616,0.0,1.6842810760553966,73.90870282005136,0.0,6.740540657301214,0.4913490778343721,0.0,positive
1.5221242984756764,14.268250339848349,0.0,1.8524583141871573,72.68681303144473,0.005109385230390647,11.486421551931013,0.0,0.026953917888861405,positive
1.5205540598681573,14.529678663083647,0.0,0.9289496993939439,73.08265867049998,0.005603388682377844,11.460775280922533,0.0,0.039192592344617465,positive
1.519805134943614,13.784658550114768,2.3836181960238827,1.2354826595611152,72.40936664433448,0.1482782608466333,9.78280019249231,0.0,0.006446041234800818,positive
1.5185761091013956,14.65202804532165,1.7222403743046906,1.6702450687426218,72.47070459752028,0.0,9.302817017857505,0.0,0.0,positive
1.5158543181382287,14.395941523858113,1.7817961942224827,1.53869,73.66551083314876,0.21633942472923148,7.62228723223003,0.0,0.0,positive
1.5201951446940243,14.278994198634445,2.105369367753159,1.6339982135839335,72.2913855061799,0.004842626063468794,9.265239441741347,0.010185665224416253,0.06996728126912226,positive
1.5201776012303483,13.776415124363032,2.178689132963854,1.6612299884927886,72.64091317597367,0.14019073727974132,9.448770913688,0.17277169507398518,0.06363194040795882,positive
1.513973011208612,15.424023651495535,0.0,1.1494548128398911,73.79374158439352,0.0,8.15402158289265,0.2619175226719171,0.0,positive
1.5183058928628657,14.057197055496033,0.0,0.7176793893237905,72.86786310033891,0.0,10.90404723206747,0.0,0.0,positive
1.5184516796912384,14.354315895971245,0.0,0.55964,73.80879656697431,0.0,11.022816370628545,0.0,0.0,positive
1.5198413843734975,13.60112695070011,2.4079549443480297,1.2054126157189038,72.47599590935738,0.4578672433851219,9.68560126890791,0.056842465215475604,0.04109830168917508,positive
1.5185590559739701,14.888581401758245,2.0479695344922764,1.6291646927667447,72.45366527439515,0.0,9.676670101672435,0.0,0.0,positive
1.5146034983337864,13.696865080671342,3.334206875018072,1.53869,73.02209952339686,0.3855056037111085,7.724436274143264,0.0,0.0,positive
1.520632273325454,14.077548555380266,2.2528347681529013,1.4620757045628907,72.29893956307508,0.07961804105503079,9.405329838520805,0.0,0.0432423060014115,positive
1.5187848245861721,13.819137530362648,2.3409643628103822,1.3257714531668015,72.69627775962451,0.0,9.579711271165802,0.0,0.0,positive
1.511543613706189,15.698301405856181,1.137780685042005,1.5103545604488224,75.30815398954071,0.0,7.202959782191947,0.0,0.0,positive
1.5196918902018828,14.5185795297092,0.0,1.2914128923739667,73.14761551858535,0.0,11.089715754991516,0.0,0.0,positive
1.5198119487682213,14.338195445451287,0.0,0.9257894451379229,73.1826892478184,0.341705194298388,11.312831014248708,0.0,0.0,positive
1.5199613181426157,13.788349618135655,2.311983207162237,1.3461814617436256,72.30303802577694,0.46124772198955966,9.79392269271814,0.0,0.026920270568741266,positive
1.5191400575048224,14.502058056779374,0.6063518461902738,1.863146417423384,72.7196874741351,0.0,10.707314995840589,0.0,0.0,positive
1.5145648434593124,14.417343931381989,1.8011449543256552,1.6086670568708954,72.87144281720171,0.0,8.79020027903821,0.0,0.0,positive
1.518288734435059,14.102360404299665,2.2387928882495336,1.64244780566387,72.40518461119912,0.0,9.273118902767234,0.0,0.0,positive
1.5200146230829181,13.938601135684666,2.2646253364521223,1.479939406118622,72.04714111184025,0.33176601455636157,9.527159155619005,0.0,0.022517444099036013,positive
1.51118322739041,15.677730400972118,0.0,1.2240912067731873,73.9795583948293,0.0,6.654508393642701,0.6129552356078628,0.0,positive
1.5196557359911862,14.041671003776383,0.0,1.9359798670208788,72.80734898668082,0.06952182802587874,11.278711023353814,0.0,0.0,positive
1.5189340236496995,14.052621778891746,0.0,0.55964,74.16855842805951,0.0,11.129908060482201,0.0,0.0,positive
1.519001795571188,14.066621288407683,2.2624513166140696,1.4480875284249148,72.69163758106795,0.0,9.655064494848645,0.0,0.0,positive
1.5174162043652464,14.631392201280974,0.4032724924645309,2.4894045691606657,72.53344358104073,0.0,9.74815721392111,0.5077530972885346,0.0,positive
1.513083826859458,13.862408628954144,3.20132615375792,1.53869,73.83235371360283,0.02781715798875543,7.721984258560862,0.0,0.0,positive
1.5203428299273374,14.153169109167179,2.096859694848372,1.666588491558435,72.19003735119823,0.010865803182811662,9.425879228387926,0.1227478571336899,0.01688265095576708,positive
1.5190393319400974,13.969361206593224,2.2375233323807677,1.3839490549371156,72.71957952158822,0.0,9.495383328011382,0.0,0.0,positive
1.5117160810449854,16.324272401834804,0.0,1.3723362293270087,73.52734630074836,0.0,7.117279427740716,0.35963282464492224,0.0,positive
1.519374646252358,14.23220218846184,0.0,0.8250093462766253,72.91734924142162,0.0,11.205057283519963,0.0,0.0,positive
1.5198088144424353,13.849909797171007,0.0,1.0557638554418167,73.10523864633393,0.13671559528258603,11.244007451541096,0.0,0.0,positive
1.5184625051992529,14.088517606038158,2.292388048802883,1.4386302117662075,72.62076076482984,0.0,9.378320482941332,0.0,0.0,positive
1.5191425744561977,14.398056122891369,0.3270246040011361,1.9639276542485367,72.5948877088876,0.0,10.384577385919563,0.0,0.0,positive
1.5152275206634083,13.982102247481398,2.5037571557399696,1.53869,73.01370675957938,0.3308767760234729,7.729526494727876,0.0,0.0,positive
1.5198298106390853,13.958303185666052,2.1060982723617525,1.6660566986682435,72.34164972548285,0.0354765625959411,9.515355923003899,0.02646328298075877,0.06515444422484715,positive
1.5186441530636452,13.924462381090239,2.211069787812078,1.458648699908497,72.69326866995041,0.0,9.646873022803648,0.0,0.0,positive
1.512091232273151,15.819758091796285,0.0,1.213107971361694,75.24964823538734,0.0,8.231731632761404,0.31031637840919524,0.0,positive
1.5192880234983779,14.491877735162157,0.0,1.9488606806340536,72.95875820882875,0.0,11.062493301765091,0.0,0.0,positive
1.5197289168344355,13.376481161146671,0.0,0.7246987628497175,73.27081985743968,0.45468179880006604,11.285346528441647,0.0,0.0,positive
1.519588362796175,13.785458391274931,2.3468888393314637,1.2793931236512883,72.12869335803836,0.08907684946317375,9.794484813849056,0.0,0.050901764375810996,positive
1.5183836289623123,14.808228885266901,0.9600122910456398,1.632930536628205,72.47386489615829,0.0,9.785928493391838,0.0,0.0,positive
1.514636928122601,13.62538454918768,2.491266225137485,1.53869,73.43546597016298,0.03540914361747247,7.6181691152074915,0.0,0.0,positive
1.519030902599166,14.277021502815503,2.2517120828116624,1.6118731461401743,72.28922115466558,0.2628891299985527,9.36839136320964,0.0,0.08436909933346087,positive
1.518581496014019,13.674062306060872,2.1576767807280333,1.6687501920078025,72.30550403882079,0.4559694351969291,9.353976125077205,0.25792789350245393,0.034256337651679174,positive
1.5120796406751968,16.269679013349403,0.0,0.816988416200981,74.84923727396222,0.0,7.794013412384035,1.1787556413495102,0.0,positive
1.5199041446748065,13.463478118600218,0.0,1.7866690905629259,72.79156618213325,0.19492378919180445,10.961896715795877,0.0,0.0,positive
1.519238315705999,14.323041146406325,0.0,1.2946812822050955,73.47107831560761,0.0,11.172106518993132,0.0,0.0,positive
1.5195916345347613,13.787196615718955,2.351578917246116,1.200175265120162,72.00562136681705,0.008013460797434754,9.822610722318453,0.0,0.0826586137099354,positive
1.5179602497821545,14.43587617217168,0.43449595871693997,2.2898479960425466,72.76745851547678,0.0,9.611388478144876,0.17444961025287906,0.0,positive
1.51378355853065,13.977874567942962,1.774831387366432,1.6822384328412734,73.80909878920845,0.0,7.635480868235036,0.6405624386500933,0.0,positive
1.5186896407096357,13.857359928441008,2.397181912966526,1.407485828800728,72.65881700817151,0.0,9.360841952694908,0.0,0.0,positive
1.5188534680748527,13.982577107279793,2.226726247184367,1.4697247795887454,72.4624024324185,0.3972495039541246,9.686931721958524,0.0,0.04950302214019926,positive
1.5132630201222426,15.413593238468483,0.0,0.9911014562013241,75.29145695600636,0.0,8.315604764665013,0.5593463284443732,0.0,positive
1.5203305124157052,14.402293254275447,0.0,1.6000773630605505,72.71842232070205,0.028925932057359688,10.934344900936177,0.0,0.033911353966463935,positive
1.5192088484809705,14.517373042896736,0.0,0.7397088761669038,73.40942000300686,0.0,11.135345905024149,0.0,0.0,positive
1.520236426438637,13.748107642869277,2.342052218158922,1.4301332197256136,72.42923456824725,0.42970009053682534,9.720702915926399,0.17996121668184833,0.01798728288513683,positive
1.5186295673166748,14.76032831804108,1.1800552611367061,1.636830075104711,72.4166426140218,0.0,9.308049805618442,0.0,0.0,positive
1.5146044400763279,14.426648012520742,2.1843616091796654,1.5786065316750435,73.6118590093583,0.0,8.127762536475462,0.0,0.0,positive
1.518433749155907,14.29452950319631,2.22589669254549,1.6342447881302373,72.43301397667815,0.0,9.320541471514892,0.0,0.0,positive
1.5186514391263524,13.876857857933663,2.3565990417255316,1.3202092628661397,72.75471677334711,0.0,9.701324844681464,0.0,0.0,positive
