@relation glass5
@attribute RI real [1.51115, 1.53393]
@attribute Na real [10.73, 17.38]
@attribute Mg real [0.0, 4.49]
@attribute Al real [0.29, 3.5]
@attribute Si real [69.81, 75.41]
@attribute K real [0.0, 6.21]
@attribute Ca real [5.43, 16.19]
@attribute Ba real [0.0, 3.15]
@attribute Fe real [0.0, 0.51]
@attribute Class {positive, negative}
@data
1.51588824,12.87795,3.43036,1.40066,73.282,0.68931,8.04468,0.0,0.1224,negative
1.5176423,12.9777,3.53812,1.21127,73.002,0.65205,8.52888,0.0,0.0,negative
1.52222108,13.21045,3.7716,0.79076,71.9884,0.13041,10.2452,0.0,0.0,negative
1.52099096,13.68925,3.592,1.12139,71.9604,0.08694,9.40044,0.0,0.0,negative
1.51755118,13.1506,3.60996,1.05077,73.2372,0.57132,8.23836,0.0,0.0,negative
1.51910022,13.90205,3.73119,1.17917,72.1228,0.0621,8.89472,0.0,0.0,negative
1.51793844,13.21045,3.47975,1.41029,72.638,0.58995,8.43204,0.0,0.0,negative
1.51898632,13.58285,3.34954,1.23053,72.078,0.58995,8.90548,0.0,0.0,negative
1.51215232,12.991,3.47077,1.12139,72.9796,0.621,8.34596,0.0,0.1581,negative
1.51976084,13.80895,3.57853,1.32041,71.7196,0.11799,8.66876,0.68985,0.0,negative
1.51761952,13.88875,3.60098,1.35893,72.7276,0.47817,7.82948,0.0,0.0,negative
1.51746006,12.83805,3.5022,1.14065,73.2708,0.5589,8.5504,0.0,0.0,negative
1.52210718,13.72915,3.83895,0.72014,71.7588,0.16767,9.74476,0.0,0.0,negative
1.51823458,12.8713,3.47975,1.29152,72.9516,0.60237,8.43204,0.0,0.0,negative
1.51919134,14.417,3.57853,1.36856,72.078,0.5589,8.30292,0.0,0.0,negative
1.51761952,12.79815,3.65935,1.26905,73.0076,0.60237,8.56116,0.0,0.0,negative
1.51750562,12.81145,3.56955,1.3493,73.0188,0.621,8.59344,0.0,0.0,negative
1.51782454,12.69175,3.53812,1.33967,72.9516,0.57132,8.75484,0.0,0.0,negative
1.51793844,12.7915,3.5022,1.12139,73.03,0.63963,8.7656,0.0,0.0,negative
1.51837126,13.1373,2.84217,1.27868,72.8508,0.55269,9.06688,0.0,0.0,negative
1.5215149,13.05085,3.65037,0.87101,72.218,0.19251,9.85236,0.0,0.0867,negative
1.51595658,12.7915,3.60996,1.61894,72.9684,0.63963,8.0662,0.0,0.1326,negative
1.51734616,13.0176,3.53812,1.68956,72.7276,0.54027,8.4428,0.0,0.0357,negative
1.51777898,13.21045,3.38995,1.33004,72.7612,0.58995,8.59344,0.0,0.0,negative
1.51755118,13.4831,3.74017,1.16954,72.9908,0.58995,8.03392,0.0,0.0,negative
1.5215149,13.05085,3.65037,0.87101,72.3188,0.19251,9.85236,0.0,0.0867,negative
1.51743728,13.2969,3.60098,1.14065,73.0916,0.57753,8.1738,0.0,0.0,negative
1.515706,12.71835,3.46179,1.56116,73.198,0.67068,8.08772,0.0,0.1224,negative
1.51720948,12.8713,3.47975,1.33004,73.0412,0.5589,8.43204,0.0,0.0,negative
1.51869018,13.1905,3.37199,1.17917,72.722,0.57132,8.83016,0.0,0.0816,negative
1.52171992,13.5097,3.8614,0.88064,71.7924,0.22977,9.54032,0.0,0.0561,negative
1.51755118,12.99765,3.60098,1.35893,72.9908,0.57132,8.39976,0.0,0.0561,negative
1.51761952,12.81145,3.53812,1.23053,73.2372,0.57753,8.389,0.0,0.0,negative
1.5175284,12.57205,3.47077,1.3814,73.3884,0.60237,8.5504,0.0,0.0306,negative
1.52320062,13.7225,3.72221,0.51149,71.7476,0.08694,10.568,0.0,0.0816,negative
1.5229956,13.3102,3.57853,0.81965,71.9884,0.11799,10.17516,0.0,0.0153,negative
1.52101374,13.6427,4.49,1.09892,71.7812,0.0621,8.75484,0.0,0.0,negative
1.51750562,12.8181,3.55159,1.49054,72.75,0.54027,8.51812,0.0,0.0969,negative
1.52212996,14.20795,3.82099,0.46976,71.77,0.11178,9.5726,0.0,0.0,negative
1.52666318,13.9885,3.69976,0.71051,71.5684,0.01863,9.82008,0.0,0.051,negative
1.51925968,13.19715,3.33158,1.27868,72.358,0.60237,9.1422,0.0,0.0561,negative
1.52171992,13.4831,3.74017,0.8999,72.0108,0.18009,9.60488,0.0,0.0357,negative
1.51618438,13.52965,3.55159,1.53869,72.9908,0.39123,7.77568,0.0,0.0,negative
1.51761952,12.61195,3.592,1.31078,73.2876,0.57753,8.4966,0.0,0.0,negative
1.51768786,12.55875,3.52016,1.42955,73.1476,0.57132,8.53964,0.0,0.0,negative
1.51796122,12.7383,3.47975,1.3493,72.9572,0.63963,8.67952,0.0,0.0,negative
1.51807512,13.4299,2.86911,1.1888,72.8396,0.55269,9.0346,0.0,0.0,negative
1.5174145,13.2703,3.61894,1.24016,73.0804,0.55269,8.0662,0.0,0.0,negative
1.51748284,12.858,3.56057,1.26905,73.2092,0.54027,8.37824,0.0,0.0867,negative
1.51736894,12.7782,3.61894,1.29152,72.7892,0.58995,8.70104,0.0,0.0,negative
1.51768786,12.45235,2.71196,1.29152,73.702,0.5589,9.05612,0.0,0.1224,negative
1.51905466,13.6028,3.61894,1.10855,72.638,0.14283,8.75484,0.0,0.0,negative
1.51566044,13.29025,3.44832,1.21127,72.7388,0.5589,8.57192,0.0,0.0,negative
1.52226664,14.16805,3.81201,0.78113,71.35,0.0,9.69096,0.0,0.0,negative
1.51966972,14.7732,3.74915,0.29,72.022,0.03105,9.00232,0.0,0.0,negative
1.51777898,13.21045,2.81074,1.29152,72.9796,0.50922,9.02384,0.0,0.459,negative
1.5219705,14.3609,3.84793,0.89027,71.3612,0.14904,9.15296,0.0,0.0,negative
1.5190091,13.48975,3.47975,1.3493,71.9492,0.55269,9.00232,0.0,0.0,negative
1.51848516,13.6427,3.87038,1.26905,71.9604,0.54027,8.32444,0.0,0.1632,negative
1.51818902,13.7225,0.0,0.55964,74.4524,0.0,10.99292,0.0,0.0,negative
1.51663998,12.93115,3.53812,1.61894,72.9572,0.63963,8.03392,0.0,0.1071,negative
1.51709558,12.99765,3.47077,1.78907,72.722,0.65826,8.18456,0.0,0.0,negative
1.51850794,13.19715,3.62792,1.07003,72.8284,0.57132,8.41052,0.09135,0.0867,negative
1.51812068,12.95775,2.95891,1.42955,72.918,0.60237,8.78712,0.1386,0.0,negative
1.51645774,13.40995,3.55159,1.24979,72.8116,0.6831,8.09848,0.0,0.0,negative
1.51629828,12.7117,3.33158,1.49054,73.282,0.67068,8.23836,0.0,0.0,negative
1.51891798,13.46315,3.82997,1.25942,72.5484,0.57132,8.20608,0.0,0.0714,negative
1.5162755,12.99765,3.57853,1.53869,72.8284,0.60858,8.04468,0.0,0.0,negative
1.51618438,13.01095,3.5022,1.48091,72.89,0.60237,8.12,0.0,0.0,negative
1.51666276,12.9378,3.60996,1.25942,72.75,0.5589,8.6042,0.0,0.0,negative
1.52613924,13.70255,0.0,1.35893,71.238,0.19251,13.43544,0.0,0.051,negative
1.51689056,13.33015,3.53812,1.60931,72.5428,0.6831,8.10924,0.0,0.0,negative
1.51645774,13.4432,3.60996,1.53869,72.3916,0.65826,8.03392,0.0,0.0,negative
1.51743728,12.19965,3.25076,1.15991,73.5508,0.621,8.89472,0.0,0.1224,negative
1.51828014,13.23705,3.90181,1.41029,72.33,0.55269,8.31368,0.0,0.051,negative
1.51839404,12.85135,3.66833,1.24016,72.5708,0.621,8.67952,0.0,0.1785,negative
1.5159338,13.09075,3.592,1.51943,73.0972,0.67068,7.82948,0.0,0.0,negative
1.5159338,13.09075,3.52016,1.55153,72.8676,0.6831,8.04468,0.0,0.459,negative
1.51588824,13.11735,3.40791,1.58042,73.2596,0.06831,8.389,0.0,0.0969,negative
1.51818902,12.6186,2.76135,0.82928,73.8084,0.34776,9.42196,0.0,0.102,negative
1.51846238,13.0974,3.96916,1.1888,72.442,0.60237,8.43204,0.0,0.0,negative
1.52080872,13.78235,2.28092,1.42955,71.9884,0.49059,9.85236,0.0,0.0867,negative
1.51613882,13.922,3.52016,1.24979,72.8788,0.3726,7.93708,0.0,0.0714,negative
1.51591102,12.858,3.52016,2.1197,72.6604,0.68931,7.96936,0.0,0.0,negative
1.52408904,13.8289,2.90054,1.16954,71.1484,0.08073,10.78848,0.0,0.0,negative
1.51652608,13.5629,3.56955,1.47128,72.4476,0.63963,7.9586,0.0,0.0,negative
1.51812068,13.4299,3.97814,1.17917,72.4924,0.57753,8.15228,0.0,0.0,negative
1.51632106,13.3368,3.56955,1.57079,72.8676,0.60858,7.89404,0.0,0.0,negative
1.51645774,13.4033,3.48873,1.51943,72.6492,0.67068,8.07696,0.0,0.051,negative
1.52222108,14.4274,0.0,0.99941,72.6716,0.09936,11.52016,0.0,0.0408,negative
1.52739214,11.0226,0.0,0.74903,73.0804,0.0,14.96336,0.0,0.0,negative
1.51686778,13.2304,3.53812,1.48091,72.8396,0.5589,8.09848,0.0,0.0,negative
1.51812068,13.33015,3.84793,1.24979,72.778,0.52164,8.12,0.0,0.0,negative
1.5166172,12.85135,3.51118,1.43918,73.0076,0.6831,8.2276,0.5985,0.1275,negative
1.51572878,14.85965,3.66833,1.74092,71.8708,0.16146,7.35604,0.0,0.0612,negative
1.51859906,13.35675,3.43036,1.42955,72.2628,0.50922,8.6042,0.0,0.0,negative
1.5173006,12.3526,2.72094,1.62857,72.8676,0.70173,9.22828,0.0,0.0,negative
1.5170728,13.4831,3.47975,1.70882,72.5204,0.621,7.99088,0.0,0.0,negative
1.51591102,13.0176,3.57853,1.5098,73.1196,0.68931,7.9586,0.0,0.0,negative
1.51841682,12.93115,3.74017,1.10855,72.2796,0.63963,8.95928,0.0,0.1122,negative
1.53393,12.2994,0.0,0.99941,70.1628,0.11799,16.19,0.0,0.1224,negative
1.52019366,13.98185,1.35149,1.62857,71.7588,0.39123,10.56252,0.0,0.51,negative
1.51800678,13.7092,3.92875,1.53869,71.8092,0.54027,8.20608,0.0,0.0765,negative
1.51591102,12.8181,3.52016,1.90142,72.862,0.68931,7.96936,0.0,0.0,negative
1.5163894,12.5521,3.47975,1.86932,73.2316,0.62721,8.07696,0.0,0.459,negative
1.51591102,13.23705,3.34056,1.47128,73.0972,0.39123,8.21684,0.0,0.0,negative
1.51654886,12.7516,2.85115,1.43918,73.2708,0.57132,8.78712,0.11025,0.1122,negative
1.5167311,13.2969,3.64139,1.52906,72.5316,0.65205,8.03392,0.0,0.1479,negative
1.52176548,13.19715,3.6818,1.15028,72.75,0.54027,8.51812,0.0,0.0,negative
1.5167311,12.8713,3.56057,1.64141,73.142,0.65205,7.99088,0.0,0.0,negative
1.51595658,13.0176,3.56057,1.53869,73.1084,0.72036,7.9048,0.0,0.0,negative
1.53124196,10.73,0.0,2.10044,69.81,0.57753,13.29556,3.15,0.1428,negative
1.51846238,13.40995,3.88834,1.33004,72.3804,0.50922,8.2814,0.0,0.0,negative
1.52067204,13.5496,2.08785,1.6703,72.1788,0.52785,9.5726,0.2709,0.0867,negative
1.5167311,12.7915,3.52016,1.53869,73.3604,0.65826,7.9048,0.0,0.0,negative
1.51659442,12.991,3.17892,1.23053,72.9684,0.57753,8.80864,0.0,0.1224,negative
1.51609326,13.33015,3.52914,1.33967,72.6716,0.5589,8.3352,0.0,0.0,negative
1.51663998,13.1373,3.44832,1.76018,72.4812,0.60237,8.37824,0.0,0.0867,negative
1.51645774,13.03755,3.39893,1.25942,73.0076,0.52164,8.58268,0.0,0.0,negative
1.52210718,14.188,3.78058,0.90953,71.3612,0.22977,9.1422,0.0,0.1887,negative
1.51777898,13.6427,3.65037,0.64952,73.002,0.0621,8.927,0.0,0.0,negative
1.51796122,13.50305,3.35852,1.62857,71.938,0.57132,8.80864,0.0,0.459,negative
1.51609326,13.42325,3.39893,1.2209,72.6884,0.58995,8.32444,0.0,0.0,negative
1.5193508,13.6427,3.53812,0.74903,72.6492,0.16146,8.89472,0.1512,0.1224,negative
1.51768786,13.64935,3.65935,1.10855,72.7724,0.11178,8.6042,0.0,0.0,negative
1.51670832,13.23705,3.56955,1.3814,72.6996,0.5589,8.4428,0.0,0.051,negative
1.51654886,13.40995,3.38995,1.27868,72.638,0.52164,8.64724,0.0,0.0,negative
1.52126432,14.321,3.90181,0.82928,71.5012,0.0,9.48652,0.0,0.0,negative
1.5196925,12.63855,0.0,1.65104,73.7524,0.37881,11.53092,0.0,0.0,negative
1.51914578,12.73165,1.84988,1.85969,72.6884,0.60237,10.08908,0.0,0.0,negative
1.5151365,14.00845,2.68053,3.5,69.8884,1.68291,5.87116,2.1987,0.0,negative
1.51315464,13.0176,0.0,3.04097,70.482,6.21,6.95792,0.0,0.0,negative
1.5132002,12.99765,0.0,3.0185,70.7004,6.21,6.92564,0.0,0.0,negative
1.51666276,12.858,0.0,1.8308,73.8812,0.96876,10.17516,0.0,0.0,negative
1.523679,13.4432,0.0,1.58042,72.218,0.32292,12.24108,0.0,0.0,negative
1.52042146,13.3767,0.0,1.40066,72.2516,0.32913,12.49932,0.0,0.0,negative
1.51994308,13.2703,0.0,1.76018,73.03,0.47196,11.31572,0.0,0.0,negative
1.52171992,11.56125,1.88131,1.56116,72.862,0.47196,11.41256,0.0,0.0,negative
1.51115,17.38,0.0,0.34136,75.41,0.0,6.64588,0.0,0.0,positive
1.51937358,13.789,2.41113,1.1888,72.7612,0.0,9.76628,0.0,0.0,positive
1.51828014,14.46065,2.24051,1.61894,72.3804,0.0,9.26056,0.0,0.0,positive
1.51853072,14.08825,2.19112,1.66067,72.6716,0.0,9.32512,0.0,0.0,positive
1.51299518,14.4008,1.74212,1.53869,74.5476,0.0,7.59276,0.0,0.0,positive
1.51887242,14.99265,0.78126,1.74092,72.498,0.0,9.9492,0.0,0.0,positive
1.51905466,14.0018,2.38868,1.56116,72.3692,0.0,9.5726,0.0,0.0,positive
1.52247166,14.85965,2.2001,2.05871,70.258,0.75762,9.75552,0.0,0.0,negative
1.51652608,11.94695,0.0,1.1888,75.1804,2.70135,8.927,0.0,0.0,negative
1.52064926,14.3609,0.0,2.02019,73.422,0.0,8.4428,1.64115,0.0,negative
1.51130946,13.68925,3.20137,1.81154,72.8116,1.75743,5.43,1.1907,0.0,negative
1.51556932,13.8688,0.0,2.54021,73.2316,0.14283,9.4112,0.80955,0.0051,negative
1.5163894,14.36755,0.0,2.73923,72.8508,0.0,9.45424,0.53865,0.0,negative
1.52315506,13.4432,3.34056,1.23053,72.3804,0.60237,8.83016,0.0,0.0,negative
1.51545542,14.14145,0.0,2.68145,73.3884,0.08073,9.06688,0.6111,0.0255,negative
1.5165033,14.38085,0.0,1.93994,73.6124,0.0,8.47508,1.5687,0.0,negative
1.51682222,14.5604,0.0,1.97846,73.2876,0.0,8.51812,1.5687,0.0357,negative
1.5171867,14.75325,0.0,2.00093,73.0188,0.0,8.52888,1.59075,0.0408,negative
1.5161616,14.95275,0.0,2.27057,73.2988,0.0,8.7118,0.67095,0.0,negative
1.51711836,14.2279,0.0,2.08118,73.3604,0.0,8.61496,1.6695,0.0,negative
1.52365622,15.79065,1.83192,1.31078,70.4316,0.3105,8.61496,1.67895,0.0,negative
1.5151365,14.853,0.0,2.42144,73.7188,0.0,8.389,0.5607,0.0,negative
1.516845,14.9195,0.0,1.9913,73.58,0.0,8.39976,1.59075,0.0,negative
1.51622994,14.2013,0.0,2.79059,73.4612,0.03726,9.04536,0.40005,0.459,negative
1.51531874,14.38085,0.0,2.65898,73.0972,0.03726,9.07764,0.63945,0.0,negative
1.51609326,15.126,0.0,2.51132,73.0524,0.04968,8.83016,0.5292,0.0,negative
1.51830292,14.3875,0.0,1.82117,72.862,1.40967,6.47372,2.8791,0.0,negative
1.51602492,14.853,0.0,2.37971,73.282,0.0,8.75484,0.63945,0.459,negative
1.51622994,14.14145,0.0,2.88047,72.61,0.08073,9.18524,1.06155,0.0,negative
1.51657164,14.7998,0.0,1.9913,73.1084,0.0,8.2814,1.71045,0.0,negative
1.51732338,14.95275,0.0,1.7987,72.9908,0.0,8.61496,1.5498,0.0,negative
1.5184534791543558,14.595677726455524,0.993927543153362,1.697487946991917,72.39942995080214,0.0,9.314906197700243,0.0,0.0,positive
1.5139243057772291,17.204703149264745,0.0,0.9531396927281774,73.88110349536758,0.0,7.97341950092545,0.00939757263168588,0.0,positive
1.5187562448111094,14.013150230371815,2.3305657768149097,1.5858689589422617,72.64848949121938,0.0,9.436724627245349,0.0,0.0,positive
1.5185021088776203,14.353409160624382,2.2346545774993563,1.6258958577684872,72.52835060652892,0.0,9.281395509430155,0.0,0.0,positive
1.5195603277289573,13.78742965975165,2.3618742328372395,1.3672991459860901,72.31549811560495,0.22519839906624614,9.83586846935837,0.0,0.049651445859446044,positive
1.5192644438734448,13.868451606207925,2.396622352324491,1.3802442509706396,72.48486902278566,0.0,9.719928644353203,0.0,0.0,positive
1.5130104391962889,14.1515433089518,1.8199149011623175,1.634296977418925,73.2932393950193,0.0,8.68344646360645,0.0,0.0,positive
1.5187480042247465,14.782329349167028,1.3269258561494635,1.7366125290607575,72.42716718969947,0.0,9.850757862502482,0.0,0.0,positive
1.5123778996020028,16.48933023343152,0.0,1.1343650950256068,73.8453905239185,0.0,8.030826971762211,0.013174212040260827,0.0,positive
1.5183755207171794,14.290619520575273,2.2185888108896807,1.6281410423638605,72.64411533065616,0.0,9.287880133270832,0.0,0.0,positive
1.5193487909690342,13.857467361218609,2.3347378709459794,1.2089987491768739,72.6691630424121,0.0,9.747597712938898,0.0,0.0,positive
1.5192488660260572,13.873861016940056,2.3926201280439576,1.361229420902621,72.54167227992988,0.0,9.758430980506919,0.0,0.0,positive
1.5187494794769862,14.037681750318749,2.3794915063880633,1.6081986179814942,72.49430443204527,0.0,9.536512226060642,0.0,0.0,positive
1.517924534046816,14.454748966314915,1.949000705464188,1.6036914686534267,74.44188746903326,0.0,8.60325417462492,0.0,0.0,positive
1.518482349135962,14.85078934769951,0.23780315823819909,2.281650617222072,72.83923643090355,0.0,9.527255609177553,0.2064362701256433,0.0,positive
1.5120266089295373,16.22694304560075,0.0,1.6677995514157842,74.41929456236336,0.0,6.8796702871253546,0.794334455363699,0.0,positive
1.5189495483690396,14.077260541953947,2.3741967019712,1.6084787956884337,72.52670345218644,0.0,9.496014216112057,0.0,0.0,positive
1.5188578706854943,14.404560984117387,2.278803203736189,1.2274172258257536,72.6552512335545,0.0,9.761073810661378,0.0,0.0,positive
1.5201282711019062,13.7824153966658,2.3989518342575797,1.310924016101031,72.56967107201865,0.4488919488414895,9.806852714469352,0.0,0.014234172959951089,positive
1.5190109886660441,14.075717401678025,2.302637338100149,1.5738114883124419,72.44916212989135,0.0,9.4379163273768,0.0,0.0,positive
1.5158537128956395,13.905136709287921,3.5145536350375224,1.53869,73.36884347349945,0.2724809926349734,7.772637710152992,0.0,0.0,positive
1.5217414524867723,14.398951888401406,0.8752144291686689,1.592807826485269,72.46240063330325,0.21354645058171287,10.27814009473185,0.0,0.0,positive
1.511946102082036,15.287043423354069,0.0,1.8751659018606022,73.75599026024085,0.0,6.741711626288665,0.49181863936736275,0.0,positive
1.5185730262092905,14.00417309831321,2.3127282061461933,1.648221761523313,72.50939325729117,0.0,9.490285370564354,0.0,0.0,positive
1.5182902736053894,14.094446518147397,2.281583905934966,1.6062902278927043,72.37539226389683,0.0,9.321677212516796,0.0,0.0,positive
1.5190888981646704,13.840615781732883,2.2117611936956183,1.5689125217052335,72.7141642936693,0.0,9.76022056630228,0.0,0.0,positive
1.519159841369164,13.93378347986644,2.4043122007650513,1.4714140485729315,72.59636572815252,0.0,9.606070711113649,0.0,0.0,positive
1.514456871886615,14.104547612757797,1.766516089159236,1.5479162102417041,74.04636514827068,0.0,7.648067385040913,0.1390587122445952,0.0,positive
1.5182859236616262,14.828925119226167,1.365760133353724,1.7323336568160979,72.47203040438735,0.0,9.27029992416454,0.0,0.0,positive
1.5120237867279505,15.741739418152138,0.0,1.5117270886130267,73.86438996153922,0.0,7.299794684363447,0.015570761604332895,0.0,positive
1.5188459715110256,13.875856883004833,2.1991658612780105,1.5260415565228627,72.732444550613,0.0,9.73259131832039,0.0,0.0,positive
1.5182891336013014,14.285222579272093,2.2151339568001687,1.6399927649088082,72.63737363907998,0.0,9.268624284802181,0.0,0.0,positive
1.518700746475565,13.99842613893111,2.373114369486297,1.5466202792145085,72.70175384547065,0.0,9.47613511015316,0.0,0.0,positive
1.5190943265418222,13.821804821641484,2.4110643885592467,1.4080153772069022,72.41124136892392,0.0,9.581258973352117,0.0,0.0,positive
1.513948296992128,14.089868508613447,2.1233540541576907,1.6025379447072337,74.16439713049019,0.0,8.035658069085347,0.0,0.0,positive
1.5185420919101673,14.555964255187938,1.2170819216945936,1.6680963205774777,72.48877273265488,0.0,9.679787283883163,0.0,0.0,positive
1.513733344583853,17.283011911523058,0.0,0.9575818679635572,74.32095538112391,0.0,7.441950676510633,0.09263580334156565,0.0,positive
1.5186784730306366,13.814329829846596,2.122663412936046,1.6647921301722106,72.22970186033595,0.07688915488965312,9.349137957435744,0.16320075017777178,0.07515416666337563,positive
1.5183925483788503,14.32359785370611,2.278724670301969,1.35914330622487,72.53342833105063,0.0,9.52779938363563,0.0,0.0,positive
1.519150271023731,13.953556586068704,2.4004462609897326,1.3584010602257846,72.38232598150044,0.0,9.69010914295193,0.0,0.0,positive
1.5189597647128124,14.053202132771654,2.3778147898343582,1.6080553355147749,72.59496291836004,0.0,9.468033000041283,0.0,0.0,positive
1.513114098585112,14.17765259945089,1.7636964320439752,1.5870625651805899,74.0505828125462,0.0,7.928601636098936,0.6796116784935959,0.0,positive
1.5190705906363202,14.87866864007514,0.8756449327207241,1.641998970436761,72.45269216515877,0.23529418118340595,10.022734537950322,0.0,0.5011249469985493,positive
1.5121694476732386,15.679186010822455,0.0,0.5310958735338603,75.38538933951345,0.0,7.0843779269860265,0.9893923007053627,0.0,positive
1.5186993047523898,14.01681104661424,2.3842998175239227,1.5692646033039268,72.64217430256211,0.0,9.432472138707595,0.0,0.0,positive
1.5184281963366713,14.247580397499334,2.2396816892868556,1.6381991933197402,72.50043801206569,0.0,9.317614236241173,0.0,0.0,positive
1.5190563185588821,13.792876563141261,2.393750100124448,1.4839571003205214,72.58924891699456,0.0,9.677646210988602,0.0,0.0,positive
1.5188041685531193,14.007774988330619,2.238187965860452,1.6263321595640359,72.37788197228318,0.0,9.5268642395129,0.0,0.0,positive
1.5158627863775502,14.073798646926972,3.1775514318413514,1.53869,74.21011722385734,0.3391643551000611,7.748073347399586,0.0,0.0,positive
1.5190099189698991,14.607925099808362,1.3064186467738526,1.667289865191363,71.91324047050703,0.3076446554366177,10.317308304033299,0.0,0.2729900937573493,positive
1.5121473014277074,15.788638315340359,0.0,1.5029957619191658,73.8117281811045,0.0,7.1767540633621785,0.38463921650182825,0.0,positive
1.519610872868444,14.003152262617968,2.128365979008918,1.6688151642863711,72.19179033504106,0.3746897343885923,9.470568776834627,0.24393318532474806,0.007525977099060666,positive
1.51836332903612,14.269656516660538,2.224347844106981,1.6361594346835522,72.58312276228432,0.0,9.29618330796309,0.0,0.0,positive
1.51930209648103,13.972526536775723,2.3966399648684753,1.5011317066674859,72.61226972719777,0.0,9.598219553690367,0.0,0.0,positive
1.5192134375795214,13.91410050734441,2.396786666716972,1.2263060297976613,72.74259617069441,0.0,9.633601249650487,0.0,0.0,positive
1.5152053873967395,14.16850428208603,2.053209895463333,1.6293343352012797,73.45518754660762,0.0,9.188366009839743,0.0,0.0,positive
1.5197165042933212,14.945990689998927,0.8899921662802815,1.5655048340427455,72.19017553756744,0.13017459301523177,10.57833602672428,0.0,0.0,positive
1.5135804979069125,16.253695783037493,0.0,2.042162793465464,75.09158157294705,0.0,7.164151109288735,0.19774525442942298,0.0,positive
1.5187919160024388,14.053071996898117,2.2781136168438034,1.5679266779976186,72.51123278598786,0.0,9.46131708158184,0.0,0.0,positive
1.5184163392183263,14.134162205124893,2.3326882554564072,1.594128363495758,72.37177248689069,0.0,9.485921688581819,0.0,0.0,positive
1.5192508703023877,13.974691186780229,2.3898389289365154,1.4632997328857817,72.48067168080702,0.0,9.677254152878566,0.0,0.0,positive
1.5193524959141824,13.82417137417592,2.3931876672593355,1.366196075113395,72.49531437713159,0.0,9.584051439640586,0.0,0.0,positive
1.5152523452605273,14.417159090687353,2.221014426145457,1.5903694802437742,73.83698471706175,0.0,8.090208552470429,0.0,0.0,positive
1.518700727960411,14.902784762300643,1.9335251983499893,1.649092415557036,72.43067955988803,0.0,9.839941723018876,0.0,0.0,positive
1.5132533668056714,15.22270541959958,0.0,1.864477749203994,74.11395107447439,0.0,8.101453795576832,0.47873996421700066,0.0,positive
1.518517843391945,14.232901586197546,2.2058367615467134,1.6522148218430777,72.65572754403065,0.0,9.301642280001973,0.0,0.0,positive
1.5190072815430937,13.661811621226846,2.23859178551268,1.620191717408993,72.24121056673177,0.06493334852868013,9.532619972818573,0.1587103119485316,0.04063310028367225,positive
1.5193293138053097,13.879027547992267,2.2898523347385598,1.5885309932638547,72.70427806097518,0.0,9.33300025898976,0.0,0.0,positive
1.5196063854981154,13.859039409734752,2.2898803588449503,1.4592445059827954,72.22726914793905,0.13381075288710562,9.57659647391859,0.0,0.07731811364632757,positive
1.5154767973726202,14.455243655320643,1.8877547737517684,1.5615903212988507,74.20034569847586,0.0,7.601660978239048,0.0,0.0,positive
1.5164657913026627,14.395674802308587,0.6756115876866102,2.12510758389325,72.74398007055231,0.0,9.812664585311488,0.26978618311204783,0.0,positive
1.511937844482261,16.164054194220654,0.4038661816240271,0.432039069223892,75.14894079775571,0.0,6.937473688092101,0.0,0.0,positive
1.5193038756167427,13.837328976157155,2.219602477601669,1.2588679488202212,72.70898323168801,0.0,9.40569684885063,0.0,0.0,positive
1.5205323247981943,14.288328812609667,2.185946096064376,1.6692776200117134,72.23497398588863,0.4700094866339358,9.348213085936745,0.03827068666177072,0.044354973103468615,positive
1.5191812395483961,13.871781319427505,2.214610803253531,1.3760677726326123,72.69115056011195,0.0,9.704107706040654,0.0,0.0,positive
1.5187050080297362,14.062515352102514,2.296089307852063,1.5744743958243157,72.39094567811533,0.0,9.438450440819523,0.0,0.0,positive
1.514287322930186,14.130118185814082,2.158940689596996,1.634496419075968,72.94936135501086,0.0,8.25103057366999,0.0,0.0,positive
1.519394488914516,14.169511052561825,1.0612115768198849,1.6522428880197026,72.28844992076905,0.17683984841416178,10.207076807887749,0.0,0.5042059055486525,positive
1.5124223762598226,16.23392393568563,0.0,0.5402457589869917,73.31379433469932,0.0,7.340440530545488,0.14472319780857573,0.0,positive
1.5184922644370356,14.27830444235129,2.200218916787568,1.657043450108501,72.49552797192823,0.0,9.280775682577833,0.0,0.0,positive
1.5191862976251547,14.300298546350298,2.291703831290631,1.2469076629082547,72.74630908475699,0.0,9.494255193158267,0.0,0.0,positive
1.5190722074889247,13.999806326413013,2.4047871524415227,1.346759606661791,72.74472079666224,0.0,9.477462690212114,0.0,0.0,positive
1.518950668596301,14.045442941454326,2.1912141621032655,1.6523448451224085,72.47055308001367,0.0,9.432652770812718,0.0,0.0,positive
1.5184660508692758,14.375090615851038,2.0804718143851595,1.5536625617618562,72.71764488821351,0.0,8.544200871400017,0.0,0.0,positive
1.5166303877042566,14.778854767748903,0.06374517567763094,1.8730350294295335,72.61156235080234,0.0,9.497853835583856,0.4402359442906774,0.0,positive
1.5151164630113834,16.038858544141558,0.0,2.388803362117541,73.75893450341468,0.0,6.8996334101338155,0.4362449091318771,0.0,positive
1.5187550617430412,13.797354055582261,2.1667763757685603,1.6697521155251869,72.30422007932427,0.18774309447658125,9.484697132029694,0.05574337808055675,0.07066082917997661,positive
1.5184298815438082,14.191313440837634,2.203351461452698,1.653540727436834,72.47662688203062,0.0,9.280367907035547,0.0,0.0,positive
1.519246037838713,13.819783932951106,2.2115101313833962,1.5011215546780998,72.7474889086251,0.0,9.578878495506936,0.0,0.0,positive
1.5206899035826542,13.88281773204632,2.2906605171345036,1.543436976078838,72.03832943993324,0.3420723827385647,9.578792534438081,0.0,0.06665045721954375,positive
1.5136548720908551,14.348226575879076,2.156561519184014,1.6226922760088123,74.30023728935046,0.0,8.87171701593699,0.0,0.0,positive
1.5200329957710266,14.149602496096655,0.9374570492409151,1.7120750536906517,71.78698611760194,0.11735874174749833,10.528938030457105,0.0,0.2378220861798295,positive
1.5128088845468213,16.3287889916041,0.0,2.2285237254070456,74.31814385801273,0.0,7.50495514669291,0.030448982599471267,0.0,positive
1.51849800256353,14.44884288992107,2.212366778679234,1.6211467628162108,72.60800460792679,0.0,9.321800133751267,0.0,0.0,positive
1.5185520785087845,14.231799544231166,2.2799210865012633,1.2120529747707933,72.70018791988815,0.0,9.289079985149478,0.0,0.0,positive
1.5193166760125882,13.990969060773349,2.299740800087516,1.2796833988348597,72.68736092726533,0.0,9.613428775810027,0.0,0.0,positive
1.5193105174799384,13.895338597921635,2.4030539903806933,1.3210479889147888,72.59632389779384,0.0,9.609301087376311,0.0,0.0,positive
1.5174125656783661,14.120596931800023,1.7446241104146325,1.5413646517882353,73.62180247646283,0.0,8.550707411558243,0.0,0.0,positive
1.5193583954402314,14.18338257882026,0.8949591247600899,1.6414633641233294,72.28127430916582,0.17274375206961845,9.954826748919666,0.0,0.01917567096512473,positive
1.514379222771434,15.51321107243988,0.0,0.5735838113179409,75.28723284465474,0.0,7.194563997273777,0.33523347558979777,0.0,positive
1.5186867056660334,13.873888425305342,2.3842899501445256,1.448734054182232,72.70950952393018,0.0,9.758437003197386,0.0,0.0,positive
1.519200142517992,13.869137266823042,2.276952341144894,1.3431049716555057,72.72189580813725,0.0,9.417962335518336,0.0,0.0,positive
1.5192896130878626,13.964623594397287,2.405608352863772,1.2930739147015187,72.42971415724897,0.0,9.58611613381607,0.0,0.0,positive
1.518532767504519,14.032945886734185,2.233641572181762,1.5621373255008897,72.37963334370384,0.0,9.357931087632945,0.0,0.0,positive
1.517062183353025,14.432465490912879,1.839613888491933,1.6083514289141718,72.56206055225519,0.0,9.150471606428736,0.0,0.0,positive
1.520185181292927,14.482902046973807,1.2420357665715214,1.642067319155178,71.86083829430935,0.3833643059233326,10.55354602885284,0.0,0.23838274737035137,positive
1.5128931805999053,14.608691359105686,0.9839432237961504,0.706537298998104,74.69570796565309,0.0,6.799549521829201,0.0,0.0,positive
1.5186630736641633,14.062187140836466,2.368783690899099,1.59289575090559,72.4569787683846,0.0,9.332042752670032,0.0,0.0,positive
1.5184718692895638,14.38120965044883,2.2126303364779933,1.6461939136149077,72.66470859997051,0.0,9.320831314260435,0.0,0.0,positive
1.5188803137098514,14.087901711862951,2.2134360845711347,1.6095643670170359,72.71442140530229,0.0,9.69182155919383,0.0,0.0,positive
1.519350940573674,13.900360548018629,2.3925467485075718,1.4621622634481126,72.48875501898651,0.0,9.712826845562573,0.0,0.0,positive
1.5130715098587229,14.188374888460503,1.7456330400852993,1.7293387519446983,73.59945432144151,0.0,8.6044042423628,0.24378427250205587,0.0,positive
1.519830548137126,14.079136155620784,1.112501778204603,1.7157671301736648,72.23977665049196,0.36017770143635436,10.354905568079467,0.0,0.12117276617761358,positive
1.5137850154308121,16.649217375034375,0.0,0.5367644686692588,73.8142615068693,0.0,7.28933816021457,1.1421202325698727,0.0,positive
1.5185472788126553,14.077986273080613,2.40279372167033,1.6442647859547954,72.72207446411413,0.0,9.450294899198767,0.0,0.0,positive
1.5204152055875113,13.867186477746865,2.1658274382923213,1.6609804685988974,72.22275337605362,0.4824657847118334,9.471579929436325,0.10380928468475184,0.06319236683845549,positive
1.5195411139874069,13.78894393161372,2.3116338606264524,1.2646430324223121,72.40403113348815,0.36749075569789297,9.840898680538512,0.0,0.08435431575746302,positive
1.51881688233232,14.056177374939388,2.3647268073662135,1.593246502265961,72.51081035663094,0.0,9.53614508432951,0.0,0.0,positive
1.5140762469651337,13.961321807696757,2.8386821885054916,1.53869,73.94613668856466,0.2772651619557919,7.735382059290556,0.0,0.0,positive
1.5193410638554292,14.54678745978817,1.310275830538722,1.6649959507367427,72.09181748996185,0.3037377807899936,10.055609820377892,0.0,0.055503463162370585,positive
1.5118038483827068,15.936991659627681,0.0,1.1396303686136138,74.03795448150973,0.0,8.32491999193324,0.6461306205652868,0.0,positive
1.520329795643068,14.073277708877782,2.1272966895621814,1.6684358956825416,72.67030836370273,0.24251204539744903,9.342716273954087,0.19137793376414433,0.016016879591762945,positive
1.5190852319802817,13.67499271570687,2.1889869959996284,1.6672688331756034,72.19336853780801,0.4984272032242719,9.266983349862961,0.14352319885363787,0.03928475161864494,positive
1.5192670168810256,13.917411148770574,2.402210857436985,1.2673361794704905,72.53131759496334,0.0,9.697585390558563,0.0,0.0,positive
1.5191178563563628,13.970277955685177,2.337612687250238,1.5141968666056598,72.16364710692545,0.4836673011708519,9.636165073064571,0.0,0.049492326820182155,positive
1.5157716784806827,14.277861766281346,1.8337083643448142,1.6587165079313997,72.9967323456017,0.0,8.4163418309996,0.0,0.0,positive
1.5167856899572012,14.702490538086408,0.3510006589704834,2.193566674215397,72.64379480583727,0.0,9.805821851341069,0.13976561103480925,0.0,positive
1.5142297614489508,15.357569587619459,0.0,1.6839819650040475,74.18379099111726,0.0,8.460634377099007,0.5147145415852915,0.0,positive
1.5183566908472448,14.427972832066091,2.2258923540233204,1.6364075994226857,72.48599930001664,0.0,9.297507960525781,0.0,0.0,positive
1.5202990237232474,13.822943377211192,2.167137562532871,1.640558310510152,72.35439999375043,0.5200832136151204,9.524463047287693,0.2025477991569076,0.05947096494362054,positive
1.519734312407287,13.784691580020102,2.339333085786265,1.4007718552922057,72.0522478050853,0.09429810106827714,9.772065398329561,0.0,0.008469422792291568,positive
1.519930420489172,13.972266167789495,2.329700037381066,1.5492260352986338,72.20616842122864,0.11864322311353724,9.668311888436012,0.0,0.03628658513401752,positive
1.5149856377398712,14.327005406503613,2.019345412260969,1.6204704883487344,73.76138062657468,0.0,7.900057785547479,0.0,0.0,positive
1.5198317359866913,14.762177609725722,1.2567205334016922,1.727456059889299,72.42947139973008,0.11641538154772316,10.196501323851797,0.0,0.05061856160647022,positive
1.5144411641560171,17.012750656002627,0.0,1.991801475036317,75.1774818167396,0.0,8.325185316392005,0.3848387288024675,0.0,positive
1.5185579121151493,14.075311908434486,2.2963350706352763,1.6115751693562244,72.55780826337633,0.0,9.37005515706628,0.0,0.0,positive
1.5191823988938051,13.906357266051794,2.2996564860822577,1.5662495696622434,72.71752401747811,0.0,9.45524442096318,0.0,0.0,positive
1.5186346559634079,13.943049017210702,2.215297877709673,1.3841608676881216,72.75893342633832,0.0,9.726351830385491,0.0,0.0,positive
1.5207609275212366,13.936642934616668,2.359507352415448,1.5246763049036662,72.35499091847605,0.11411079013420757,9.722513090377698,0.0,0.01172826124843162,positive
1.5148001420724666,14.380142870466559,3.133487690619205,1.53869,73.24134424530145,0.29064067145320654,7.750770664177745,0.0,0.0,positive
1.5196203205662318,14.827648982530484,1.0385810063880387,1.7128834461017675,72.2849107208409,0.11988371656161789,10.171511282124793,0.0,0.377913171201163,positive
1.5127316841407525,14.980032958172922,0.0,2.35067182726834,73.85429390545329,0.0,7.365804475413209,0.09975967599151557,0.0,positive
1.51969195335813,13.62131414863594,2.131668026168764,1.6635055058914923,72.43503035464992,0.004942655717690497,9.462599911798566,0.0379869768700102,0.06758635740463145,positive
1.5183005955401994,14.390932534613185,2.2806915712665323,1.5925145214536562,72.37987080801933,0.0,9.265656965505272,0.0,0.0,positive
1.5191267757536917,14.03573950544737,2.2591595144711762,1.3797186246799984,72.55181435737096,0.0,9.491324440777687,0.0,0.0,positive
1.51901506497031,14.116872810114623,2.2678686229653144,1.6137787071835312,72.37562120955276,0.0,9.357514940245647,0.0,0.0,positive
1.514864854003686,14.206543325570596,1.774384094945878,1.7686015787630922,73.83459230504621,0.0,8.332125469843474,0.15053595742375203,0.0,positive
1.5210874501947946,14.816463271078568,0.8603643991631256,1.5894586373946966,72.24353856054574,0.10078043825833749,10.916319014946591,0.0,0.0,positive
1.511715063229535,15.800893127258298,1.3556456459830961,0.9311264020059402,75.14061755709972,0.0,6.98537350948506,0.0,0.0,positive
1.5185222058827843,14.23000536265399,2.2360702500131198,1.6277601070152934,72.54066602173651,0.0,9.306325131102827,0.0,0.0,positive
1.5195202253026052,13.619655389144265,2.224578650809158,1.646706447563993,72.35669140759337,0.04897179574245881,9.534790803841945,0.0678420264089164,0.06873191431824374,positive
1.5191127504237711,13.93040883981175,2.407295273944926,1.2683650917048497,72.56472518767926,0.0,9.608613402415132,0.0,0.0,positive
1.5193299227324737,13.914545574708622,2.39848380030071,1.4593985448436775,72.70370771076368,0.0,9.687890067651525,0.0,0.0,positive
1.5148180953267851,14.30562913080586,1.9360340788941217,1.64692778865494,73.61447335299212,0.0,8.702028985345011,0.0,0.0,positive
1.5187364739974794,14.666526323160014,1.4322034343737493,1.7048290657359562,72.45486932460781,0.0,9.62063698079956,0.0,0.0,positive
1.511975083701314,16.95330230260206,1.2306448739736282,1.2419237063280342,74.78776646172835,0.0,7.453636910081541,0.0,0.0,positive
1.518864190241849,14.07637036761845,2.265701817786526,1.6500895653698515,72.47779557066887,0.0,9.34583724798663,0.0,0.0,positive
