@relation glass4
@attribute RI real [1.51115, 1.53393]
@attribute Na real [10.73, 17.38]
@attribute Mg real [0.0, 4.49]
@attribute Al real [0.29, 3.5]
@attribute Si real [69.81, 75.41]
@attribute K real [0.0, 6.21]
@attribute Ca real [5.43, 16.19]
@attribute Ba real [0.0, 3.15]
@attribute Fe real [0.0, 0.51]
@attribute Class {positive, negative}
@data
1.5176423,12.9777,3.53812,1.21127,73.002,0.65205,8.52888,0.0,0.0,negative
1.52212996,14.20795,3.82099,0.46976,71.77,0.11178,9.5726,0.0,0.0,negative
1.52222108,13.21045,3.7716,0.79076,71.9884,0.13041,10.2452,0.0,0.0,negative
1.51755118,13.39,3.65935,1.1888,72.7892,0.57132,8.27064,0.0,0.0561,negative
1.52099096,13.68925,3.592,1.12139,71.9604,0.08694,9.40044,0.0,0.0,negative
1.51755118,13.1506,3.60996,1.05077,73.2372,0.57132,8.23836,0.0,0.0,negative
1.51910022,13.90205,3.73119,1.17917,72.1228,0.0621,8.89472,0.0,0.0,negative
1.51793844,13.21045,3.47975,1.41029,72.638,0.58995,8.43204,0.0,0.0,negative
1.51976084,13.80895,3.57853,1.32041,71.7196,0.11799,8.66876,0.68985,0.0,negative
1.51761952,13.88875,3.60098,1.35893,72.7276,0.47817,7.82948,0.0,0.0,negative
1.51784732,12.67845,3.66833,1.15991,73.1084,0.60858,8.70104,0.0,0.0,negative
1.51720948,13.3767,3.5022,1.15028,72.8508,0.50301,8.43204,0.0,0.0,negative
1.51746006,12.83805,3.5022,1.14065,73.2708,0.5589,8.5504,0.0,0.0,negative
1.52210718,13.72915,3.83895,0.72014,71.7588,0.16767,9.74476,0.0,0.0,negative
1.51823458,12.8713,3.47975,1.29152,72.9516,0.60237,8.43204,0.0,0.0,negative
1.51919134,14.417,3.57853,1.36856,72.078,0.5589,8.30292,0.0,0.0,negative
1.51761952,12.79815,3.65935,1.26905,73.0076,0.60237,8.56116,0.0,0.0,negative
1.51750562,12.81145,3.56955,1.3493,73.0188,0.621,8.59344,0.0,0.0,negative
1.51782454,12.69175,3.53812,1.33967,72.9516,0.57132,8.75484,0.0,0.0,negative
1.51793844,12.7915,3.5022,1.12139,73.03,0.63963,8.7656,0.0,0.0,negative
1.5215149,13.05085,3.65037,0.87101,72.218,0.19251,9.85236,0.0,0.0867,negative
1.51595658,12.7915,3.60996,1.61894,72.9684,0.63963,8.0662,0.0,0.1326,negative
1.51734616,13.0176,3.53812,1.68956,72.7276,0.54027,8.4428,0.0,0.0357,negative
1.5177562,12.85135,3.47975,1.23053,72.9684,0.60858,8.56116,0.09135,0.1122,negative
1.51777898,13.21045,3.38995,1.33004,72.7612,0.58995,8.59344,0.0,0.0,negative
1.51755118,13.4831,3.74017,1.16954,72.9908,0.58995,8.03392,0.0,0.0,negative
1.51743728,13.2969,3.60098,1.14065,73.0916,0.57753,8.1738,0.0,0.0,negative
1.515706,12.71835,3.46179,1.56116,73.198,0.67068,8.08772,0.0,0.1224,negative
1.51720948,12.8713,3.47975,1.33004,73.0412,0.5589,8.43204,0.0,0.0,negative
1.51910022,13.88875,3.52914,1.32041,71.8092,0.50922,8.77636,0.11025,0.0,negative
1.52171992,13.5097,3.8614,0.88064,71.7924,0.22977,9.54032,0.0,0.0561,negative
1.51761952,12.81145,3.53812,1.23053,73.2372,0.57753,8.389,0.0,0.0,negative
1.51784732,13.7745,3.48873,1.27868,72.862,0.60237,8.48584,0.0,0.0,negative
1.5175284,12.57205,3.47077,1.3814,73.3884,0.60237,8.5504,0.0,0.0306,negative
1.5178701,12.73165,3.43036,1.1888,72.9516,0.621,8.75484,0.0,0.153,negative
1.52320062,13.7225,3.72221,0.51149,71.7476,0.08694,10.568,0.0,0.0816,negative
1.5229956,13.3102,3.57853,0.81965,71.9884,0.11799,10.17516,0.0,0.0153,negative
1.52101374,13.6427,4.49,1.09892,71.7812,0.0621,8.75484,0.0,0.0,negative
1.51750562,12.8181,3.55159,1.49054,72.75,0.54027,8.51812,0.0,0.0969,negative
1.52212996,14.20795,3.82099,0.46976,71.77,0.11178,9.5726,0.0,0.0,negative
1.52666318,13.9885,3.69976,0.71051,71.5684,0.01863,9.82008,0.0,0.051,negative
1.51925968,13.19715,3.33158,1.27868,72.358,0.60237,9.1422,0.0,0.0561,negative
1.52171992,13.4831,3.74017,0.8999,72.0108,0.18009,9.60488,0.0,0.0357,negative
1.51618438,13.52965,3.55159,1.53869,72.9908,0.39123,7.77568,0.0,0.0,negative
1.51768786,12.55875,3.52016,1.42955,73.1476,0.57132,8.53964,0.0,0.0,negative
1.51796122,12.7383,3.47975,1.3493,72.9572,0.63963,8.67952,0.0,0.0,negative
1.51807512,13.4299,2.86911,1.1888,72.8396,0.55269,9.0346,0.0,0.0,negative
1.51748284,12.858,3.56057,1.26905,73.2092,0.54027,8.37824,0.0,0.0867,negative
1.51736894,12.7782,3.61894,1.29152,72.7892,0.58995,8.70104,0.0,0.0,negative
1.51755118,12.7117,3.42138,1.19843,73.198,0.58995,8.63648,0.0,0.0,negative
1.51768786,12.45235,2.71196,1.29152,73.702,0.5589,9.05612,0.0,0.1224,negative
1.51905466,13.6028,3.61894,1.10855,72.638,0.14283,8.75484,0.0,0.0,negative
1.51766508,13.21045,3.69078,1.29152,72.61,0.57132,8.21684,0.0,0.0,negative
1.51566044,13.29025,3.44832,1.21127,72.7388,0.5589,8.57192,0.0,0.0,negative
1.52226664,14.16805,3.81201,0.78113,71.35,0.0,9.69096,0.0,0.0,negative
1.51966972,14.7732,3.74915,0.29,72.022,0.03105,9.00232,0.0,0.0,negative
1.51777898,13.21045,2.81074,1.29152,72.9796,0.50922,9.02384,0.0,0.459,negative
1.5219705,14.3609,3.84793,0.89027,71.3612,0.14904,9.15296,0.0,0.0,negative
1.5190091,13.48975,3.47975,1.3493,71.9492,0.55269,9.00232,0.0,0.0,negative
1.51663998,12.93115,3.53812,1.61894,72.9572,0.63963,8.03392,0.0,0.1071,negative
1.51709558,12.99765,3.47077,1.78907,72.722,0.65826,8.18456,0.0,0.0,negative
1.51689056,12.6718,2.87809,1.70882,73.2092,0.73278,8.53964,0.0,0.0,negative
1.5266404,11.22875,0.0,0.7715,73.2092,0.0,14.6836,0.0,0.0,negative
1.51812068,12.95775,2.95891,1.42955,72.918,0.60237,8.78712,0.1386,0.0,negative
1.51629828,12.7117,3.33158,1.49054,73.282,0.67068,8.23836,0.0,0.0,negative
1.52725546,13.8023,3.15198,0.65915,70.5716,0.08073,11.63852,0.0,0.0,negative
1.51891798,13.46315,3.82997,1.25942,72.5484,0.57132,8.20608,0.0,0.0714,negative
1.5162755,12.99765,3.57853,1.53869,72.8284,0.60858,8.04468,0.0,0.0,negative
1.51618438,13.01095,3.5022,1.48091,72.89,0.60237,8.12,0.0,0.0,negative
1.5160477,12.8979,3.43934,1.44881,73.58,0.44091,8.27064,0.0,0.0,negative
1.5170728,13.7225,3.6818,1.81154,72.0612,0.63963,7.88328,0.0,0.0,negative
1.52613924,13.70255,0.0,1.35893,71.238,0.19251,13.43544,0.0,0.051,negative
1.51645774,13.4432,3.60996,1.53869,72.3916,0.65826,8.03392,0.0,0.0,negative
1.51743728,12.19965,3.25076,1.15991,73.5508,0.621,8.89472,0.0,0.1224,negative
1.52474966,11.4482,0.0,1.87895,72.19,0.8073,13.24176,0.0,0.1734,negative
1.51828014,13.23705,3.90181,1.41029,72.33,0.55269,8.31368,0.0,0.051,negative
1.51789288,13.1905,3.90181,1.30115,72.33,0.55269,8.4428,0.0,0.1428,negative
1.51839404,12.85135,3.66833,1.24016,72.5708,0.621,8.67952,0.0,0.1785,negative
1.5159338,13.09075,3.592,1.51943,73.0972,0.67068,7.82948,0.0,0.0,negative
1.5159338,13.09075,3.52016,1.55153,72.8676,0.6831,8.04468,0.0,0.459,negative
1.51818902,12.6186,2.76135,0.82928,73.8084,0.34776,9.42196,0.0,0.102,negative
1.51846238,13.0974,3.96916,1.1888,72.442,0.60237,8.43204,0.0,0.0,negative
1.51711836,12.89125,3.61894,1.57079,72.9572,0.60858,8.10924,0.0,0.0,negative
1.51613882,13.922,3.52016,1.24979,72.8788,0.3726,7.93708,0.0,0.0714,negative
1.51841682,13.0176,3.61894,1.0604,72.3412,0.63963,9.13144,0.0,0.0765,negative
1.52408904,13.8289,2.90054,1.16954,71.1484,0.08073,10.78848,0.0,0.0,negative
1.51652608,13.5629,3.56955,1.47128,72.4476,0.63963,7.9586,0.0,0.0,negative
1.5184396,13.25035,3.75813,1.32041,72.4028,0.57753,8.42128,0.0,0.0,negative
1.51812068,13.4299,3.97814,1.17917,72.4924,0.57753,8.15228,0.0,0.0,negative
1.51632106,13.3368,3.56955,1.57079,72.8676,0.60858,7.89404,0.0,0.0,negative
1.51645774,13.4033,3.48873,1.51943,72.6492,0.67068,8.07696,0.0,0.051,negative
1.52222108,14.4274,0.0,0.99941,72.6716,0.09936,11.52016,0.0,0.0408,negative
1.52739214,11.0226,0.0,0.74903,73.0804,0.0,14.96336,0.0,0.0,negative
1.51812068,13.33015,3.84793,1.24979,72.778,0.52164,8.12,0.0,0.0,negative
1.5166172,12.85135,3.51118,1.43918,73.0076,0.6831,8.2276,0.5985,0.1275,negative
1.51572878,14.85965,3.66833,1.74092,71.8708,0.16146,7.35604,0.0,0.0612,negative
1.51859906,13.35675,3.43036,1.42955,72.2628,0.50922,8.6042,0.0,0.0,negative
1.5170728,13.4831,3.47975,1.70882,72.5204,0.621,7.99088,0.0,0.0,negative
1.51805234,12.99765,3.79854,1.07966,73.0692,0.5589,8.37824,0.0,0.0612,negative
1.51568322,13.23705,3.48873,1.47128,73.2484,0.37881,8.03392,0.0,0.0,negative
1.51841682,12.93115,3.74017,1.10855,72.2796,0.63963,8.95928,0.0,0.1122,negative
1.53393,12.2994,0.0,0.99941,70.1628,0.11799,16.19,0.0,0.1224,negative
1.5277794,12.63855,0.0,0.66878,72.022,0.0621,14.40384,0.0,0.0,negative
1.52019366,13.98185,1.35149,1.62857,71.7588,0.39123,10.56252,0.0,0.51,negative
1.51800678,13.7092,3.92875,1.53869,71.8092,0.54027,8.20608,0.0,0.0765,negative
1.51591102,12.8181,3.52016,1.90142,72.862,0.68931,7.96936,0.0,0.0,negative
1.5163894,12.5521,3.47975,1.86932,73.2316,0.62721,8.07696,0.0,0.459,negative
1.51591102,13.23705,3.34056,1.47128,73.0972,0.39123,8.21684,0.0,0.0,negative
1.51654886,12.7516,2.85115,1.43918,73.2708,0.57132,8.78712,0.11025,0.1122,negative
1.52176548,13.19715,3.6818,1.15028,72.75,0.54027,8.51812,0.0,0.0,negative
1.5167311,12.8713,3.56057,1.64141,73.142,0.65205,7.99088,0.0,0.0,negative
1.51595658,13.0176,3.56057,1.53869,73.1084,0.72036,7.9048,0.0,0.0,negative
1.51408862,14.24785,3.08912,2.08118,72.2796,1.09917,7.07628,0.0,0.0,negative
1.53124196,10.73,0.0,2.10044,69.81,0.57753,13.29556,3.15,0.1428,negative
1.52067204,13.5496,2.08785,1.6703,72.1788,0.52785,9.5726,0.2709,0.0867,negative
1.5167311,12.7915,3.52016,1.53869,73.3604,0.65826,7.9048,0.0,0.0,negative
1.5177562,13.52965,3.40791,1.51943,72.0388,0.57753,8.78712,0.0,0.0,negative
1.51609326,13.33015,3.52914,1.33967,72.6716,0.5589,8.3352,0.0,0.0,negative
1.52121876,14.0284,3.75813,0.5789,71.7924,0.11178,9.64792,0.0,0.0,negative
1.51645774,13.03755,3.39893,1.25942,73.0076,0.52164,8.58268,0.0,0.0,negative
1.52210718,14.188,3.78058,0.90953,71.3612,0.22977,9.1422,0.0,0.1887,negative
1.51693612,12.858,3.57853,1.31078,72.61,0.60858,8.78712,0.0,0.0,negative
1.51777898,13.6427,3.65037,0.64952,73.002,0.0621,8.927,0.0,0.0,negative
1.51609326,13.42325,3.39893,1.2209,72.6884,0.58995,8.32444,0.0,0.0,negative
1.5193508,13.6427,3.53812,0.74903,72.6492,0.16146,8.89472,0.1512,0.1224,negative
1.51768786,13.64935,3.65935,1.10855,72.7724,0.11178,8.6042,0.0,0.0,negative
1.51670832,13.23705,3.56955,1.3814,72.6996,0.5589,8.4428,0.0,0.051,negative
1.51654886,13.40995,3.38995,1.27868,72.638,0.52164,8.64724,0.0,0.0,negative
1.52126432,14.321,3.90181,0.82928,71.5012,0.0,9.48652,0.0,0.0,negative
1.51643496,12.15975,3.52016,1.3493,72.89,0.57132,8.52888,0.0,0.0,negative
1.5196925,12.63855,0.0,1.65104,73.7524,0.37881,11.53092,0.0,0.0,positive
1.51914578,12.73165,1.84988,1.85969,72.6884,0.60237,10.08908,0.0,0.0,positive
1.5151365,14.00845,2.68053,3.5,69.8884,1.68291,5.87116,2.1987,0.0,positive
1.52119598,12.97105,0.32777,1.5098,73.3884,0.13041,11.27268,0.0,0.1428,positive
1.5215149,11.02925,1.71069,1.56116,73.4388,0.57753,11.617,0.0,0.0,positive
1.5132002,12.99765,0.0,3.0185,70.7004,6.21,6.92564,0.0,0.0,positive
1.51666276,12.858,0.0,1.8308,73.8812,0.96876,10.17516,0.0,0.0,positive
1.52042146,13.3767,0.0,1.40066,72.2516,0.32913,12.49932,0.0,0.0,positive
1.51994308,13.2703,0.0,1.76018,73.03,0.47196,11.31572,0.0,0.0,positive
1.52171992,11.56125,1.88131,1.56116,72.862,0.47196,11.41256,0.0,0.0,positive
1.51937358,13.789,2.41113,1.1888,72.7612,0.0,9.76628,0.0,0.0,negative
1.51828014,14.46065,2.24051,1.61894,72.3804,0.0,9.26056,0.0,0.0,negative
1.51853072,14.08825,2.19112,1.66067,72.6716,0.0,9.32512,0.0,0.0,negative
1.51299518,14.4008,1.74212,1.53869,74.5476,0.0,7.59276,0.0,0.0,negative
1.51887242,14.99265,0.78126,1.74092,72.498,0.0,9.9492,0.0,0.0,negative
1.51916856,14.1481,0.0,2.09081,72.7388,0.0,10.88532,0.0,0.0,negative
1.51613882,13.8821,1.77804,1.78907,73.0972,0.0,8.66876,0.75915,0.0,negative
1.52247166,14.85965,2.2001,2.05871,70.258,0.75762,9.75552,0.0,0.0,negative
1.51652608,11.94695,0.0,1.1888,75.1804,2.70135,8.927,0.0,0.0,negative
1.52064926,14.3609,0.0,2.02019,73.422,0.0,8.4428,1.64115,0.0,negative
1.51130946,13.68925,3.20137,1.81154,72.8116,1.75743,5.43,1.1907,0.0,negative
1.51556932,13.8688,0.0,2.54021,73.2316,0.14283,9.4112,0.80955,0.0051,negative
1.5163894,14.36755,0.0,2.73923,72.8508,0.0,9.45424,0.53865,0.0,negative
1.52315506,13.4432,3.34056,1.23053,72.3804,0.60237,8.83016,0.0,0.0,negative
1.51545542,14.14145,0.0,2.68145,73.3884,0.08073,9.06688,0.6111,0.0255,negative
1.5165033,14.38085,0.0,1.93994,73.6124,0.0,8.47508,1.5687,0.0,negative
1.51682222,14.5604,0.0,1.97846,73.2876,0.0,8.51812,1.5687,0.0357,negative
1.5171867,14.75325,0.0,2.00093,73.0188,0.0,8.52888,1.59075,0.0408,negative
1.5161616,14.95275,0.0,2.27057,73.2988,0.0,8.7118,0.67095,0.0,negative
1.51711836,14.2279,0.0,2.08118,73.3604,0.0,8.61496,1.6695,0.0,negative
1.52365622,15.79065,1.83192,1.31078,70.4316,0.3105,8.61496,1.67895,0.0,negative
1.5151365,14.853,0.0,2.42144,73.7188,0.0,8.389,0.5607,0.0,negative
1.516845,14.9195,0.0,1.9913,73.58,0.0,8.39976,1.59075,0.0,negative
1.51622994,14.2013,0.0,2.79059,73.4612,0.03726,9.04536,0.40005,0.459,negative
1.51531874,14.38085,0.0,2.65898,73.0972,0.03726,9.07764,0.63945,0.0,negative
1.51609326,15.126,0.0,2.51132,73.0524,0.04968,8.83016,0.5292,0.0,negative
1.51830292,14.3875,0.0,1.82117,72.862,1.40967,6.47372,2.8791,0.0,negative
1.51602492,14.853,0.0,2.37971,73.282,0.0,8.75484,0.63945,0.459,negative
1.51622994,14.14145,0.0,2.88047,72.61,0.08073,9.18524,1.06155,0.0,negative
1.51657164,14.7998,0.0,1.9913,73.1084,0.0,8.2814,1.71045,0.0,negative
1.51732338,14.95275,0.0,1.7987,72.9908,0.0,8.61496,1.5498,0.0,negative
1.5215231895554493,11.050760308745772,1.7175886633048947,1.56116,73.41547829683353,0.5732614975671215,11.608733895639125,0.0,0.0,positive
1.5142562556577537,14.209551744029636,3.023755403479819,2.3081571576268702,71.89706537311473,1.1925543940690924,6.883489714974912,0.3517392456225601,0.0,positive
1.5193426842444848,14.047009480043146,0.028150409690546663,2.040910163119552,72.79459066459707,0.011200216394862822,10.918588275613175,0.0,0.012264327131250752,positive
1.5174505368054139,12.877645675226887,0.05695942475998827,1.7750170566313077,73.79556188631747,0.8230726773422333,10.365885532728994,0.0,0.024815589760278017,positive
1.5198618657846514,13.362343895874906,0.0,1.7948490285863754,72.99946550184693,0.42247146377634914,11.270589340641878,0.0,0.0,positive
1.5166770987737477,12.856961414544184,0.0,1.8299492544017426,73.88059043150281,0.9659679585798178,10.181576371007418,0.0,0.0,positive
1.5138429724796443,13.240312130155464,0.0,2.989216336924848,71.10552992109187,4.909648789562876,7.405023938887293,0.22521243597353816,0.0,positive
1.5213387914155287,12.101517807996494,0.9470374111471261,1.53279885332233,73.41096896821351,0.33062898943691826,11.42686545903319,0.0,0.07885459006174646,positive
1.5203483648544347,13.376136707169715,2.0373835169694687,1.7104640846373589,72.2868712684471,0.5436535143733882,9.682130315399457,0.21345002625133047,0.06831346355109028,positive
1.5209688167834339,13.132816270770235,0.0,1.461145947033085,72.24380988451098,0.38960077148343103,12.593211125708763,0.0,0.021928669249904727,positive
1.5216436820221555,11.363422450427988,1.8178638787444048,1.56116,73.07648671164124,0.5112168691885663,11.488582301192674,0.0,0.0,positive
1.51721694130855,14.257498224179313,0.9193342834471063,2.396953884186898,71.84215227389423,1.5033824000138358,6.267061590717549,2.645745011823255,0.0,positive
1.5204015757793448,13.43225364202888,0.19933984176729472,1.737457217667218,73.13386715444378,0.07931143413025263,11.1209006849528,0.0,0.08684665895100127,positive
1.517216294487522,12.871804111385366,0.04002276504892535,1.7916038942529668,73.82102604077217,0.8663922266260897,10.309174049780323,0.0,0.017436772276250238,positive
1.5199228232797033,13.293257895311172,0.0,1.7688272646693237,73.02238398369262,0.45961640433918893,11.30446336051273,0.0,0.0,positive
1.519561406937519,12.648045327177059,0.0,1.6588179904914473,73.75797301499387,0.4043363990344311,11.472257959564505,0.0,0.0,positive
1.5147273423737546,14.460947837703579,0.0,2.54760415448336,73.08098489952003,1.3122289206137827,8.079778854545992,0.442219040935886,0.0,positive
1.5215109264687576,11.053443537458616,1.6934597359036616,1.5605200885344144,73.43817204949639,0.5719591819608113,11.612710001638815,0.0,0.0017791930935680527,positive
1.518657976405084,13.807568376846318,2.1205171715428555,1.7018473969040586,72.67507593341367,0.12463083395185282,9.48318393397058,0.0,0.0,positive
1.5201561840665887,13.317698036466904,0.0,1.6000245294118316,72.68324594374212,0.40833348168639266,11.842978608667547,0.0,0.0,positive
1.5192667915959024,12.676628916514138,1.851357539861552,1.8456559568924862,72.69656102195245,0.596239361331689,10.151297450078491,0.0,0.0,positive
1.5127947909680524,13.813136252822625,2.999224273433158,2.4668563610303558,71.67706273730859,1.7285076830816353,5.6012207371404426,1.5819197457556582,0.0,positive
1.5209886471319933,13.020570600806911,0.27352984184968754,1.551233477126263,73.32909111669441,0.1869305052818721,11.27980236143268,0.0,0.11916911680793052,positive
1.5189421540462062,12.69289902650393,0.0,1.6955593939592002,73.78429863118572,0.5249171231988765,11.195152234345098,0.0,0.0,positive
1.5197713430331419,12.83732518631773,0.0,1.685380045642607,73.52510250162892,0.4081189174602239,11.463209006576058,0.0,0.0,positive
1.5218689200276068,14.178263580896898,0.0,1.090163704771308,72.82212499749372,0.1382795138319936,11.521658564926936,0.0,0.03511770919897893,positive
1.5146521889263522,13.545810876498212,0.0,2.9523497588887495,71.61556699576936,3.2725756115630418,8.008542882090714,0.5087429432126914,0.0,positive
1.5192095995626436,12.685790599275359,1.8461304875547093,1.8516481726396106,72.70861434110888,0.6017008578982612,10.130239243159771,0.0,0.0,positive
1.5204677816150727,13.440134282526401,2.056002629393982,1.6956459407449413,72.24699943715942,0.5378229632204079,9.64172018309281,0.23464562887267204,0.07509699528704565,positive
1.5221167537492821,14.366489590230579,0.0,1.022670970705226,72.64725206804687,0.11268005791636074,11.576923145360073,0.0,0.03843477232455274,positive
1.5192261201755672,12.695121240303916,1.850860945759781,1.850372731859132,72.69381814139032,0.598299839753959,10.130386461793039,0.0,0.0,positive
1.515361717916829,14.035410684739878,2.489871975291422,3.3805898790084417,70.09990321103417,1.663475261843228,5.914018277791482,2.247094802524768,0.0,positive
1.5217086489062537,13.699393929004472,0.16384698038946957,1.2545457974219159,73.02991685493843,0.11488139836193986,11.396448706389279,0.0,0.09178816853197638,positive
1.5191236512996353,13.167306861171973,0.0,1.7778209785690888,73.24263099629013,0.5960613615565471,11.030806455440953,0.0,0.0,positive
1.5219087669592737,14.268761975669646,0.0,1.103711313429957,72.72073652054273,0.15044333580977426,11.492131344141304,0.0,0.03520633359892971,positive
1.5202154028950479,13.008478910220918,0.0,1.5162848356389544,73.52889374393226,0.3210205632326716,11.52869486369792,0.0,0.008437319807146171,positive
1.5152900727517553,13.786627421645937,0.0,2.9232888149066367,72.0176156708997,1.98211431966096,8.484280830522085,0.7322425091346779,0.0,positive
1.5192919007829722,12.626650666520954,1.841295144955975,1.8412774935247302,72.73468260094143,0.6008379373568964,10.183317888633283,0.0,0.0,positive
1.5193062364038628,13.47641987982641,2.2452099239159913,1.3871325075171503,72.73967842932933,0.17807621600129053,9.861708063358428,0.0,0.0,positive
1.5207763897357618,13.218555275768933,0.0,1.4398816956974214,72.2465485532732,0.36834185521678464,12.560203053698789,0.0,0.014219494519920663,positive
1.5215668510396347,11.63084680173241,1.8794410428242911,1.5789118226428374,72.85167702940811,0.47971471540834226,11.333860431342435,0.0,0.0,positive
1.5153709220801583,14.345351591528855,3.0714973309588847,2.8037630972432126,70.673026075008,1.0807261108651598,6.458869627854048,1.3284632409604176,0.024222717811990018,positive
1.5201947733423893,13.210184082760003,0.06584526046367234,1.7098815092446098,73.10199847865937,0.403346494458409,11.307073754125282,0.0,0.028686893840840874,positive
1.5200443190577757,12.942329737246713,0.24450029170592535,1.5913497951685571,73.51359544878214,0.3433921519612456,10.993855915285375,0.0,0.10652177336426806,positive
1.5196179878361296,13.638742262879667,0.0,1.8989565611482166,72.90777353958697,0.2738624716465163,11.135066605213707,0.0,0.0,positive
1.5197580165686326,12.803727157928593,0.0,1.679575710354296,73.56352152134924,0.4031649699423005,11.474653875130617,0.0,0.0,positive
1.5147113954268483,14.445667577442885,0.0,2.5525214111687555,73.0561260116709,1.3633731339529902,8.067726938920861,0.4376012373256938,0.0,positive
1.5216298776704282,11.327601968919362,1.8063757386034245,1.56116,73.11532365475058,0.5183250801525993,11.502347600515273,0.0,0.0,positive
1.5186516187323724,13.821591104385773,2.1240444570695867,1.699790192691393,72.67490227734507,0.11840433359217312,9.475287130984405,0.0,0.0,positive
1.5202628998619743,13.341433478226653,0.0,1.519823720939412,72.5096024487629,0.3764713280534497,12.107013090498754,0.0,0.0,positive
1.5207887080360394,11.984649847179798,1.8699399921421214,1.6691551780404863,72.79919906572931,0.5191366695751175,10.933782462623444,0.0,0.0,positive
1.517078733392509,14.24095344787821,1.0363340703311423,2.470231464446968,71.71236056618031,1.5153087809042545,6.240761048815446,2.6160469092107497,0.0,positive
1.520278727191096,13.503575287666285,0.17947909176468418,1.772662679909085,73.09450558016395,0.07140942843162115,11.097429164920426,0.0,0.07819389908776551,positive
1.516973959078243,12.89711428761816,0.0,1.82410038566191,73.8004479223367,0.9216293230931313,10.28336323038023,0.0,0.0,positive
1.520182491228697,13.2131176149832,0.06263214816025559,1.7123359713934625,73.09848510205521,0.40669469138684045,11.30749567301212,0.0,0.02728703285012203,positive
1.5188948369222768,12.696326298430343,0.0,1.6983668052214098,73.7863101719655,0.5341306983776737,11.173978581180583,0.0,0.0,positive
1.5150885846999766,13.511997539207012,0.0,2.575399133634037,71.50035225437988,4.433522018288591,6.758396096040268,1.0654804476245003,0.0,positive
1.5211127532601425,11.318224222467968,1.73431683389645,1.6118340335017403,73.31142320457005,0.5817464706802774,11.357642919411855,0.0,0.0,positive
1.5190392060136528,12.96671368464599,1.9090080640930247,1.8252049826638326,72.68548899461739,0.49799486236163604,9.956705495708277,0.0,0.0,positive
1.5205244560059876,13.436833752398504,0.0,1.377695625630627,72.27563747597542,0.3159797836788764,12.443280631009308,0.0,0.00233506909475494,positive
1.5215675408628446,11.165846132247218,1.7544983309850006,1.56116,73.29070103556354,0.5504238840576339,11.564508057750713,0.0,0.0,positive
1.5143201009274536,13.940357013264334,2.791637616577081,3.139811139148801,70.51198840484241,1.6988068965273866,5.777050031239641,1.9836695155715809,0.0,positive
1.5208397976669679,13.056122681905878,0.23458947218616666,1.5809796093420008,73.28651178213846,0.227507993333175,11.284915683305695,0.0,0.10220391319579157,positive
1.516712468160997,12.859239628255569,0.00359409954292508,1.8272801356033836,73.87579629540608,0.9595672326576219,10.187194646643533,0.0,0.0015658462175601837,positive
1.521034501766336,13.824682847158696,0.0,1.3956844173944165,72.85828553070462,0.29344211144124976,11.413670072831323,0.0,0.019547852531392945,positive
1.5199037934720685,13.171252733575301,0.0,1.7430687714165545,73.1432595888646,0.45735572161858196,11.349459567446926,0.0,0.0,positive
1.513607763560457,13.151515084281376,0.0,2.99993207065627,70.95728124230085,5.3854846606633044,7.229603581432242,0.14280073458550027,0.0,positive
1.5214050889380792,11.697853787901241,1.2345206981334915,1.5434756398462213,73.42144618863415,0.4235769020257475,11.498443168065632,0.0,0.04916913220326369,positive
1.5202966669319224,13.34843086693353,2.029322927934681,1.7168791577864888,72.30413258782404,0.5461776774816471,9.69962467613689,0.20427402268145176,0.06537673594123983,positive
1.5229946223155624,12.230185623223894,0.0,1.685008644681485,72.21497812517012,0.6134073033668813,12.940708713452763,0.0,0.10308819960226953,positive
1.5216958293211265,11.498737849181822,1.8612614602018844,1.56116,72.9297763319397,0.48436490180803576,11.4365825265287,0.0,0.0,positive
1.515439753732099,14.444273557713425,3.1862942273370782,2.5993321147761614,70.90341012783259,0.9039112313403547,6.63143453521794,1.072941945083991,0.03133505842582424,positive
1.5202296796938441,13.2018468446142,0.07497707849892637,1.7029058110426178,73.11198366212288,0.39383075949199653,11.305874640575423,0.0,0.03266536537708359,positive
1.518341009311561,13.72203920378519,0.0,2.004940635126104,73.11608226772793,0.31993694825289465,10.650786758359887,0.0,0.0,positive
1.5207152144864957,13.662502288992231,0.0,1.5023148756402915,72.90851931520628,0.34566618539581295,11.385015511158562,0.0,0.013829274384999552,positive
1.5195448537248966,12.649244308776135,0.0,1.6598001227869574,73.7586767234922,0.4075596352812943,11.464850662718929,0.0,0.0,positive
1.513783079259553,13.217700993509933,0.0,2.9919449740914708,71.06778011645967,5.030814868866393,7.360355181793182,0.20422725315655546,0.0,positive
1.5217042779073429,11.520660821902176,1.8682924707386264,1.56116,72.90600721414816,0.4800145103980964,11.428157841297592,0.0,0.0,positive
1.5192560066747816,13.243274998157675,2.121454720022694,1.535063249147394,72.72362608395127,0.31089834904219116,9.932885221161111,0.0,0.0,positive
1.5207785022834184,13.217613995755196,0.0,1.4401151438787905,72.24651848697874,0.3685752448274504,12.56056543064118,0.0,0.014304129186439774,positive
1.5208698080559868,11.947775604385571,1.8709302155281626,1.659749788685257,72.80466845102414,0.5150280144121004,10.975479594247934,0.0,0.0,positive
1.5157283212848693,14.85899075383377,3.66756495845512,1.7422823904441866,71.86926465037602,0.1626383483078131,7.354889974803441,0.0017028718816844979,0.061152601191995684,positive
1.519849493948243,12.673269775315138,0.03422586693245966,1.6362916659683906,73.7143909828129,0.3528719783811118,11.503954481872537,0.0,0.01491122981955409,positive
1.51733264640371,12.94219732350797,0.0,1.8163784259371019,73.70737326759645,0.8673066157682279,10.408078019161414,0.0,0.0,positive
1.5200981913834404,13.349088139499115,0.0,1.7083783813959552,73.00559617215757,0.44658927942496796,11.32964053170789,0.0,0.0027781143302772595,positive
1.5198090175739623,12.932308389938214,0.0,1.7017891740053133,73.41649012917868,0.4221239596719344,11.430853825857216,0.0,0.0,positive
1.5155050803519257,13.867797981850739,0.0,2.9134934202353056,72.15313175917308,1.5471464235720633,8.644634911514189,0.8075761410505781,0.0,positive
1.5214355404674234,11.512444344529216,1.366566443023821,1.5483796613786072,73.42625854621265,0.46626938854366906,11.53131997285596,0.0,0.035534119064152936,positive
1.5192247715159737,13.098294773551176,2.0444980348565727,1.6270533970513565,72.71364399632527,0.3934932683179442,9.97714645585443,0.0,0.0,positive
1.5217630723125208,14.159994282551725,0.0,1.1015291054783671,72.56470897370488,0.15783702645673378,11.769358612636008,0.0,0.03041630030276042,positive
1.5214720622756264,12.228177166892698,1.1463844567637378,1.5368633768679183,73.11102146450015,0.31038461778110293,11.346387654912078,0.0,0.06755369515695653,positive
1.5152656733175713,14.194092479767331,2.895964259297662,3.1163534148154164,70.32075156472129,1.3510893340671912,6.195004931105398,1.7191744827720488,0.013347415133647433,positive
1.5204285762662968,12.80133590905347,0.16047018770061905,1.5818914833241742,73.57419226798356,0.2571979103492273,11.404490426604607,0.0,0.0699122640987534,positive
1.5210047428184656,12.966280903558077,0.3139427842479509,1.5233416183799853,73.40918912628554,0.16577640426436335,11.226380320858562,0.0,0.1367758781786234,positive
1.5216293744637355,14.126845796307425,0.0,1.1970183497910296,72.76469361905058,0.1961420381089391,11.46705715547238,0.0,0.030202288902724864,positive
1.5173154500592034,12.810724381137582,0.0,1.7920747083768138,73.8534529063136,0.8416684012399939,10.46722832093375,0.0,0.0,positive
1.5140696590697162,13.830759995867382,0.0,2.7504014449389174,72.05575570729302,3.4215163854062873,7.582734264452794,0.2517717814336062,0.0,positive
1.5200783267887357,12.297839370548388,0.36217626713265383,1.6320111853755603,73.68600662810164,0.4208817183151833,11.549144303102713,0.0,0.0,positive
1.518993555498697,13.067402216804044,1.9343353195210173,1.810433471776249,72.68424207781048,0.4532862149224147,9.900003438338775,0.0,0.0,positive
1.5203205648418452,13.354259168803768,0.0,1.476486387515686,72.4157723966461,0.3592542849601285,12.249686843948695,0.0,0.0,positive
1.5209696086905555,12.282935432231403,1.086883844819484,1.645200744695997,72.9329418405634,0.47196,11.371667096189526,0.0,0.0,positive
1.5127660237779115,13.810736882266534,3.0031393365924135,2.45416450260574,71.69903592029596,1.729067836884392,5.5979046146012035,1.574342786104845,0.0,positive
1.5202769423004137,12.767801513081386,0.12741283742161144,1.5961362896011582,73.61090360673195,0.2822503733852144,11.430535306050716,0.0,0.05551012351284777,positive
1.5179456808142529,12.889993637646375,0.09276032385096929,1.739955615351737,73.74173547428454,0.7315033337387189,10.485762894202995,0.0,0.04041301597436744,positive
1.5199345540347562,13.248804754797934,0.0,1.7564665198870542,73.05457960448591,0.4687905784082746,11.32304216346258,0.0,0.0,positive
1.519710884546735,12.68490021709598,0.0,1.6590473805996917,73.69939897612957,0.3856442267075432,11.515131212158204,0.0,0.0,positive
1.5149162369662952,13.679394273264755,0.0,2.889412360470427,72.26411003998616,2.7137758938625987,8.126243972022404,0.2265872940801439,0.2599764229041021,positive
1.5215758645452853,11.187444996057993,1.761425395164314,1.56116,73.26728332006344,0.5461378087709728,11.556207922943429,0.0,0.0,positive
1.5190287255478707,12.989829803203888,1.9148227068003059,1.8218137325419153,72.68520272689531,0.4877306309480125,9.943687811841631,0.0,0.0,positive
1.5234816992765228,12.013160550627461,0.0,1.7388333384705166,72.208045926844,0.6672184928734595,13.024259708992558,0.0,0.12260188774757486,positive
1.5200313468197104,12.329003910125639,1.8606926850689944,1.7569884131833622,72.74812262577083,0.5575057855600517,10.544389336147402,0.0,0.0,positive
1.511586099530641,13.712323534162325,3.1637208159990444,1.9335911888838284,72.6002950029345,1.7520432839418032,5.461889474721337,1.2635637920915506,0.0,positive
1.5213933351166549,13.25143057178862,0.2646668036425613,1.4115382909086458,73.25039966089328,0.12443216723037961,11.32032554118601,0.0,0.12316267495970118,positive
1.5186619764577853,13.109279431745955,0.0,1.7877600934516147,73.36242956026642,0.6659813880878243,10.870283135270835,0.0,0.0,positive
1.5200318611575938,13.249094986503351,0.023225955802161188,1.7424379405871644,73.05539641382522,0.44775758609931304,11.312670162804025,0.0,0.010118883633488781,positive
1.5207431732534962,12.870910162281868,0.22905470794324126,1.552337596027997,73.49802676971248,0.2052212351554409,11.350454772007009,0.0,0.09979257495894943,positive
1.5158102848097097,13.983020033516366,0.0,2.8995888042260325,72.34549758349611,0.9297071294537025,8.872258401585574,0.9145126412653418,0.0,positive
1.5215461850596632,11.110430625016399,1.736725786165974,1.56116,73.35078311182433,0.5614205289793585,11.585803445529413,0.0,0.0,positive
1.519767170700593,12.449118484241655,1.8574671202497306,1.787625634484502,72.73030658846176,0.5708893651998925,10.408564629593176,0.0,0.0,positive
1.5208772889022426,13.642833643539415,0.0,1.2990266846195964,72.35798253572528,0.2709311542057188,12.251306848379127,0.0,0.01033430347045599,positive
1.5212271460677167,12.035223621130148,1.359563232399075,1.6163545408720181,72.90859171372976,0.47196,11.38570320501434,0.0,0.0,positive
1.5148888743153786,14.065022879431247,2.777084355918185,3.164717072704081,70.45346712320803,1.5449657533868146,6.15594324335917,1.67912276522354,0.0,positive
1.5200031818093054,13.663547415610557,0.1349320764498769,1.8516273849402234,73.00621885121225,0.05368548704832184,11.044783310045533,0.0,0.05878604056821071,positive
1.5174585427748857,12.87784532908194,0.05753828848462863,1.7744501491791018,73.794691568584,0.8215920952158879,10.36782382639549,0.0,0.02506778410350236,positive
1.5214918907664114,14.057011561815097,0.0,1.2429329557669426,72.78632406554789,0.21862949448422359,11.454718627342045,0.0,0.027739894323788723,positive
1.5174472199152074,12.80118003248059,0.0,1.7842565624912763,73.84785111954204,0.8160102171880756,10.526193215603177,0.0,0.0,positive
1.5155574858710865,13.887582330612108,0.0,2.9111059104787644,72.1861621774234,1.4411282251697157,8.683719292053787,0.8259378086739675,0.0,positive
1.5216497991468272,11.37929558634335,1.8229546201915459,1.56116,73.05927689059615,0.5080670064844597,11.482482481819483,0.0,0.0,positive
1.5188723826121837,13.33466579733909,2.0015629652690485,1.7712245687848847,72.68093231210726,0.33461338357426845,9.749495783182095,0.0,0.0,positive
1.5228396918722593,12.299217405468244,0.0,1.667887975182055,72.21718313309663,0.5962909293374381,12.914132640645143,0.0,0.09688124547150964,positive
1.5213034741950275,12.681808262110442,0.6465021673151825,1.5203372788040912,73.2804010988615,0.20048413503772067,11.301378492194631,0.0,0.11350242575498021,positive
1.5151647277625395,14.01182912639214,2.6566338130380656,3.4850336927557963,69.9149088253256,1.6804741406268613,5.876531656506654,2.204765578676195,0.0,positive
1.521484630319409,13.381132814038958,0.23547567242932743,1.3660830587033725,73.18656159501279,0.12166686038664495,11.342366060918296,0.0,0.1140785751831815,positive
1.5183193728861746,13.710899786277395,0.0,2.0026955688938726,73.12594636396923,0.32830174331130224,10.644654854835094,0.0,0.0,positive
1.5206735954542498,13.641362086089769,0.0,1.5162141342714435,72.91506727883971,0.35247358285623753,11.381280394849359,0.0,0.013083858882086713,positive
1.5198338392519795,12.99488758655135,0.0,1.7126002440779016,73.34493142457508,0.43135110991255743,11.409536780964226,0.0,0.0,positive
1.5133948230536698,13.18413653753359,0.0,2.95848779092904,71.00378802106955,5.585815130253809,7.07272650096486,0.05635756142780825,0.0,positive
1.5203440952603833,11.870565758054957,1.7794768540670052,1.7086917159610824,73.06795686980472,0.5898057773907924,10.861911200042687,0.0,0.0,positive
1.5211874224308874,11.803363931211702,1.8748082562730828,1.6229151878713517,72.82608836427003,0.49893716829230883,11.138779287696458,0.0,0.0,positive
1.5205733548405518,13.385356320074195,0.0,1.3995514278450325,72.22467335882398,0.325500641557353,12.524188357673333,0.0,0.0013548329715634484,positive
1.521649871449873,11.379483203260309,1.8230147916170563,1.56116,73.05907347435988,0.5080297758116714,11.482410383318538,0.0,0.0,positive
1.5165669401546986,14.179687024980423,1.4695921749880712,2.741583288094229,71.23173311563589,1.559472973999075,6.1433683676881765,2.5060728315438054,0.0,positive
1.5220779225928185,14.22401760808834,0.04577378143776212,1.070687054971533,72.77170265288034,0.1036961989005782,11.4855988887628,0.0,0.055044518127503245,positive
1.517400592730912,13.237869904281876,0.0,1.9073599362935667,73.54482035605642,0.6835086485759942,10.384266589585936,0.0,0.0,positive
1.5199399001395837,13.262283091954888,0.0,1.7587950133058274,73.03916725662333,0.47077792641962446,11.318450888185689,0.0,0.0,positive
1.5169269726130272,12.838862563147728,0.0,1.8151237837841667,73.86996782015689,0.9173126048257078,10.293390901739976,0.0,0.0,positive
1.515393907551823,13.825827565657466,0.0,2.9185582712120124,72.08306119896791,1.7720528869930599,8.561721506696635,0.7686237933412163,0.0,positive
1.5210259218382232,11.380619463179881,1.7394183338698355,1.6227755579435446,73.28392003925623,0.5826568899585223,11.301642604451478,0.0,0.0,positive
1.5187445931740788,13.616523098632005,2.0724615245298432,1.7298746940220098,72.67744181921199,0.20946051420981826,9.590769774118453,0.0,0.0,positive
1.5200261530248584,13.288776879980231,0.0,1.6977475950141698,72.8948270359341,0.4471568724851854,11.521257924291358,0.0,0.0,positive
1.5191459597912969,12.731568253189776,1.8498821952343176,1.859669149115468,72.68841212512497,0.6023608914887889,10.08917243871189,0.0,0.0,positive
