@relation glass2
@attribute RI real [1.51115, 1.53393]
@attribute Na real [10.73, 17.38]
@attribute Mg real [0.0, 4.49]
@attribute Al real [0.29, 3.5]
@attribute Si real [69.81, 75.41]
@attribute K real [0.0, 6.21]
@attribute Ca real [5.43, 16.19]
@attribute Ba real [0.0, 3.15]
@attribute Fe real [0.0, 0.51]
@attribute Class {positive, negative}
@data
1.51673,13.3,3.64,1.53,72.53,0.65,8.03,0.0,0.29,negative
1.51775,12.85,3.48,1.23,72.97,0.61,8.56,0.09,0.22,negative
1.51761,12.81,3.54,1.23,73.24,0.58,8.39,0.0,0.0,negative
1.51846,13.41,3.89,1.33,72.38,0.51,8.28,0.0,0.0,negative
1.51811,13.33,3.85,1.25,72.78,0.52,8.12,0.0,0.0,negative
1.5159,13.24,3.34,1.47,73.1,0.39,8.22,0.0,0.0,negative
1.52152,13.05,3.65,0.87,72.22,0.19,9.85,0.0,0.17,negative
1.51735,13.02,3.54,1.69,72.73,0.54,8.44,0.0,0.07,negative
1.51841,13.02,3.62,1.06,72.34,0.64,9.13,0.0,0.15,negative
1.51747,12.84,3.5,1.14,73.27,0.56,8.55,0.0,0.0,negative
1.51593,13.09,3.59,1.52,73.1,0.67,7.83,0.0,0.0,negative
1.51721,12.87,3.48,1.33,73.04,0.56,8.43,0.0,0.0,negative
1.51778,13.21,2.81,1.29,72.98,0.51,9.02,0.0,0.09,negative
1.52475,11.45,0.0,1.88,72.19,0.81,13.24,0.0,0.34,negative
1.51707,13.48,3.48,1.71,72.52,0.62,7.99,0.0,0.0,negative
1.51766,13.21,3.69,1.29,72.61,0.57,8.22,0.0,0.0,negative
1.51753,12.57,3.47,1.38,73.39,0.6,8.55,0.0,0.06,negative
1.51605,12.9,3.44,1.45,73.06,0.44,8.27,0.0,0.0,negative
1.51409,14.25,3.09,2.08,72.28,1.1,7.08,0.0,0.0,negative
1.51784,13.08,3.49,1.28,72.86,0.6,8.49,0.0,0.0,negative
1.51687,13.23,3.54,1.48,72.84,0.56,8.1,0.0,0.0,negative
1.51783,12.69,3.54,1.34,72.95,0.57,8.75,0.0,0.0,negative
1.51755,12.71,3.42,1.2,73.2,0.59,8.64,0.0,0.0,negative
1.52172,13.48,3.74,0.9,72.01,0.18,9.61,0.0,0.07,negative
1.51768,12.65,3.56,1.3,73.08,0.61,8.69,0.0,0.14,negative
1.51683,14.56,0.0,1.98,73.29,0.0,8.52,1.57,0.07,negative
1.51966,14.77,3.75,0.29,72.02,0.03,9.0,0.0,0.0,negative
1.5221,13.73,3.84,0.72,71.76,0.17,9.74,0.0,0.0,negative
1.52222,14.43,0.0,1.0,72.67,0.1,11.52,0.0,0.08,negative
1.52739,11.02,0.0,0.75,73.08,0.0,14.96,0.0,0.0,negative
1.51629,12.71,3.33,1.49,73.28,0.67,8.24,0.0,0.0,negative
1.5164,12.55,3.48,1.87,73.23,0.63,8.08,0.0,0.09,negative
1.518,13.71,3.93,1.54,71.81,0.54,8.21,0.0,0.15,negative
1.52068,13.55,2.09,1.67,72.18,0.53,9.57,0.27,0.17,negative
1.51831,14.39,0.0,1.82,72.86,1.41,6.47,2.88,0.0,negative
1.52213,14.21,3.82,0.47,71.77,0.11,9.57,0.0,0.0,negative
1.51841,12.93,3.74,1.11,72.28,0.64,8.96,0.0,0.22,negative
1.51824,12.87,3.48,1.29,72.95,0.6,8.43,0.0,0.0,negative
1.52101,13.64,4.49,1.1,71.78,0.06,8.75,0.0,0.0,negative
1.51756,13.15,3.61,1.05,73.24,0.57,8.24,0.0,0.0,negative
1.51625,13.36,3.58,1.49,72.72,0.45,8.21,0.0,0.0,negative
1.51689,12.67,2.88,1.71,73.21,0.73,8.54,0.0,0.0,negative
1.51593,13.25,3.45,1.43,73.17,0.61,7.86,0.0,0.0,negative
1.51645,13.44,3.61,1.54,72.39,0.66,8.03,0.0,0.0,negative
1.51937,13.79,2.41,1.19,72.76,0.0,9.77,0.0,0.0,negative
1.52667,13.99,3.7,0.71,71.57,0.02,9.82,0.0,0.1,negative
1.5159,12.82,3.52,1.9,72.86,0.69,7.97,0.0,0.0,negative
1.51994,13.27,0.0,1.76,73.03,0.47,11.32,0.0,0.0,negative
1.51797,12.74,3.48,1.35,72.96,0.64,8.68,0.0,0.0,negative
1.52081,13.78,2.28,1.43,71.99,0.49,9.85,0.0,0.17,negative
1.5202,13.98,1.35,1.63,71.76,0.39,10.56,0.0,0.18,negative
1.51848,13.64,3.87,1.27,71.96,0.54,8.32,0.0,0.32,negative
1.53125,10.73,0.0,2.1,69.81,0.58,13.3,3.15,0.28,negative
1.51613,13.92,3.52,1.25,72.88,0.37,7.94,0.0,0.14,negative
1.51655,12.75,2.85,1.44,73.27,0.57,8.79,0.11,0.22,negative
1.51508,15.15,0.0,2.25,73.5,0.0,8.34,0.63,0.0,negative
1.51847,13.1,3.97,1.19,72.44,0.6,8.43,0.0,0.0,negative
1.51751,12.81,3.57,1.35,73.02,0.62,8.59,0.0,0.0,negative
1.5159,13.02,3.58,1.51,73.12,0.69,7.96,0.0,0.0,negative
1.51571,12.72,3.46,1.56,73.2,0.67,8.09,0.0,0.24,negative
1.51299,14.4,1.74,1.54,74.55,0.0,7.59,0.0,0.0,negative
1.51872,12.93,3.66,1.56,72.51,0.58,8.55,0.0,0.12,negative
1.51666,12.86,0.0,1.83,73.88,0.97,10.17,0.0,0.0,negative
1.51818,13.72,0.0,0.56,74.45,0.0,10.99,0.0,0.0,negative
1.51321,13.0,0.0,3.02,70.7,6.21,6.93,0.0,0.0,negative
1.51808,13.43,2.87,1.19,72.84,0.55,9.03,0.0,0.0,negative
1.51545,14.14,0.0,2.68,73.39,0.08,9.07,0.61,0.05,negative
1.51977,13.81,3.58,1.32,71.72,0.12,8.67,0.69,0.0,negative
1.51743,13.3,3.6,1.14,73.09,0.58,8.17,0.0,0.0,negative
1.51618,13.01,3.5,1.48,72.89,0.6,8.12,0.0,0.0,negative
1.51926,13.2,3.33,1.28,72.36,0.6,9.14,0.0,0.11,negative
1.51844,13.25,3.76,1.32,72.4,0.58,8.42,0.0,0.0,negative
1.51531,14.38,0.0,2.66,73.1,0.04,9.08,0.64,0.0,negative
1.51623,14.2,0.0,2.79,73.46,0.04,9.04,0.4,0.09,negative
1.51763,12.8,3.66,1.27,73.01,0.6,8.56,0.0,0.0,negative
1.5166,12.99,3.18,1.23,72.97,0.58,8.81,0.0,0.24,negative
1.52152,13.05,3.65,0.87,72.32,0.19,9.85,0.0,0.17,negative
1.51732,14.95,0.0,1.8,72.99,0.0,8.61,1.55,0.0,negative
1.51651,14.38,0.0,1.94,73.61,0.0,8.48,1.57,0.0,negative
1.52119,12.97,0.33,1.51,73.39,0.13,11.27,0.0,0.28,negative
1.51892,13.46,3.83,1.26,72.55,0.57,8.21,0.0,0.14,negative
1.51754,13.39,3.66,1.19,72.79,0.57,8.27,0.0,0.11,negative
1.52171,11.56,1.88,1.56,72.86,0.47,11.41,0.0,0.0,negative
1.51754,13.48,3.74,1.17,72.99,0.59,8.03,0.0,0.0,negative
1.52223,13.21,3.77,0.79,71.99,0.13,10.02,0.0,0.0,negative
1.5161,13.33,3.53,1.34,72.67,0.56,8.33,0.0,0.0,positive
1.51514,14.01,2.68,3.5,69.89,1.68,5.87,2.2,0.0,negative
1.5161,13.42,3.4,1.22,72.69,0.59,8.32,0.0,0.0,positive
1.52315,13.44,3.34,1.23,72.38,0.6,8.83,0.0,0.0,negative
1.52043,13.38,0.0,1.4,72.25,0.33,12.5,0.0,0.0,negative
1.51911,13.9,3.73,1.18,72.12,0.06,8.89,0.0,0.0,negative
1.51806,13.0,3.8,1.08,73.07,0.56,8.38,0.0,0.12,negative
1.52177,13.2,3.68,1.15,72.75,0.54,8.52,0.0,0.0,negative
1.51556,13.87,0.0,2.54,73.23,0.14,9.41,0.81,0.01,negative
1.51645,14.94,0.0,1.87,73.11,0.0,8.67,1.38,0.0,negative
1.51916,14.15,0.0,2.09,72.74,0.0,10.88,0.0,0.0,negative
1.51829,14.46,2.24,1.62,72.38,0.0,9.26,0.0,0.0,negative
1.51617,14.95,0.0,2.27,73.3,0.0,8.71,0.67,0.0,negative
1.5169,13.33,3.54,1.61,72.54,0.68,8.11,0.0,0.0,negative
1.519,13.49,3.48,1.35,71.95,0.55,9.0,0.0,0.0,negative
1.52099,13.69,3.59,1.12,71.96,0.09,9.4,0.0,0.0,negative
1.51837,13.14,2.84,1.28,72.85,0.55,9.07,0.0,0.0,negative
1.51888,14.99,0.78,1.74,72.5,0.0,9.95,0.0,0.0,negative
1.51743,12.2,3.25,1.16,73.55,0.62,8.9,0.0,0.24,negative
1.51969,12.64,0.0,1.65,73.75,0.38,11.53,0.0,0.0,negative
1.51708,13.72,3.68,1.81,72.06,0.64,7.88,0.0,0.0,negative
1.51602,14.85,0.0,2.38,73.28,0.0,8.76,0.64,0.09,negative
1.5186,13.36,3.43,1.43,72.26,0.51,8.6,0.0,0.0,negative
1.51709,13.0,3.47,1.79,72.72,0.66,8.18,0.0,0.0,negative
1.51838,14.32,3.26,2.22,71.25,1.46,5.79,1.63,0.0,negative
1.523,13.31,3.58,0.82,71.99,0.12,10.17,0.0,0.03,negative
1.51779,13.21,3.39,1.33,72.76,0.59,8.59,0.0,0.0,negative
1.51653,11.95,0.0,1.19,75.18,2.7,8.93,0.0,0.0,negative
1.51764,12.98,3.54,1.21,73.0,0.65,8.53,0.0,0.0,negative
1.51793,13.21,3.48,1.41,72.64,0.59,8.43,0.0,0.0,negative
1.51909,13.89,3.53,1.32,71.81,0.51,8.78,0.11,0.0,negative
1.51727,14.7,0.0,2.34,73.28,0.0,8.95,0.66,0.0,negative
1.51658,14.8,0.0,1.99,73.11,0.0,8.28,1.71,0.0,negative
1.52058,12.85,1.61,2.17,72.18,0.76,9.7,0.24,0.51,negative
1.51645,13.4,3.49,1.52,72.65,0.67,8.08,0.0,0.1,negative
1.51655,13.41,3.39,1.28,72.64,0.52,8.65,0.0,0.0,positive
1.51662,12.85,3.51,1.44,73.01,0.68,8.23,0.06,0.25,negative
1.51514,14.85,0.0,2.42,73.72,0.0,8.39,0.56,0.0,negative
1.51786,12.73,3.43,1.19,72.95,0.62,8.76,0.0,0.3,negative
1.51316,13.02,0.0,3.04,70.48,6.21,6.96,0.0,0.0,negative
1.52151,11.03,1.71,1.56,73.44,0.58,11.62,0.0,0.0,negative
1.51652,13.56,3.57,1.47,72.45,0.64,7.96,0.0,0.0,negative
1.52664,11.23,0.0,0.77,73.21,0.0,14.68,0.0,0.0,negative
1.51905,13.6,3.62,1.11,72.64,0.14,8.76,0.0,0.0,negative
1.51574,14.86,3.67,1.74,71.87,0.16,7.36,0.0,0.12,negative
1.51784,12.68,3.67,1.16,73.11,0.61,8.7,0.0,0.0,negative
1.5172,13.38,3.5,1.15,72.85,0.5,8.43,0.0,0.0,negative
1.52213,14.21,3.82,0.47,71.77,0.11,9.57,0.0,0.0,negative
1.5232,13.72,3.72,0.51,71.75,0.09,10.06,0.0,0.16,negative
1.51618,13.53,3.55,1.54,72.99,0.39,7.78,0.0,0.0,negative
1.51131,13.69,3.2,1.81,72.81,1.76,5.43,1.19,0.0,negative
1.51755,13.0,3.6,1.36,72.99,0.57,8.4,0.0,0.11,negative
1.52177,13.75,1.01,1.36,72.19,0.33,11.14,0.0,0.0,negative
1.5182,12.62,2.76,0.83,73.81,0.35,9.42,0.0,0.2,negative
1.52247,14.86,2.2,2.06,70.26,0.76,9.76,0.0,0.0,negative
1.51623,14.14,0.0,2.88,72.61,0.08,9.18,1.06,0.0,negative
1.51596,12.79,3.61,1.62,72.97,0.64,8.07,0.0,0.26,negative
1.51594,13.09,3.52,1.55,72.87,0.68,8.05,0.0,0.09,negative
1.52725,13.8,3.15,0.66,70.57,0.08,11.64,0.0,0.0,negative
1.5241,13.83,2.9,1.17,71.15,0.08,10.79,0.0,0.0,negative
1.51609,15.01,0.0,2.51,73.05,0.05,8.83,0.53,0.0,negative
1.51852,14.09,2.19,1.66,72.67,0.0,9.32,0.0,0.0,negative
1.51769,12.45,2.71,1.29,73.7,0.56,9.06,0.0,0.24,negative
1.51589,12.88,3.43,1.4,73.28,0.69,8.05,0.0,0.24,negative
1.51905,14.0,2.39,1.56,72.37,0.0,9.57,0.0,0.0,negative
1.51898,13.58,3.35,1.23,72.08,0.59,8.91,0.0,0.0,negative
1.51763,12.61,3.59,1.31,73.29,0.58,8.5,0.0,0.0,negative
1.51768,12.56,3.52,1.43,73.15,0.57,8.54,0.0,0.0,negative
1.51663,12.93,3.54,1.62,72.96,0.64,8.03,0.0,0.21,negative
1.52065,14.36,0.0,2.02,73.42,0.0,8.44,1.64,0.0,negative
1.51596,13.02,3.56,1.54,73.11,0.72,7.9,0.0,0.0,negative
1.51674,12.87,3.56,1.64,73.14,0.65,7.99,0.0,0.0,negative
1.51851,13.2,3.63,1.07,72.83,0.57,8.41,0.09,0.17,negative
1.51631,13.34,3.57,1.57,72.87,0.61,7.89,0.0,0.0,negative
1.51711,12.89,3.62,1.57,72.96,0.61,8.11,0.0,0.0,negative
1.5167560875141302,13.066910081699344,3.4023005124127255,1.264799603141582,72.97961923463095,0.5316462964002652,8.539365907270671,0.0,0.0,positive
1.5217995451335165,14.043536688472665,3.7610232710949023,0.4792059853974902,71.78235670288984,0.11,9.634835378509377,0.0,0.0,positive
1.518322566029465,13.37105817956723,3.3936349548067968,1.367193818374186,72.45537828858129,0.519721496165915,8.626014160420008,0.0,0.0,positive
1.5189955946278653,13.64,3.59719338390375,0.6922760146521372,72.74709383618178,0.1391174668877266,8.914619700099015,0.032296542858357646,0.08431211669913098,positive
1.5175589361046402,13.221719452017563,3.493968709733912,1.3672534679431305,72.6588498327899,0.587400023408171,8.356123711634194,0.0,0.0,positive
1.5182788826851084,13.608004649429143,3.661236248246373,1.1177929553116075,72.76520947167428,0.12446115001714447,8.52412296728344,0.0,0.0,positive
1.5216575039707199,14.25266724247915,3.866376113405268,0.548696508883805,71.63937657956053,0.012553853799462958,9.524368430917226,0.0,0.0,positive
1.5175132833234515,12.67041607988621,3.578232613373169,1.3092902911333582,73.00034982018532,0.61,8.786229483244826,0.0,0.004104878064505536,positive
1.5192706912318874,13.61356244623415,3.6094492733454975,0.8500202515478015,72.64316748624009,0.14570066335385817,8.807692367777381,0.12349575752945527,0.10629120141718845,positive
1.5172578424530985,13.391952933183726,3.455896402009019,1.2471430172951967,72.65686222581846,0.59,8.365376484823221,0.0,0.0,positive
1.5221178151183676,14.208238816989724,3.800900541168184,0.522479773698123,71.73875443093685,0.2066117857292677,9.496304455545493,0.0,0.29493070151899087,positive
1.5169065278068339,13.172842361902209,3.4620639157301047,1.7325003574389264,72.5210207782689,0.5973126682202,8.41300870707033,0.0,0.04047722291677672,positive
1.5178363007379707,13.402821674529735,3.4240808880503013,1.4398370200484802,72.07386555503655,0.5596118977946923,8.702862731849093,0.0,0.0,positive
1.5168691886687793,12.997260943714817,3.46384380420441,1.2304835185084981,72.99397466533448,0.6090164260404879,8.561786878640369,0.04937687891830261,0.10892130811366146,positive
1.5214191336097809,14.133487914854731,3.786453069627279,0.4767572062534879,71.77394381205931,0.11,9.634473194775257,0.0,0.0,positive
1.517117567649,13.375341156091553,3.39,1.2832829315017618,72.7329755374844,0.5659358740381534,8.645431490845061,0.0,0.0,positive
1.519299880173498,13.64,3.591793358393395,0.6942123151232721,72.6643145680848,0.15360351917770626,8.893846238181483,0.1246401516768139,0.21722991815857393,positive
1.5162838765202942,13.362542107504153,3.5226501060325366,1.2897384057821946,72.73634876520862,0.5351878125409071,8.38570939413537,0.0,0.0,positive
1.5196944394431364,13.596594114821476,3.662743109996835,1.11398215004957,72.76503815156623,0.42080034733780886,8.590366711720208,0.0,0.0,positive
1.5212247474802676,14.284390742059909,3.8906609176686544,0.787990476982061,71.58440189702159,0.09632784632709805,9.598234680359079,0.0,0.0,positive
1.5174760348127883,12.828544567920511,3.5459156354370798,1.3362191428607126,72.75866051170891,0.5880974214582486,8.789742814307363,0.0,0.0,positive
1.5192316823337144,13.805648321443464,3.6891216636716844,1.0531416595877214,72.51830332227934,0.15980690793449906,8.89,0.10324657632240708,0.19791743198931577,positive
1.5163926481510561,13.413114873080746,3.3977512064784463,1.2252634499333839,72.64245082806184,0.5677601760826455,8.512855476910786,0.0,0.0,positive
1.5221939721727895,14.177660350250337,3.783405122191802,0.8134182736428118,71.35966409929922,0.07367055785410079,9.556736941366225,0.0,0.08135483394685455,positive
1.5168099171105065,13.047682754774977,3.455132918287432,1.7752138518906748,72.4962757126322,0.6145798073508882,8.254075714562676,0.0,0.06878272679864204,positive
1.5178825307428943,13.525935751616393,3.421462631512158,1.3562483036324497,72.0263120476137,0.5545139510641662,8.799357779176047,0.0,0.0,positive
1.5178350798281721,13.050508089983689,3.414414327504708,1.2781029174301828,72.89279563587114,0.52974172113855,8.540843557925651,0.0,0.0,positive
1.5214811362852505,14.02461281529513,3.7374604260848376,0.7050702442239732,71.64117436243818,0.06466161120037889,9.660774232895823,0.0,0.09490044169050763,positive
1.5166078032878474,13.350888059857418,3.39,1.2819149379669441,72.70738686897744,0.5825118989878619,8.645636172285693,0.0,0.0,positive
1.5182316639475,13.64,3.5848895047542917,0.6832470569915208,72.86931683374206,0.0694240452579993,8.8907254003708,0.08941511342492678,0.12171105330490951,positive
1.5165647336906254,13.363080012569801,3.513034394811256,1.196872635018977,72.70621755703029,0.5371517844653828,8.369751302385488,0.0,0.0,positive
1.5210762127886654,13.359826475767175,3.6692623608054005,1.139095135395131,72.75466538753048,0.2906347884670696,8.52776161993801,0.0,0.0,positive
1.5218274292354634,14.303206705957365,3.836945721844422,0.7947029186307418,71.4652005617241,0.0,9.604111578001975,0.0,0.0,positive
1.5172383385025607,12.81142369266967,3.5493365500201937,1.320641242306426,72.68236686960985,0.5757468463022755,8.751695367289173,0.0,0.0,positive
1.5192074849567154,13.730718790262943,3.5500078787379095,0.768927601309458,72.20432393785272,0.08424312916475314,8.89,0.0014899786524267544,0.21085627186465541,positive
1.5161,13.361618702394686,3.457109820973159,1.2955869964058373,72.67195277431354,0.5658955266828285,8.322298747544778,0.0,0.0,positive
1.521753824247375,14.307573081298104,3.826759641406729,0.837239510223916,71.38664858635087,0.10461393790659154,9.36401918960607,0.0,0.017171038327504273,positive
1.5164777049869496,13.202665590506832,3.456711675160144,1.74197843316913,72.48671111936761,0.59014546713399,8.379621429625711,0.0,0.05269206124977831,positive
1.5182819549910223,13.513888986419692,3.4238199628601866,1.440240834971898,71.96928894131179,0.5550244204454964,8.840002328146628,0.0,0.0,positive
1.5171877035675865,12.883204067467329,3.411380007288149,1.2438046743767643,72.98275796232514,0.5242231235220236,8.561523696143501,0.055377495262596596,0.08904353178617469,positive
1.5219916882510658,14.03263335643727,3.7705777231498803,0.4797037100713355,71.78757725019577,0.11,9.638663912058192,0.0,0.0,positive
1.5164760722582464,13.413658894364744,3.39673984868638,1.2248051821230228,72.64413467702089,0.5836610026668512,8.374642104853416,0.0,0.0,positive
1.5177323604972472,13.644629284415513,3.6553244339037576,0.9229696571256063,72.88110006835551,0.08742650477886836,8.830910322776248,0.0,0.0,positive
1.5161183279070485,13.343598510720451,3.5744560721229632,1.4155509774884025,72.71463660047858,0.5376209438298554,8.292235371093327,0.0,0.0,positive
1.5177051496709473,13.64738171939556,3.6585200234719437,0.9574765274481838,72.84635106709291,0.06835473930015618,8.860875535496827,0.0,0.0,positive
1.5212329926130383,14.17936920058466,3.8048358211183615,0.7472623062062341,71.63709720244012,0.011487852926172762,9.56041719962281,0.0,0.0,positive
1.5170755829325435,12.846314140421248,3.5750232477492303,1.3340365943857566,72.8381368841752,0.6193273783686883,8.692803993205748,0.0,0.0,positive
1.5189295429681324,13.647850927066342,3.63845420337289,1.012680525150746,72.76156737181107,0.12982554621310638,8.663123058998778,0.08836088199531304,0.23845722721896484,positive
1.5161503408057697,13.41382924632597,3.4318907162696513,1.2097826893844668,72.7222836352361,0.5693341084958218,8.355235941332085,0.0,0.0,positive
1.5221277915138953,14.19371982604487,3.7897142482948807,0.5588761103512503,71.56426462070493,0.1650928208612238,9.52718250758669,0.0,0.3336255098548544,positive
1.5164367191402635,13.252561964710207,3.481569088546085,1.401072993878178,72.62711809875373,0.5833672552884875,8.378570670665633,0.0,0.1600500995560969,positive
1.5178305864912296,13.491905415213358,3.4571771082919516,1.366012021075924,72.01890237350362,0.5703981655604238,8.87860379547406,0.0,0.0,positive
1.5173882814832202,13.082457916894063,3.397486615850423,1.2913663401651163,72.95989732237406,0.5398186808157721,8.586262479250765,0.0,0.0,positive
1.523761925321031,14.018371636389595,3.726486255460699,0.5803961668364198,71.78019895056062,0.0719153424842223,9.71632881111307,0.0,0.0367974641898731,positive
1.5164557011125162,13.415479364446563,3.3951262189567646,1.233616355340667,72.64765282385659,0.5347075436482536,8.330090743309684,0.0,0.0,positive
1.5184799577912784,13.636313605056579,3.6282009985450783,0.9443583391320162,72.8390631413152,0.09405985012822311,8.895780919657716,0.0,0.0,positive
1.5162378208627791,13.365137586954651,3.525117140746319,1.1975354420046416,72.8171595205883,0.5019610926953502,8.36930392199736,0.0,0.0,positive
1.518483752831598,13.643933431505292,3.555637989126162,1.0950942482786872,72.76409503433135,0.11430872394048879,8.76981497575743,0.13872741449260048,0.07904322962886065,positive
1.5215261665654594,14.251538481641019,3.8889713771991037,0.8263901008737555,71.57530488212792,0.003615153407313021,9.56950900524024,0.0,0.0,positive
1.5176956938196184,12.816665770760151,3.5248378627002577,1.347016639184406,72.92869770772936,0.6192291173557026,8.758553063631803,0.0,0.0,positive
1.5192483620948467,13.615875974468125,3.613788959139227,1.0689050195943934,72.64178779573453,0.1572233328797994,8.785426479721835,0.09678573854030911,0.12185880291938636,positive
1.5168930015841382,13.380780414333532,3.4020776766208867,1.163817223638436,72.72750518331563,0.5208523609919938,8.424267026883733,0.0,0.0,positive
1.5215591069593348,14.239560151987233,3.8066143460793542,0.8433343738594072,71.42765931790355,0.11687726328693783,9.210820970070989,0.0,0.026440459909861713,positive
1.5177484963489714,13.142158204003586,3.460211812626892,1.6939179034195384,72.55822227190842,0.5916209392045503,8.385865757637482,0.0,0.13328680581420937,positive
1.5179362246095613,13.430429649211074,3.4127383745303006,1.5134989236288823,72.18364956579109,0.5687947671002108,8.666313982117304,0.0,0.0,positive
1.5172262897992181,13.180578481541858,3.397736509988097,1.2830870518209054,72.82714638006705,0.5495415998807146,8.583191797357186,0.0,0.0,positive
1.5213907566432903,14.161889940755238,3.815729611103983,0.5287248283283398,71.7725654678548,0.11,9.622122012101046,0.0,0.0,positive
1.5203253665265286,13.42767902595509,3.345407218912605,1.2677977591719354,72.552362385502,0.5239757644519635,8.73824900254282,0.0,0.0,positive
1.518825247900224,13.619748104199134,3.649603810861748,0.9199551165496482,72.85075075715031,0.13757310744042772,8.874322225477432,0.0,0.0,positive
1.5174832026121714,13.242141125737731,3.4960225600809927,1.347055952901824,72.66869843862946,0.5742117708879981,8.355774095291826,0.0,0.0,positive
1.5181100620833272,13.646522377384967,3.5975407070056993,0.9934308440876416,72.708195693779,0.14000343237774926,8.81397247913646,0.13630462618194342,0.204551716017116,positive
1.5220448233128971,14.277983876821104,3.8239719209433822,0.6370999361563738,71.56337917417287,0.020292792416090832,9.527298822256274,0.0,0.0,positive
1.517521951441682,12.857356187550401,3.574275509766624,1.307543048736572,72.61490672305796,0.61,8.744303629950608,0.0,0.05948383539338063,positive
1.5183047975711241,13.646171697870697,3.6453504181161036,0.8767352703235589,72.73315324074923,0.13577648621240246,8.664213994408122,0.08490059024145706,0.15850188198042575,positive
1.5173773025938009,13.260766861997054,3.4154559082902987,1.391067578013316,72.65860009825924,0.59,8.329160966811411,0.0,0.0,positive
1.5214797853861342,14.20067748549204,3.816562102390959,0.906632705931017,71.3631740797382,0.03659743891515785,9.39659977841718,0.0,0.3179630824408358,positive
1.5163458341237541,13.263316596217969,3.5007995531408014,1.691203557377549,72.56903430600549,0.5920544694401205,8.372743978649542,0.0,0.06933600899784,positive
1.5195145791408657,13.485590834315783,3.3942249443706918,1.4881856831137243,72.36203972182449,0.5996117280906987,8.822501539006415,0.0,0.0,positive
1.5166619315398349,13.063051367517268,3.3974818189659475,1.268809412502215,72.98687523569176,0.5755113363027317,8.581594339569728,0.0,0.0,positive
1.521663597380057,14.07442077685248,3.7866879129628956,0.4790929897051072,71.77673068098495,0.11,9.596588693250325,0.0,0.0,positive
1.5168594627066143,13.396225863825192,3.39,1.312190617028218,72.70581786032137,0.5223476393236741,8.623674663068954,0.0,0.0,positive
1.5189169690230613,13.824153778650954,3.665038356366608,0.9703862624701738,72.85835765557674,0.06,8.897792114624666,0.0,0.0,positive
1.5161002425599197,13.337310208135307,3.538763797835574,1.476976521512341,72.70081352303804,0.4891592682349414,8.21905367908381,0.0,0.0,positive
1.517737988898032,13.64001592681667,3.656065769114309,0.6943841340092527,72.92234090786344,0.0966012084672692,8.688322236535917,0.0,0.0,positive
1.5212207786686511,14.226957488757945,3.767757494138458,0.6164614917534275,71.76599513060765,0.030782930414015978,9.534022857158215,0.0,0.0,positive
1.5173220964069802,12.821620370453315,3.5743457504217035,1.3066011170558032,72.73760303535202,0.61,8.696292876852588,0.0,0.06375390665508751,positive
1.5189088611312853,13.64,3.5503660289684156,0.723691367848343,72.7888800767315,0.13358164518706997,8.912452778795323,0.12361452508836776,0.024099460270667478,positive
1.5161,13.390018107666409,3.41917178477485,1.3305996946127716,72.67809360005265,0.5892541621053743,8.32893461065908,0.0,0.0,positive
1.5215034203008397,14.22743917640456,3.804136813889078,0.84172187898741,71.38625906005988,0.17787930257796705,9.460978089017564,0.0,0.2587868291033202,positive
1.516429254805091,13.220634918651157,3.481923286948294,1.4923019893767329,72.51304114890088,0.5806462459730188,8.372531313683817,0.0,0.1423199327481326,positive
1.5186841091091827,13.533563111765506,3.4040572365996407,1.4299246399437455,72.04177658989086,0.5815183880843238,8.860033356179365,0.0,0.0,positive
1.5174110706591686,12.876287466719281,3.4153577369692725,1.2582663165535364,73.00413306223713,0.6054153938058501,8.560432399630516,0.07827475925510313,0.08442268888269325,positive
1.5217765498800513,14.145668805726,3.7680884034754336,0.5706905106297196,71.78514753713668,0.11,9.611073687362595,0.0,0.0,positive
1.5180846178306835,13.373706989592936,3.4248876959041232,1.3791330806108593,72.2947472957751,0.5141572997915594,8.625544580098131,0.0,0.0,positive
1.518651117769602,13.610249383389935,3.649859567180971,0.6629276937122416,72.82336691641217,0.11709646279083644,8.86762029942964,0.0,0.0,positive
1.5161003971212197,13.357885565334982,3.5472708921023615,1.4503049463589093,72.70902860058715,0.5233341868295827,8.21904937561877,0.0,0.0,positive
1.5183647061457464,13.644134155600407,3.659839957510987,0.7899888704080194,72.72300283020422,0.1571753381909352,8.727211562654377,0.09605168195228443,0.1904319714422277,positive
1.521969668235325,14.248070738412743,3.854930056796771,0.6730461381584812,71.60325082387556,0.01293335883601264,9.527501757196056,0.0,0.0,positive
1.517128924161,12.834569800886841,3.5710917738019665,1.3456896848880238,72.68322726843793,0.6152048943077844,8.778419544446109,0.0,0.0,positive
1.5182920203323118,13.641015084546058,3.6142331034545627,0.913015440629496,72.75276208239814,0.11171829287629137,8.70989913149527,0.12484383750865241,0.22160261058608777,positive
1.5161,13.338058167523771,3.512579045985923,1.261784479790768,72.67495747367154,0.5625433220891212,8.322682559529866,0.0,0.0,positive
1.5221137672595988,14.192267820720577,3.7943075899079486,0.8470416435589747,71.41946091780616,0.12701012963576952,9.476684699902188,0.0,0.14416428662986502,positive
1.5170748215840981,13.032679533433832,3.4554006125394725,1.7824569941402415,72.59712520583705,0.6215682102093572,8.334715961457867,0.0,0.027671538893885156,positive
1.5179981275019307,13.519353506767544,3.444083980338365,1.4339673400644728,72.00845991795748,0.5604532468333486,8.922341848436938,0.0,0.0,positive
1.5176078765048104,13.083232232079435,3.393741773991999,1.2862194866627337,72.89664176205379,0.5556719790590937,8.581282218101022,0.0,0.0,positive
1.5213170614784444,14.102642680373712,3.7715834678961517,0.5602719076078334,71.7807497032505,0.11,9.580162557868821,0.0,0.0,positive
1.5168051269271134,13.364775697010888,3.4076032063470416,1.318814998216272,72.35693522881307,0.5186218896811811,8.62637663146686,0.0,0.0,positive
1.5183625119761368,13.804708048901075,3.6753920489117724,1.027848317914431,72.48085403241288,0.06,8.913730113422632,0.0,0.0,positive
1.5161,13.417672241533435,3.435684049645568,1.2603974481406437,72.67721641102078,0.5757670047036528,8.327589721153668,0.0,0.0,positive
1.5181660952948364,13.647533444219428,3.619403737661193,0.9945558398168444,72.66058082450482,0.1432650346697149,8.888431115862753,0.041135847866267276,0.21684272479123332,positive
1.5212661406959522,14.223632312698891,3.8503417693127395,0.7462702695565181,71.55762932391512,0.053608173457482956,9.567453346526621,0.0,0.0,positive
1.5172909567508728,12.82164688553825,3.5590010496912967,1.338623553338521,72.90506969740818,0.5947165491331174,8.751439211314672,0.0,0.0,positive
1.5192658062077822,13.859318778188342,3.70251551609643,0.8788447360250886,72.54542220284495,0.11951715064147939,8.89,0.027079744660562358,0.06251217140513879,positive
1.5161134743995244,13.387931646454815,3.4101990178714123,1.1623664076043274,72.69313900121509,0.5138786675710254,8.382225140441786,0.0,0.0,positive
1.5221123998702142,14.17088761582457,3.7809191877745985,0.8463851464442494,71.35785454368045,0.11909955949655039,9.24754674291885,0.0,0.006338520851151164,positive
1.5177749288666718,13.201859202513454,3.479727719851255,1.4376642362771628,72.59082417314735,0.5973183405727774,8.385660311607781,0.0,0.13805143055320107,positive
1.5188019014213925,13.563348755462112,3.3904605593582438,1.3764892600411904,72.07319203286966,0.5805089870219899,8.89969766250457,0.0,0.0,positive
1.5170921342187766,12.994381650304112,3.4518321876395706,1.2581502377000968,72.97302610420536,0.5870324180362136,8.573019172108788,0.07944867872911951,0.035582371943165464,positive
1.521946560703672,13.84547412914281,3.7980682914990775,0.6317651055152905,71.76542683647526,0.15511580958030663,9.683545586922481,0.0,0.0,positive
1.5211247641041135,13.417816770400426,3.345758123303736,1.2774350897682334,72.5432645169227,0.5274170606749106,8.706171212553325,0.0,0.0,positive
1.5191004385275644,13.784290622893577,3.7027752243454004,0.9307383052763905,72.25580483355205,0.06,8.929265382652826,0.0,0.0,positive
1.5166580867504043,13.366520132465542,3.5026066025109803,1.2225135587248364,72.80549156459806,0.5499925218039966,8.37043599141113,0.0,0.0,positive
1.5177761466920654,13.643064587715276,3.6582940233301775,0.7985180836508152,72.91889900234406,0.08723670168862172,8.683143210538777,0.0,0.0,positive
1.5220576080574268,14.203417248793004,3.831004927028916,0.7825749685575447,71.38389836189376,0.0,9.493341601512006,0.0,0.0,positive
1.517679147824542,12.849160113047057,3.552705627240247,1.328593161391423,72.85192929650692,0.5781453990432189,8.760919537621097,0.0,0.0,positive
1.5178998241814239,13.640659844097364,3.612596746999536,0.7928626292404022,72.71309752912966,0.12756196668682274,8.661723876616971,0.07023641654001181,0.11086292119565194,positive
1.5168025547458321,13.247345985275768,3.4493405722476385,1.239374165518967,72.64194576160702,0.59,8.37778286798651,0.0,0.0,positive
1.522125400694227,14.196751848075262,3.7991802517395428,0.7255910078586921,71.68847470067573,0.22373414320461119,9.290654634131037,0.0,0.06999349449076292,positive
1.5175805991463869,13.204801932328461,3.4626008985261447,1.6779636632021093,72.53300345575968,0.5915550755432468,8.38560833203246,0.0,0.0471712205344753,positive
1.5187018053559227,13.49784148787938,3.4349186676131085,1.3863654921999076,72.02073081660538,0.5513920231251923,8.80644717288174,0.0,0.0,positive
1.516762056570907,12.949982788323819,3.4136275999396952,1.2467445170903153,72.98806462107494,0.5481617551472228,8.57150171190323,0.04279559897495265,0.07414597568397574,positive
1.5219472070639442,13.922285589032768,3.809008384477437,0.5841753430190033,71.78934040178171,0.1214709327188747,9.698800081396696,0.0,0.0,positive
1.5161466146792109,13.41742756029879,3.3955956421528324,1.2724114076198783,72.68105515175431,0.5248956258209403,8.574507584877066,0.0,0.0,positive
1.5184417893620237,13.620013343977682,3.633043579060456,0.7811524410759021,72.65995758554786,0.1108661996375234,8.778934486887655,0.0,0.0,positive
1.5161,13.342164949248893,3.498813675228078,1.2438658372564622,72.68008049375146,0.575985460446663,8.321338561170112,0.0,0.0,positive
1.5210151955945967,13.587020471433386,3.661728430010859,1.1336333713780369,72.75794163937013,0.34730045769151585,8.569790211562914,0.0,0.0,positive
1.5212365894788207,14.132458404459992,3.8335341694241833,0.8110741350895252,71.64429417985238,0.025680963632349563,9.536312656975783,0.0,0.0,positive
1.5170743304497947,12.857079034536548,3.5796578431708763,1.3134216700929762,72.77692554692958,0.6109103942007474,8.741746288944723,0.0,0.0,positive
1.5179973968211022,13.64,3.6302834332434615,0.6918873872108001,72.98824643822442,0.14078855080267616,8.922555833613224,0.14696498981370065,0.13024047688269197,positive
1.5166836926721987,13.40147837752891,3.4991194029081063,1.218921894616783,72.73133648720052,0.5154014509927358,8.357569507524905,0.0,0.0,positive
1.5221710139383804,14.174357741112882,3.790691338637047,0.8944199659383146,71.35572778076578,0.029612980011306717,9.492500679840024,0.0,0.11638997124739381,positive
1.5170330420442453,13.097780302218084,3.4662577494018496,1.7867690921881352,72.61757867229467,0.6194830858221133,8.35308031528353,0.0,0.09078117919288578,positive
1.5186819231322255,13.557024545408375,3.3998562044840113,1.2836314169052188,72.06080302484843,0.5883094819156662,8.902811845509959,0.0,0.0,positive
1.5172345684329915,13.00735388687533,3.502706004900699,1.2258139130061616,73.0087085488934,0.575718775095241,8.579618485067217,0.0,0.0,positive
1.52198927382987,13.952221494539582,3.8284749333287436,0.6164677016413916,71.78574353333698,0.16901045230780976,9.675445042771598,0.0,0.0,positive
