@relation glass2
@attribute RI real [1.51115, 1.53393]
@attribute Na real [10.73, 17.38]
@attribute Mg real [0.0, 4.49]
@attribute Al real [0.29, 3.5]
@attribute Si real [69.81, 75.41]
@attribute K real [0.0, 6.21]
@attribute Ca real [5.43, 16.19]
@attribute Ba real [0.0, 3.15]
@attribute Fe real [0.0, 0.51]
@attribute Class {positive, negative}
@data
1.51673,13.3,3.64,1.53,72.53,0.65,8.03,0.0,0.29,negative
1.5175,12.82,3.55,1.49,72.75,0.54,8.52,0.0,0.19,negative
1.51775,12.85,3.48,1.23,72.97,0.61,8.56,0.09,0.22,negative
1.51761,12.81,3.54,1.23,73.24,0.58,8.39,0.0,0.0,negative
1.5159,13.24,3.34,1.47,73.1,0.39,8.22,0.0,0.0,negative
1.52152,13.05,3.65,0.87,72.22,0.19,9.85,0.0,0.17,negative
1.51735,13.02,3.54,1.69,72.73,0.54,8.44,0.0,0.07,negative
1.51841,13.02,3.62,1.06,72.34,0.64,9.13,0.0,0.15,negative
1.51761,13.89,3.6,1.36,72.73,0.48,7.83,0.0,0.0,negative
1.51747,12.84,3.5,1.14,73.27,0.56,8.55,0.0,0.0,negative
1.51593,13.09,3.59,1.52,73.1,0.67,7.83,0.0,0.0,negative
1.51721,12.87,3.48,1.33,73.04,0.56,8.43,0.0,0.0,negative
1.51778,13.21,2.81,1.29,72.98,0.51,9.02,0.0,0.09,negative
1.52475,11.45,0.0,1.88,72.19,0.81,13.24,0.0,0.34,negative
1.51707,13.48,3.48,1.71,72.52,0.62,7.99,0.0,0.0,negative
1.51766,13.21,3.69,1.29,72.61,0.57,8.22,0.0,0.0,negative
1.51793,12.79,3.5,1.12,73.03,0.64,8.77,0.0,0.0,negative
1.51592,12.86,3.52,2.12,72.66,0.69,7.97,0.0,0.0,negative
1.51605,12.9,3.44,1.45,73.06,0.44,8.27,0.0,0.0,negative
1.51409,14.25,3.09,2.08,72.28,1.1,7.08,0.0,0.0,negative
1.52152,13.12,3.58,0.9,72.2,0.23,9.82,0.0,0.16,negative
1.53393,12.3,0.0,1.0,70.16,0.12,16.19,0.0,0.24,negative
1.51687,13.23,3.54,1.48,72.84,0.56,8.1,0.0,0.0,negative
1.51783,12.69,3.54,1.34,72.95,0.57,8.75,0.0,0.0,negative
1.51755,12.71,3.42,1.2,73.2,0.59,8.64,0.0,0.0,negative
1.51674,12.79,3.52,1.54,73.36,0.66,7.9,0.0,0.0,negative
1.51768,12.65,3.56,1.3,73.08,0.61,8.69,0.0,0.14,negative
1.51966,14.77,3.75,0.29,72.02,0.03,9.0,0.0,0.0,negative
1.5221,13.73,3.84,0.72,71.76,0.17,9.74,0.0,0.0,negative
1.52222,14.43,0.0,1.0,72.67,0.1,11.52,0.0,0.08,negative
1.52739,11.02,0.0,0.75,73.08,0.0,14.96,0.0,0.0,negative
1.51629,12.71,3.33,1.49,73.28,0.67,8.24,0.0,0.0,negative
1.51813,13.43,3.98,1.18,72.49,0.58,8.15,0.0,0.0,negative
1.5164,12.55,3.48,1.87,73.23,0.63,8.08,0.0,0.09,negative
1.518,13.71,3.93,1.54,71.81,0.54,8.21,0.0,0.15,negative
1.52068,13.55,2.09,1.67,72.18,0.53,9.57,0.27,0.17,negative
1.51831,14.39,0.0,1.82,72.86,1.41,6.47,2.88,0.0,negative
1.52213,14.21,3.82,0.47,71.77,0.11,9.57,0.0,0.0,negative
1.51841,12.93,3.74,1.11,72.28,0.64,8.96,0.0,0.22,negative
1.52227,14.17,3.81,0.78,71.35,0.0,9.69,0.0,0.0,negative
1.52101,13.64,4.49,1.1,71.78,0.06,8.75,0.0,0.0,negative
1.51756,13.15,3.61,1.05,73.24,0.57,8.24,0.0,0.0,negative
1.51593,13.25,3.45,1.43,73.17,0.61,7.86,0.0,0.0,negative
1.51645,13.44,3.61,1.54,72.39,0.66,8.03,0.0,0.0,negative
1.51736,12.78,3.62,1.29,72.79,0.59,8.7,0.0,0.0,negative
1.52667,13.99,3.7,0.71,71.57,0.02,9.82,0.0,0.1,negative
1.51588,13.12,3.41,1.58,73.26,0.07,8.39,0.0,0.19,negative
1.5159,12.82,3.52,1.9,72.86,0.69,7.97,0.0,0.0,negative
1.51994,13.27,0.0,1.76,73.03,0.47,11.32,0.0,0.0,negative
1.51797,12.74,3.48,1.35,72.96,0.64,8.68,0.0,0.0,negative
1.52081,13.78,2.28,1.43,71.99,0.49,9.85,0.0,0.17,negative
1.5202,13.98,1.35,1.63,71.76,0.39,10.56,0.0,0.18,negative
1.51848,13.64,3.87,1.27,71.96,0.54,8.32,0.0,0.32,negative
1.51742,13.27,3.62,1.24,73.08,0.55,8.07,0.0,0.0,negative
1.51655,12.75,2.85,1.44,73.27,0.57,8.79,0.11,0.22,negative
1.51508,15.15,0.0,2.25,73.5,0.0,8.34,0.63,0.0,negative
1.51847,13.1,3.97,1.19,72.44,0.6,8.43,0.0,0.0,negative
1.51751,12.81,3.57,1.35,73.02,0.62,8.59,0.0,0.0,negative
1.51571,12.72,3.46,1.56,73.2,0.67,8.09,0.0,0.24,negative
1.51872,12.93,3.66,1.56,72.51,0.58,8.55,0.0,0.12,negative
1.51811,12.96,2.96,1.43,72.92,0.6,8.79,0.14,0.0,negative
1.51666,12.86,0.0,1.83,73.88,0.97,10.17,0.0,0.0,negative
1.51808,13.43,2.87,1.19,72.84,0.55,9.03,0.0,0.0,negative
1.51829,13.24,3.9,1.41,72.33,0.55,8.31,0.0,0.1,negative
1.51545,14.14,0.0,2.68,73.39,0.08,9.07,0.61,0.05,negative
1.51977,13.81,3.58,1.32,71.72,0.12,8.67,0.69,0.0,negative
1.51618,13.01,3.5,1.48,72.89,0.6,8.12,0.0,0.0,negative
1.51844,13.25,3.76,1.32,72.4,0.58,8.42,0.0,0.0,negative
1.51685,14.92,0.0,1.99,73.06,0.0,8.4,1.59,0.0,negative
1.52196,14.36,3.85,0.89,71.36,0.15,9.15,0.0,0.0,negative
1.5164,14.37,0.0,2.74,72.85,0.0,9.45,0.54,0.0,negative
1.51748,12.86,3.56,1.27,73.21,0.54,8.38,0.0,0.17,negative
1.51623,14.2,0.0,2.79,73.46,0.04,9.04,0.4,0.09,negative
1.51763,12.8,3.66,1.27,73.01,0.6,8.56,0.0,0.0,negative
1.5166,12.99,3.18,1.23,72.97,0.58,8.81,0.0,0.24,negative
1.51732,14.95,0.0,1.8,72.99,0.0,8.61,1.55,0.0,negative
1.51651,14.38,0.0,1.94,73.61,0.0,8.48,1.57,0.0,negative
1.51892,13.46,3.83,1.26,72.55,0.57,8.21,0.0,0.14,negative
1.52369,13.44,0.0,1.58,72.22,0.32,12.24,0.0,0.0,negative
1.52171,11.56,1.88,1.56,72.86,0.47,11.41,0.0,0.0,negative
1.51754,13.48,3.74,1.17,72.99,0.59,8.03,0.0,0.0,negative
1.52223,13.21,3.77,0.79,71.99,0.13,10.02,0.0,0.0,negative
1.51514,14.01,2.68,3.5,69.89,1.68,5.87,2.2,0.0,negative
1.52315,13.44,3.34,1.23,72.38,0.6,8.83,0.0,0.0,negative
1.51839,12.85,3.67,1.24,72.57,0.62,8.68,0.0,0.35,negative
1.52043,13.38,0.0,1.4,72.25,0.33,12.5,0.0,0.0,negative
1.51911,13.9,3.73,1.18,72.12,0.06,8.89,0.0,0.0,negative
1.51806,13.0,3.8,1.08,73.07,0.56,8.38,0.0,0.12,negative
1.51556,13.87,0.0,2.54,73.23,0.14,9.41,0.81,0.01,negative
1.51645,14.94,0.0,1.87,73.11,0.0,8.67,1.38,0.0,negative
1.52777,12.64,0.0,0.67,72.02,0.06,14.4,0.0,0.0,negative
1.51627,13.0,3.58,1.54,72.83,0.61,8.04,0.0,0.0,negative
1.51916,14.15,0.0,2.09,72.74,0.0,10.88,0.0,0.0,negative
1.51918,14.04,3.58,1.37,72.08,0.56,8.3,0.0,0.0,negative
1.51617,14.95,0.0,2.27,73.3,0.0,8.71,0.67,0.0,negative
1.52365,15.79,1.83,1.31,70.43,0.31,8.61,1.68,0.0,negative
1.519,13.49,3.48,1.35,71.95,0.55,9.0,0.0,0.0,negative
1.52099,13.69,3.59,1.12,71.96,0.09,9.4,0.0,0.0,negative
1.51837,13.14,2.84,1.28,72.85,0.55,9.07,0.0,0.0,negative
1.51888,14.99,0.78,1.74,72.5,0.0,9.95,0.0,0.0,negative
1.51743,12.2,3.25,1.16,73.55,0.62,8.9,0.0,0.24,negative
1.51969,12.64,0.0,1.65,73.75,0.38,11.53,0.0,0.0,negative
1.51708,13.72,3.68,1.81,72.06,0.64,7.88,0.0,0.0,negative
1.5186,13.36,3.43,1.43,72.26,0.51,8.6,0.0,0.0,negative
1.51838,14.32,3.26,2.22,71.25,1.46,5.79,1.63,0.0,negative
1.5173,12.35,2.72,1.63,72.87,0.7,9.23,0.0,0.0,negative
1.523,13.31,3.58,0.82,71.99,0.12,10.17,0.0,0.03,negative
1.51779,13.21,3.39,1.33,72.76,0.59,8.59,0.0,0.0,negative
1.51869,13.19,3.37,1.18,72.72,0.57,8.83,0.0,0.16,negative
1.51764,12.98,3.54,1.21,73.0,0.65,8.53,0.0,0.0,negative
1.51793,13.21,3.48,1.41,72.64,0.59,8.43,0.0,0.0,negative
1.51727,14.7,0.0,2.34,73.28,0.0,8.95,0.66,0.0,negative
1.51215,12.99,3.47,1.12,72.98,0.62,8.35,0.0,0.31,negative
1.51569,13.24,3.49,1.47,73.25,0.38,8.03,0.0,0.0,negative
1.52058,12.85,1.61,2.17,72.18,0.76,9.7,0.24,0.51,negative
1.51613,13.88,1.78,1.79,73.1,0.0,8.67,0.76,0.0,negative
1.51645,13.4,3.49,1.52,72.65,0.67,8.08,0.0,0.1,negative
1.51662,12.85,3.51,1.44,73.01,0.68,8.23,0.06,0.25,negative
1.51711,14.23,0.0,2.08,73.36,0.0,8.62,1.67,0.0,negative
1.51786,12.73,3.43,1.19,72.95,0.62,8.76,0.0,0.3,negative
1.51969,14.56,0.0,0.56,73.48,0.0,11.22,0.0,0.0,negative
1.52151,11.03,1.71,1.56,73.44,0.58,11.62,0.0,0.0,negative
1.51652,13.56,3.57,1.47,72.45,0.64,7.96,0.0,0.0,negative
1.52664,11.23,0.0,0.77,73.21,0.0,14.68,0.0,0.0,negative
1.51905,13.6,3.62,1.11,72.64,0.14,8.76,0.0,0.0,negative
1.5172,13.38,3.5,1.15,72.85,0.5,8.43,0.0,0.0,negative
1.52213,14.21,3.82,0.47,71.77,0.11,9.57,0.0,0.0,negative
1.5232,13.72,3.72,0.51,71.75,0.09,10.06,0.0,0.16,negative
1.51618,13.53,3.55,1.54,72.99,0.39,7.78,0.0,0.0,negative
1.51131,13.69,3.2,1.81,72.81,1.76,5.43,1.19,0.0,negative
1.51915,12.73,1.85,1.86,72.69,0.6,10.09,0.0,0.0,negative
1.52177,13.75,1.01,1.36,72.19,0.33,11.14,0.0,0.0,negative
1.52247,14.86,2.2,2.06,70.26,0.76,9.76,0.0,0.0,negative
1.51667,12.94,3.61,1.26,72.75,0.56,8.6,0.0,0.0,negative
1.52172,13.51,3.86,0.88,71.79,0.23,9.54,0.0,0.11,negative
1.51623,14.14,0.0,2.88,72.61,0.08,9.18,1.06,0.0,negative
1.51596,12.79,3.61,1.62,72.97,0.64,8.07,0.0,0.26,negative
1.51719,14.75,0.0,2.0,73.02,0.0,8.53,1.59,0.08,negative
1.51594,13.09,3.52,1.55,72.87,0.68,8.05,0.0,0.09,negative
1.52725,13.8,3.15,0.66,70.57,0.08,11.64,0.0,0.0,negative
1.5241,13.83,2.9,1.17,71.15,0.08,10.79,0.0,0.0,negative
1.52614,13.7,0.0,1.36,71.24,0.19,13.44,0.0,0.1,negative
1.51852,14.09,2.19,1.66,72.67,0.0,9.32,0.0,0.0,negative
1.51769,12.45,2.71,1.29,73.7,0.56,9.06,0.0,0.24,negative
1.51589,12.88,3.43,1.4,73.28,0.69,8.05,0.0,0.24,negative
1.51905,14.0,2.39,1.56,72.37,0.0,9.57,0.0,0.0,negative
1.51898,13.58,3.35,1.23,72.08,0.59,8.91,0.0,0.0,negative
1.51115,17.38,0.0,0.34,75.41,0.0,6.65,0.0,0.0,negative
1.51763,12.61,3.59,1.31,73.29,0.58,8.5,0.0,0.0,negative
1.51768,12.56,3.52,1.43,73.15,0.57,8.54,0.0,0.0,negative
1.51663,12.93,3.54,1.62,72.96,0.64,8.03,0.0,0.21,negative
1.52065,14.36,0.0,2.02,73.42,0.0,8.44,1.64,0.0,negative
1.51596,13.02,3.56,1.54,73.11,0.72,7.9,0.0,0.0,negative
1.51851,13.2,3.63,1.07,72.83,0.57,8.41,0.09,0.17,negative
1.51711,12.89,3.62,1.57,72.96,0.61,8.11,0.0,0.0,negative
1.51789,13.19,3.9,1.3,72.33,0.55,8.44,0.0,0.28,negative
1.5168394615102787,13.09199455065361,3.569233162529091,1.4543938486945198,72.70607615307381,0.5570884258999338,8.44,0.0,0.08063321211738429,positive
1.516804890920509,13.416991847006074,3.4017054518248377,1.1558583543438574,72.75114637688122,0.5747681965857598,8.340851354549608,0.0,0.0,positive
1.5173031598694513,12.797693087307568,3.5836349548067967,1.2983741575501087,72.6974523896194,0.60944299233183,8.746825488756015,0.0,0.0,positive
1.5165666817914316,13.329842224835907,3.5492024058531815,1.3569104058608548,72.69167767118442,0.56,8.37229582472771,0.0,0.035130048624637915,positive
1.5160795896549875,13.325158356052684,3.50866858088243,1.1489335256330437,72.75884983278989,0.5210003511225647,8.592162886509742,0.0,0.0,positive
1.5184181471141847,13.344931680202972,3.348653737724609,1.5029834622698652,72.09448998090566,0.5596636941856479,8.99948462908957,0.0,0.0,positive
1.5216575039707199,14.25266724247915,3.866376113405268,0.548696508883805,71.63937657956053,0.012553853799462958,9.524368430917226,0.0,0.0,positive
1.5254399012784403,13.993888777121184,3.754697840119507,0.5892262152663451,71.60728306289198,0.062476675165850384,9.656409878483792,0.0,0.0029320557603610964,positive
1.5192706912318874,13.61356244623415,3.6094492733454975,0.8500202515478015,72.64316748624009,0.14570066335385817,8.807692367777381,0.12349575752945527,0.10629120141718845,positive
1.5177267299205957,13.641335574610299,3.6569870502511277,0.715714673451529,72.84756623876491,0.06288012064701586,8.793870545530337,0.0,0.0,positive
1.5168989071020615,12.570373382268757,3.556575947044322,1.3147708885180112,73.25951651798718,0.5719490178558944,8.505141549613105,0.0,0.0,positive
1.5169065278068339,13.172842361902209,3.4620639157301047,1.7325003574389264,72.5210207782689,0.5973126682202,8.41300870707033,0.0,0.04047722291677672,positive
1.5179927003162732,13.372821674529735,3.3459191119496987,1.5498370200484803,71.97078686821504,0.5670874139706703,8.892551096142965,0.0,0.08926904117931674,positive
1.5172741329383648,13.231002303939961,3.6178828531533074,1.0749963579211483,72.75208233766294,0.5698907140044986,8.412680317960554,0.04937687891830261,0.13465677985434685,positive
1.5161,13.368256042572634,3.4573149841924375,1.3326285022689224,72.6739438120593,0.5641782940335964,8.321940850653093,0.0,0.0,positive
1.5176036879766532,12.858267057804577,3.631127522662572,1.3054038958975336,72.57900815417186,0.6165622677197362,8.78162439988261,0.0,0.1860681226227707,positive
1.5166844697445798,13.305346490328331,3.5511660514933108,1.357684926049309,72.69877303702131,0.56,8.429422845000921,0.0,0.09051246589940581,positive
1.5176080913682326,13.474272619477578,3.6208005655068622,1.1205813882563802,72.79948834009272,0.2712792184841044,8.50529402996987,0.0,0.0,positive
1.5186540732405227,13.348988759174587,3.3592017699778434,1.5210847872645434,72.09286243987924,0.5527720849456323,8.991204161034974,0.0,0.0,positive
1.5217904039769226,14.32491162178484,3.896664613453091,0.8400822855243053,71.45925425661027,0.13135615408240642,9.260001304236958,0.0,0.0,positive
1.5217641034019833,14.063305751613576,3.8111265468443807,0.4838631428440543,71.78125526401712,0.11,9.649485628614727,0.0,0.0,positive
1.5190338848561498,13.353300982117082,3.406575353556914,1.0531416595877214,72.66739390083103,0.16079167746855383,8.87944379571341,0.10324657632240708,0.22597247732977194,positive
1.5186484345764308,13.819013299900611,3.6679903481724305,0.6964938077448904,72.16313457388833,0.06,8.90662357855627,0.0,0.0,positive
1.5170860325999174,12.406792994993262,3.52,1.4094349085275004,72.89873341822033,0.57,8.537577035297566,0.0,0.0,positive
1.5166681723989213,13.205940889446445,3.480797509724591,1.5672912093847846,72.49491940324619,0.5902801284327411,8.417777285631198,0.0,0.12832229927002908,positive
1.5180627677198468,13.498983937904098,3.379650225449414,1.3602913236299172,71.94152088359847,0.5530093007094442,8.818466562111663,0.0,0.013362360661963377,positive
1.517347682527762,13.182205505089705,3.5651952241650973,1.660595220167831,72.72344087282578,0.5575645697153625,8.44,0.0,0.08380960711189468,positive
1.51607864677607,13.402491649709175,3.418782978262635,1.2103792119827712,72.72382400853677,0.5748872037334597,8.335844460140917,0.0,0.0,positive
1.5170075925543376,12.857044402992871,3.5802675574028604,1.3073190868462785,72.58753771034085,0.6189302712839803,8.781999649190434,0.0,0.23732018634361854,positive
1.5162709666893548,13.287481290153892,3.553676543725712,1.3532988227966083,72.68120141425068,0.56,8.438005148980304,0.0,0.05071293887704564,positive
1.517482982265085,13.471367932123076,3.569516772326699,1.14013207683811,72.78609669201346,0.25851340097501163,8.53242278594467,0.0,0.0,positive
1.5188843687981108,13.433172808616115,3.404836525637801,1.4017981068731271,71.99432118153956,0.5557991909658822,8.999029797507749,0.0,0.0,positive
1.5218274292354634,14.303206705957365,3.836945721844422,0.7947029186307418,71.4652005617241,0.0,9.604111578001975,0.0,0.0,positive
1.5215183948565796,14.081433737173288,3.805995174969709,0.5409821115431046,71.78574312531707,0.11,9.573390734578346,0.0,0.0,positive
1.518965500964631,13.482986709160292,3.5310455821818705,0.768927601309458,72.70886287613266,0.47060317042451205,8.838279070702578,0.0014899786524267544,0.23028542395488513,positive
1.5192463796123936,13.64,3.6016763053304035,0.7129891636715311,72.6841735504868,0.14034824439057192,8.920805009820885,0.11816729066848301,0.16280467567230825,positive
1.5168837000658437,12.756909489667299,3.531689910351682,1.477330857108147,72.86335141364913,0.5536452962486859,8.52359945172554,0.0,0.1811824397777681,positive
1.5164777049869496,13.202665590506832,3.456711675160144,1.74197843316913,72.48671111936761,0.59014546713399,8.379621429625711,0.0,0.05269206124977831,positive
1.5183977687021477,13.495972246604923,3.383691364903177,1.498631963483126,71.9478567842987,0.553349613630331,8.855240201656475,0.0,0.07588419253204066,positive
1.5177210414397921,13.206990329993122,3.5785350054661116,1.2126483018932324,72.78853662244333,0.5604692359468916,8.412285544215251,0.055377495262596596,0.1283320328410556,positive
1.5170346272567092,13.419414809680607,3.417629538583134,1.1561750882272135,72.70938199843387,0.5022602699833574,8.335587120919985,0.0,0.0,positive
1.5170862126448017,12.797798795799352,3.5530406052544796,1.3375974089384886,72.63811580374207,0.5736222841903706,8.756623285436778,0.0,0.0,positive
1.5171548029003763,13.274448587013834,3.5033778304812127,1.38153886086694,72.65449131326376,0.5764559028673211,8.360027174916288,0.0,0.0,positive
1.5175653702320706,13.328168579615994,3.6155439278770367,1.1855509774884025,72.75214535980857,0.20155068433241008,8.6,0.0,0.0,positive
1.5182654611845898,13.374510770275492,3.3429599530561127,1.5698415489775293,72.07360776774529,0.5683290521399688,8.847704253365366,0.0,0.03446219604314506,positive
1.5216955849500582,14.339397351643495,3.866012793256558,0.8498570465105038,71.4338151436496,0.01566525399023558,9.340363450801531,0.0,0.0,positive
1.5214288356104213,14.079269094483505,3.789860513504617,0.5138993654391697,71.77887137150366,0.11,9.611121597282299,0.0,0.0,positive
1.5189295429681324,13.647850927066342,3.63845420337289,1.012680525150746,72.76156737181107,0.12982554621310638,8.663123058998778,0.08836088199531304,0.23845722721896484,positive
1.5178476631047906,13.63382924632597,3.6404327851191045,0.7171423269020758,72.92736182071879,0.0783696813370473,8.87554445430496,0.0,0.0,positive
1.5174974908337204,12.243696086009566,3.5369999345160417,1.3180796463955682,73.0892825567853,0.5754089315948979,8.502987266912557,0.0,0.0,positive
1.5164367191402635,13.252561964710207,3.481569088546085,1.401072993878178,72.62711809875373,0.5833672552884875,8.378570670665633,0.0,0.1600500995560969,positive
1.5180192015732892,13.49047635380334,3.4408750427862023,1.3763727405956394,71.94234418072182,0.5635987770402825,8.890165338762246,0.0,0.081032845154649,positive
1.5175584858829783,13.232507426430459,3.547379542653806,1.3934427172136212,72.68797535736978,0.5684937203496166,8.433737520749235,0.0,0.008859469536067796,positive
1.515899024196329,13.382207818266183,3.4279281204494176,1.2199695256279677,72.69222751123623,0.5773051141614074,8.417542369283929,0.0,0.0,positive
1.517126502244135,12.766850804408433,3.5594951241729413,1.3331918223296666,72.66203920222483,0.6015956893438551,8.751223120401173,0.0,0.0,positive
1.5161,13.3382943886227,3.435537660362006,1.2632108680525176,72.6789409365936,0.5727724437980837,8.327987112921042,0.0,0.0,positive
1.5176286070702165,13.460257030444888,3.6339580839803687,1.1399925385253384,72.83540423137258,0.4872528974802236,8.533183332604487,0.0,0.0,positive
1.5206435310161321,13.396732253441783,3.34,1.527164491573314,72.1518099313373,0.5634469791523911,8.896308978892453,0.0,0.0,positive
1.5215261665654594,14.251538481641019,3.8889713771991037,0.8263901008737555,71.57530488212792,0.003615153407313021,9.56950900524024,0.0,0.0,positive
1.5218629781548159,13.921664426900376,3.8041297098397937,0.7095582371454209,71.7626830536232,0.1284582347114052,9.67572931157398,0.0,0.0,positive
1.5192483620948467,13.615875974468125,3.613788959139227,1.0689050195943934,72.64178779573453,0.1572233328797994,8.785426479721835,0.09678573854030911,0.12185880291938636,positive
1.5186983472691038,13.600780414333531,3.649376697013734,1.0192011018045624,72.91561333753985,0.12146456800711661,8.768860049361503,0.0,0.0,positive
1.5171317328017997,12.411613079319798,3.5266535865198385,1.4666648457460372,72.82234068209645,0.555244860428731,8.527976543712256,0.0,0.17642246653277371,positive
1.5177484963489714,13.142158204003586,3.460211812626892,1.6939179034195384,72.55822227190842,0.5916209392045503,8.385865757637482,0.0,0.13328680581420937,positive
1.5180355248326691,13.400429649211075,3.3572616254696994,1.6234989236288822,72.07059051435553,0.5683992524428872,8.927176227467818,0.0,0.07568555384445681,positive
1.517408674024841,13.215192032669085,3.5496285898928734,1.3898944507803879,72.6561151312161,0.5726606856631634,8.436808202642814,0.0,0.0744500409298948,positive
1.5161,13.354055029622382,3.5207474907252965,1.2759365509145384,72.67256546785481,0.587068710898386,8.32348474848737,0.0,0.0,positive
1.5167855531875511,12.907144069213574,3.6067556686524367,1.2977977591719354,72.65718948472968,0.6075151472175229,8.69684827509369,0.0,0.0,positive
1.5161,13.375566765551948,3.5282831804009085,1.2695769261174832,72.67829162460276,0.5890899152901603,8.32672483679279,0.0,0.0,positive
1.5161631861876579,13.386423377213193,3.517294752340169,1.1200799327168913,72.76869843862946,0.32317656331997097,8.592267771412452,0.0,0.0,positive
1.5195496362802854,13.368253848765367,3.34,1.4396210046310247,72.26360861244198,0.5840027459021994,8.871946218407471,0.0,0.0,positive
1.5220448233128971,14.277983876821104,3.8239719209433822,0.6370999361563738,71.56337917417287,0.020292792416090832,9.527298822256274,0.0,0.0,positive
1.525503857934573,14.029496416676267,3.742826529299872,0.6119403664245653,71.78770323601543,0.09327949243492305,9.727683829083967,0.0,0.04248845385241473,positive
1.5183047975711241,13.646171697870697,3.6453504181161036,0.8767352703235589,72.73315324074923,0.13577648621240246,8.664213994408122,0.08490059024145706,0.15850188198042575,positive
1.5177202020440546,13.647582530381094,3.6519319885362873,1.0641636099269758,72.85556045199249,0.08304892249935178,8.902517099565767,0.0,0.0,positive
1.5172327733771862,12.214208772498054,3.52914052559774,1.3558927646207204,72.8868259202618,0.5447735789889336,8.522668577759509,0.0,0.026721660368219446,positive
1.5163458341237541,13.263316596217969,3.5007995531408014,1.691203557377549,72.56903430600549,0.5920544694401205,8.372743978649542,0.0,0.06933600899784,positive
1.519649474163468,13.470393889543855,3.355492841248769,1.5861181836051368,72.35675728706698,0.5994175921360482,8.826250769503208,0.0,0.054913677076606,positive
1.516886748717291,13.2359321116146,3.5473363706935257,1.383775462500949,72.69445005656603,0.5837905727011707,8.438405660430272,0.0,0.0031866500884740745,positive
1.5166423446935466,13.410128716255004,3.4444798549381592,1.155786447994159,72.79615455212038,0.5504438083638532,8.393440546780804,0.0,0.0,positive
1.5173018717133795,12.85931129319126,3.643936762297835,1.2649331361604947,72.5880607132262,0.6103353770462392,8.74173688229308,0.0,0.14510728017274696,positive
1.5170391408525512,13.365414188202108,3.5243606163625216,1.2251445474163527,72.69897229772295,0.5213047622575671,8.410519713438337,0.0,0.0,positive
1.517688350592546,13.47699174079775,3.651236202164426,1.246976521512341,72.75767459078479,0.39980299358433097,8.6,0.0,0.0,positive
1.5181472399670846,13.499729244116633,3.3478684617713816,1.6213161476938418,72.00752964533613,0.5626797583065462,8.941824234616773,0.0,0.05258090566255942,positive
1.521836045310512,14.33283344982649,3.852770533620878,0.8812492419791774,71.3715885576377,0.04197672329183997,9.396451428538795,0.0,0.0,positive
1.5240292518677192,14.02268959437206,3.74303725126511,0.6241854782745605,71.73027091962246,0.03869779194091087,9.8093021093506,0.0,0.04553850475363394,positive
1.5189088611312853,13.64,3.5503660289684156,0.723691367848343,72.7888800767315,0.13358164518706997,8.912452778795323,0.12361452508836776,0.024099460270667478,positive
1.518952465265485,13.64,3.6337777205751265,0.7421664121773096,72.7916380009213,0.0624861263154189,8.89426155736368,0.1416030280252807,0.04303787420559622,positive
1.5172026669977399,12.35007581866931,3.5260342034722694,1.4694867117720323,72.86374093994012,0.5632016481623435,8.52082919745664,0.0,0.05710946613613289,positive
1.516429254805091,13.220634918651157,3.481923286948294,1.4923019893767329,72.51304114890088,0.5806462459730188,8.372531313683817,0.0,0.1423199327481326,positive
1.5187326158125953,13.505700978824812,3.3590095394332735,1.5057581240603384,71.94621806461795,0.5730367761686476,8.86836113014947,0.0,0.07139258760874043,positive
1.5180344479791437,13.205534203519848,3.5815183027269546,1.3620852710532096,72.71906754772932,0.569490599311761,8.410648599445773,0.07827475925510313,0.1268617646444933,positive
1.5161,13.362165597137,3.4175248741967734,1.2301558065857603,72.68514753713667,0.5669575829589554,8.324865789079675,0.0,0.0,positive
1.5172544095067741,12.801931183348698,3.614887695904123,1.2967822559185522,72.77354075463285,0.598314599583119,8.745980244176634,0.0,0.0,positive
1.5161,13.396938887372647,3.5293914577842074,1.336627558162024,72.67981294908822,0.5814111735465637,8.326330605848803,0.0,0.0,positive
1.5176872995757058,12.99004162040542,3.6427291078976385,1.2203049463589093,72.75438855976513,0.25999650842443495,8.6,0.0,0.0,positive
1.520295048899367,13.394524288395532,3.34,1.2644348606291276,72.23399433959156,0.5977402705527481,8.919814310259653,0.0,0.0,positive
1.521969668235325,14.248070738412743,3.854930056796771,0.6730461381584812,71.60325082387556,0.01293335883601264,9.527501757196056,0.0,0.0,positive
1.521514930224772,14.121548716807368,3.8134493571881984,0.48185336655793515,71.78642793812499,0.11,9.645367817778444,0.0,0.0,positive
1.5182920203323118,13.641015084546058,3.6142331034545627,0.913015440629496,72.75276208239814,0.11171829287629137,8.70989913149527,0.12484383750865241,0.22160261058608777,positive
1.5180447121627718,13.64,3.5547408072426805,0.68482039982564,72.73675578925197,0.1515222597029298,8.919269761880535,0.08959695728825355,0.22067008931315807,positive
1.5166334320183334,12.233704173418774,3.537884487384936,1.35,72.90885346174342,0.6129124459850961,8.576979260451468,0.0,0.0,positive
1.516698275180011,13.216657476118693,3.4824036752368346,1.4755447408902747,72.5873647720173,0.5856211931937619,8.393585211562641,0.0,0.11139416307395272,positive
1.5181597198403292,13.497338376691886,3.4184296805800543,1.4882991483414847,71.94350445356028,0.5569688312222324,8.929737862871514,0.0,0.059220251560284355,positive
1.5177615700006892,13.232370782574218,3.5136759659279884,1.3912369228554573,72.67279402289292,0.5752879910253259,8.438717781898978,0.0,0.03459394220905608,positive
1.5162280082894444,13.403857182139175,3.4193057798269195,1.207445759386803,72.76400237399592,0.5898181363519466,8.416026482930372,0.0,0.0,positive
1.5169922699070184,12.78764111521742,3.5976032063470416,1.3048246669044972,72.7440833126675,0.607243779362362,8.747477936640347,0.0,0.0,positive
1.5165770933134475,13.361674624788668,3.520477981658085,1.2045449426344492,72.77618894791554,0.5012356439441776,8.370674716443421,0.0,0.0,positive
1.5184972321325914,13.601293199148092,3.630979707583252,1.11,72.72309332836493,0.12576700470365287,8.638564461541316,0.0,0.0,positive
1.5197136607721575,13.357132113586296,3.34,1.4405897509533938,72.35883835099035,0.5866120277357719,8.830865591248136,0.0,0.0,positive
1.5213143819965476,14.333292094800154,3.8822649176116926,0.8500951353064357,71.47217894707546,0.07310205471474948,9.32541163863093,0.0,0.0,positive
1.521572786753711,14.070609180018323,3.791498425463055,0.47504697109209004,71.772642958976,0.11,9.572878422629342,0.0,0.0,positive
1.5191303218915586,13.260409806981716,3.394591380334773,0.8788447360250886,72.66381216188842,0.3259796823699345,8.866576951517866,0.027079744660562358,0.1808373904683796,positive
1.5178054343121825,13.607931646454814,3.646940294638576,1.0287350357429912,72.99293724726604,0.127663406603533,8.833833873862694,0.0,0.0,positive
1.5164487489860479,12.542247683508606,3.52,1.3891476021881541,72.94578186430843,0.57,8.531955395325797,0.0,0.0,positive
1.5177749288666718,13.201859202513454,3.479727719851255,1.4376642362771628,72.59082417314735,0.5973183405727774,8.385660311607781,0.0,0.13805143055320107,positive
1.5188310979096888,13.55335800873938,3.3567434265597074,1.4320541517809522,72.0561721150438,0.5710179740439799,8.90141471875381,0.0,0.02401294916638831,positive
1.517586948012392,13.23039613690613,3.608874140729678,1.3608857895676671,72.8201651613326,0.5674480464484681,8.429528758163181,0.07944867872911951,0.11132166380009811,positive
1.517614501222157,13.290831890399968,3.4380682914990777,1.2902526431993229,72.64904472745876,0.59,8.361000161794143,0.0,0.0,positive
1.5167528505593773,12.880844721067803,3.606545126017758,1.3074350897682334,72.66208833704162,0.6053643370781809,8.730708164527044,0.0,0.0,positive
1.5171920321063037,13.357748196710304,3.510209290870475,1.239357966032992,72.82222173859162,0.5345032637929197,8.331836543367935,0.0,0.0,positive
1.5174413977202745,13.452791284686079,3.513901880058561,1.1347339876368765,72.83021847315469,0.17504860827402235,8.531258814601077,0.0,0.0,positive
1.5180098719085644,13.447902008840313,3.343411953339645,1.6009421140683187,72.01052260665733,0.5645526596622756,8.94464915788794,0.0,0.024675606806769782,positive
1.5220576080574268,14.203417248793004,3.831004927028916,0.7825749685575447,71.38389836189376,0.0,9.493341601512006,0.0,0.0,positive
1.5219740629197513,14.041477527361938,3.800941559139629,0.5118250748981157,71.77576886491136,0.11,9.591839075242197,0.0,0.0,positive
1.5178998241814239,13.640659844097364,3.612596746999536,0.7928626292404022,72.71309752912966,0.12756196668682274,8.661723876616971,0.07023641654001181,0.11086292119565194,positive
1.5177516090302823,13.648221619748773,3.656167571530955,0.6969058744143412,72.7789505033923,0.09619292923083769,8.756651396040471,0.0,0.0,positive
1.5173540416536229,12.311916581693385,3.5535654405442,1.333235546168972,73.21046312261048,0.570522154732949,8.519489211572253,0.0,0.0,positive
1.5175805991463869,13.204801932328461,3.4626008985261447,1.6779636632021093,72.53300345575968,0.5915550755432468,8.38560833203246,0.0,0.0471712205344753,positive
1.5187499012662578,13.491960371969846,3.4027177159081856,1.4098961047998475,71.94214102037718,0.5509280154167948,8.824880775464433,0.0,0.027137331079582244,positive
1.5171238158087923,13.221049008068173,3.580220699954771,1.243026676599924,72.77128998150643,0.563129083905247,8.427252567854842,0.04279559897495265,0.12359190135399228,positive
1.5176158302550762,13.344599912322938,3.449008384477437,1.2256665369543618,72.68890066963618,0.59,8.379644543929295,0.0,0.0,positive
1.5177378065233385,12.733731474920551,3.557617431388671,1.3137942961900608,72.88917503192926,0.6072024995308912,8.780849404227522,0.0,0.0,positive
1.5161,13.374969976050213,3.4565221759286415,1.30578631971933,72.68889124524733,0.5790748248640712,8.321113793346333,0.0,0.0,positive
1.5177425765641581,13.643241694861727,3.650404207762486,1.11,72.70447679061553,0.125985460446663,8.738583021278226,0.0,0.0,positive
1.518874199265766,13.35239272126813,3.3520990100760124,1.4277414859543252,72.02544557401629,0.5544813847048485,8.993776223554637,0.0,0.0,positive
1.5216542209935608,14.34586780628138,3.87626220336578,0.8345422075785139,71.43034074076093,0.03501949586229486,9.391585603926462,0.0,0.0,positive
1.521426814059318,14.040515475668421,3.7620529409747436,0.5705904072443155,71.78185729039367,0.11,9.63069851557789,0.0,0.0,positive
1.5179973968211022,13.64,3.6302834332434615,0.6918873872108001,72.98824643822442,0.14078855080267616,8.922555833613224,0.14696498981370065,0.13024047688269197,positive
1.5184585934245185,13.621478377528911,3.620264179127568,0.6570846925182835,72.90699290379884,0.12630982133979038,8.871938033825145,0.0,0.0,positive
1.5169066713935957,12.472845177742368,3.52,1.3595877132687295,73.00107770008994,0.57,8.536409103269818,0.0,0.0,positive
1.5166935275050277,13.170156926987085,3.5475464964110968,1.4209248322836203,72.60611378293679,0.587011276118591,8.388075905414942,0.0,0.1373804855500118,positive
1.5187307881925163,13.5432392726534,3.3583093674140017,1.3039743681451292,72.01281058696947,0.5866189638313324,8.904009871258298,0.0,0.04345341173171158,positive
1.5163061516442415,13.288969169687004,3.5406554271712287,1.3526511304049293,72.69612564668017,0.56,8.439160667147876,0.0,0.09738430240605987,positive
1.517702327088384,13.365555046177708,3.4684749333287437,1.2694918807990316,72.68290588889495,0.59,8.351099496720842,0.0,0.0,positive
