@relation glass2
@attribute RI real [1.51115, 1.53393]
@attribute Na real [10.73, 17.38]
@attribute Mg real [0.0, 4.49]
@attribute Al real [0.29, 3.5]
@attribute Si real [69.81, 75.41]
@attribute K real [0.0, 6.21]
@attribute Ca real [5.43, 16.19]
@attribute Ba real [0.0, 3.15]
@attribute Fe real [0.0, 0.51]
@attribute Class {positive, negative}
@data
1.51673,13.3,3.64,1.53,72.53,0.65,8.03,0.0,0.29,negative
1.5175,12.82,3.55,1.49,72.75,0.54,8.52,0.0,0.19,negative
1.51775,12.85,3.48,1.23,72.97,0.61,8.56,0.09,0.22,negative
1.51646,13.41,3.55,1.25,72.81,0.68,8.1,0.0,0.0,negative
1.51846,13.41,3.89,1.33,72.38,0.51,8.28,0.0,0.0,negative
1.51811,13.33,3.85,1.25,72.78,0.52,8.12,0.0,0.0,negative
1.52152,13.05,3.65,0.87,72.22,0.19,9.85,0.0,0.17,negative
1.51735,13.02,3.54,1.69,72.73,0.54,8.44,0.0,0.07,negative
1.51841,13.02,3.62,1.06,72.34,0.64,9.13,0.0,0.15,negative
1.51761,13.89,3.6,1.36,72.73,0.48,7.83,0.0,0.0,negative
1.51747,12.84,3.5,1.14,73.27,0.56,8.55,0.0,0.0,negative
1.51593,13.09,3.59,1.52,73.1,0.67,7.83,0.0,0.0,negative
1.51721,12.87,3.48,1.33,73.04,0.56,8.43,0.0,0.0,negative
1.51778,13.21,2.81,1.29,72.98,0.51,9.02,0.0,0.09,negative
1.52475,11.45,0.0,1.88,72.19,0.81,13.24,0.0,0.34,negative
1.51766,13.21,3.69,1.29,72.61,0.57,8.22,0.0,0.0,negative
1.51753,12.57,3.47,1.38,73.39,0.6,8.55,0.0,0.06,negative
1.51793,12.79,3.5,1.12,73.03,0.64,8.77,0.0,0.0,negative
1.51592,12.86,3.52,2.12,72.66,0.69,7.97,0.0,0.0,negative
1.51605,12.9,3.44,1.45,73.06,0.44,8.27,0.0,0.0,negative
1.51409,14.25,3.09,2.08,72.28,1.1,7.08,0.0,0.0,negative
1.52152,13.12,3.58,0.9,72.2,0.23,9.82,0.0,0.16,negative
1.53393,12.3,0.0,1.0,70.16,0.12,16.19,0.0,0.24,negative
1.51784,13.08,3.49,1.28,72.86,0.6,8.49,0.0,0.0,negative
1.51783,12.69,3.54,1.34,72.95,0.57,8.75,0.0,0.0,negative
1.51674,12.79,3.52,1.54,73.36,0.66,7.9,0.0,0.0,negative
1.52172,13.48,3.74,0.9,72.01,0.18,9.61,0.0,0.07,negative
1.51768,12.65,3.56,1.3,73.08,0.61,8.69,0.0,0.14,negative
1.51683,14.56,0.0,1.98,73.29,0.0,8.52,1.57,0.07,negative
1.51966,14.77,3.75,0.29,72.02,0.03,9.0,0.0,0.0,negative
1.5221,13.73,3.84,0.72,71.76,0.17,9.74,0.0,0.0,negative
1.52739,11.02,0.0,0.75,73.08,0.0,14.96,0.0,0.0,negative
1.51629,12.71,3.33,1.49,73.28,0.67,8.24,0.0,0.0,negative
1.51813,13.43,3.98,1.18,72.49,0.58,8.15,0.0,0.0,negative
1.5164,12.55,3.48,1.87,73.23,0.63,8.08,0.0,0.09,negative
1.52068,13.55,2.09,1.67,72.18,0.53,9.57,0.27,0.17,negative
1.52213,14.21,3.82,0.47,71.77,0.11,9.57,0.0,0.0,negative
1.51824,12.87,3.48,1.29,72.95,0.6,8.43,0.0,0.0,negative
1.52227,14.17,3.81,0.78,71.35,0.0,9.69,0.0,0.0,negative
1.51756,13.15,3.61,1.05,73.24,0.57,8.24,0.0,0.0,negative
1.51625,13.36,3.58,1.49,72.72,0.45,8.21,0.0,0.0,negative
1.51689,12.67,2.88,1.71,73.21,0.73,8.54,0.0,0.0,negative
1.51645,13.44,3.61,1.54,72.39,0.66,8.03,0.0,0.0,negative
1.51937,13.79,2.41,1.19,72.76,0.0,9.77,0.0,0.0,negative
1.51736,12.78,3.62,1.29,72.79,0.59,8.7,0.0,0.0,negative
1.51588,13.12,3.41,1.58,73.26,0.07,8.39,0.0,0.19,negative
1.5159,12.82,3.52,1.9,72.86,0.69,7.97,0.0,0.0,negative
1.51797,12.74,3.48,1.35,72.96,0.64,8.68,0.0,0.0,negative
1.52081,13.78,2.28,1.43,71.99,0.49,9.85,0.0,0.17,negative
1.51742,13.27,3.62,1.24,73.08,0.55,8.07,0.0,0.0,negative
1.53125,10.73,0.0,2.1,69.81,0.58,13.3,3.15,0.28,negative
1.51613,13.92,3.52,1.25,72.88,0.37,7.94,0.0,0.14,negative
1.51655,12.75,2.85,1.44,73.27,0.57,8.79,0.11,0.22,negative
1.51508,15.15,0.0,2.25,73.5,0.0,8.34,0.63,0.0,negative
1.51847,13.1,3.97,1.19,72.44,0.6,8.43,0.0,0.0,negative
1.5159,13.02,3.58,1.51,73.12,0.69,7.96,0.0,0.0,negative
1.51571,12.72,3.46,1.56,73.2,0.67,8.09,0.0,0.24,negative
1.51299,14.4,1.74,1.54,74.55,0.0,7.59,0.0,0.0,negative
1.51872,12.93,3.66,1.56,72.51,0.58,8.55,0.0,0.12,negative
1.51811,12.96,2.96,1.43,72.92,0.6,8.79,0.14,0.0,negative
1.51818,13.72,0.0,0.56,74.45,0.0,10.99,0.0,0.0,negative
1.51321,13.0,0.0,3.02,70.7,6.21,6.93,0.0,0.0,negative
1.51808,13.43,2.87,1.19,72.84,0.55,9.03,0.0,0.0,negative
1.51829,13.24,3.9,1.41,72.33,0.55,8.31,0.0,0.1,negative
1.51977,13.81,3.58,1.32,71.72,0.12,8.67,0.69,0.0,negative
1.51743,13.3,3.6,1.14,73.09,0.58,8.17,0.0,0.0,negative
1.51618,13.01,3.5,1.48,72.89,0.6,8.12,0.0,0.0,negative
1.51926,13.2,3.33,1.28,72.36,0.6,9.14,0.0,0.11,negative
1.51844,13.25,3.76,1.32,72.4,0.58,8.42,0.0,0.0,negative
1.51531,14.38,0.0,2.66,73.1,0.04,9.08,0.64,0.0,negative
1.51685,14.92,0.0,1.99,73.06,0.0,8.4,1.59,0.0,negative
1.52196,14.36,3.85,0.89,71.36,0.15,9.15,0.0,0.0,negative
1.5164,14.37,0.0,2.74,72.85,0.0,9.45,0.54,0.0,negative
1.51748,12.86,3.56,1.27,73.21,0.54,8.38,0.0,0.17,negative
1.51623,14.2,0.0,2.79,73.46,0.04,9.04,0.4,0.09,negative
1.5166,12.99,3.18,1.23,72.97,0.58,8.81,0.0,0.24,negative
1.52152,13.05,3.65,0.87,72.32,0.19,9.85,0.0,0.17,negative
1.51732,14.95,0.0,1.8,72.99,0.0,8.61,1.55,0.0,negative
1.51651,14.38,0.0,1.94,73.61,0.0,8.48,1.57,0.0,negative
1.52119,12.97,0.33,1.51,73.39,0.13,11.27,0.0,0.28,negative
1.52369,13.44,0.0,1.58,72.22,0.32,12.24,0.0,0.0,negative
1.51754,13.39,3.66,1.19,72.79,0.57,8.27,0.0,0.11,negative
1.51754,13.48,3.74,1.17,72.99,0.59,8.03,0.0,0.0,negative
1.52223,13.21,3.77,0.79,71.99,0.13,10.02,0.0,0.0,negative
1.51839,12.85,3.67,1.24,72.57,0.62,8.68,0.0,0.35,negative
1.52043,13.38,0.0,1.4,72.25,0.33,12.5,0.0,0.0,negative
1.51806,13.0,3.8,1.08,73.07,0.56,8.38,0.0,0.12,negative
1.52177,13.2,3.68,1.15,72.75,0.54,8.52,0.0,0.0,negative
1.51556,13.87,0.0,2.54,73.23,0.14,9.41,0.81,0.01,negative
1.51645,14.94,0.0,1.87,73.11,0.0,8.67,1.38,0.0,negative
1.52777,12.64,0.0,0.67,72.02,0.06,14.4,0.0,0.0,negative
1.51627,13.0,3.58,1.54,72.83,0.61,8.04,0.0,0.0,negative
1.51916,14.15,0.0,2.09,72.74,0.0,10.88,0.0,0.0,negative
1.51829,14.46,2.24,1.62,72.38,0.0,9.26,0.0,0.0,negative
1.51918,14.04,3.58,1.37,72.08,0.56,8.3,0.0,0.0,negative
1.5169,13.33,3.54,1.61,72.54,0.68,8.11,0.0,0.0,negative
1.52365,15.79,1.83,1.31,70.43,0.31,8.61,1.68,0.0,negative
1.519,13.49,3.48,1.35,71.95,0.55,9.0,0.0,0.0,negative
1.52099,13.69,3.59,1.12,71.96,0.09,9.4,0.0,0.0,negative
1.51837,13.14,2.84,1.28,72.85,0.55,9.07,0.0,0.0,negative
1.51888,14.99,0.78,1.74,72.5,0.0,9.95,0.0,0.0,negative
1.51743,12.2,3.25,1.16,73.55,0.62,8.9,0.0,0.24,negative
1.51969,12.64,0.0,1.65,73.75,0.38,11.53,0.0,0.0,negative
1.51602,14.85,0.0,2.38,73.28,0.0,8.76,0.64,0.09,negative
1.51709,13.0,3.47,1.79,72.72,0.66,8.18,0.0,0.0,negative
1.51838,14.32,3.26,2.22,71.25,1.46,5.79,1.63,0.0,negative
1.5173,12.35,2.72,1.63,72.87,0.7,9.23,0.0,0.0,negative
1.51779,13.21,3.39,1.33,72.76,0.59,8.59,0.0,0.0,negative
1.51869,13.19,3.37,1.18,72.72,0.57,8.83,0.0,0.16,negative
1.51653,11.95,0.0,1.19,75.18,2.7,8.93,0.0,0.0,negative
1.51764,12.98,3.54,1.21,73.0,0.65,8.53,0.0,0.0,negative
1.51793,13.21,3.48,1.41,72.64,0.59,8.43,0.0,0.0,negative
1.51909,13.89,3.53,1.32,71.81,0.51,8.78,0.11,0.0,negative
1.51215,12.99,3.47,1.12,72.98,0.62,8.35,0.0,0.31,negative
1.51658,14.8,0.0,1.99,73.11,0.0,8.28,1.71,0.0,negative
1.51569,13.24,3.49,1.47,73.25,0.38,8.03,0.0,0.0,negative
1.52058,12.85,1.61,2.17,72.18,0.76,9.7,0.24,0.51,negative
1.51613,13.88,1.78,1.79,73.1,0.0,8.67,0.76,0.0,negative
1.51514,14.85,0.0,2.42,73.72,0.0,8.39,0.56,0.0,negative
1.51711,14.23,0.0,2.08,73.36,0.0,8.62,1.67,0.0,negative
1.51786,12.73,3.43,1.19,72.95,0.62,8.76,0.0,0.3,negative
1.51969,14.56,0.0,0.56,73.48,0.0,11.22,0.0,0.0,negative
1.51316,13.02,0.0,3.04,70.48,6.21,6.96,0.0,0.0,negative
1.52151,11.03,1.71,1.56,73.44,0.58,11.62,0.0,0.0,negative
1.51652,13.56,3.57,1.47,72.45,0.64,7.96,0.0,0.0,negative
1.51905,13.6,3.62,1.11,72.64,0.14,8.76,0.0,0.0,negative
1.51574,14.86,3.67,1.74,71.87,0.16,7.36,0.0,0.12,negative
1.51784,12.68,3.67,1.16,73.11,0.61,8.7,0.0,0.0,negative
1.5172,13.38,3.5,1.15,72.85,0.5,8.43,0.0,0.0,negative
1.52213,14.21,3.82,0.47,71.77,0.11,9.57,0.0,0.0,negative
1.5232,13.72,3.72,0.51,71.75,0.09,10.06,0.0,0.16,negative
1.51618,13.53,3.55,1.54,72.99,0.39,7.78,0.0,0.0,negative
1.51755,13.0,3.6,1.36,72.99,0.57,8.4,0.0,0.11,negative
1.51915,12.73,1.85,1.86,72.69,0.6,10.09,0.0,0.0,negative
1.5182,12.62,2.76,0.83,73.81,0.35,9.42,0.0,0.2,negative
1.52247,14.86,2.2,2.06,70.26,0.76,9.76,0.0,0.0,negative
1.51667,12.94,3.61,1.26,72.75,0.56,8.6,0.0,0.0,negative
1.52172,13.51,3.86,0.88,71.79,0.23,9.54,0.0,0.11,negative
1.51623,14.14,0.0,2.88,72.61,0.08,9.18,1.06,0.0,negative
1.51719,14.75,0.0,2.0,73.02,0.0,8.53,1.59,0.08,negative
1.51594,13.09,3.52,1.55,72.87,0.68,8.05,0.0,0.09,negative
1.52725,13.8,3.15,0.66,70.57,0.08,11.64,0.0,0.0,negative
1.5241,13.83,2.9,1.17,71.15,0.08,10.79,0.0,0.0,negative
1.52614,13.7,0.0,1.36,71.24,0.19,13.44,0.0,0.1,negative
1.51609,15.01,0.0,2.51,73.05,0.05,8.83,0.53,0.0,negative
1.51852,14.09,2.19,1.66,72.67,0.0,9.32,0.0,0.0,negative
1.51769,12.45,2.71,1.29,73.7,0.56,9.06,0.0,0.24,negative
1.51589,12.88,3.43,1.4,73.28,0.69,8.05,0.0,0.24,negative
1.51905,14.0,2.39,1.56,72.37,0.0,9.57,0.0,0.0,negative
1.51115,17.38,0.0,0.34,75.41,0.0,6.65,0.0,0.0,negative
1.51596,13.02,3.56,1.54,73.11,0.72,7.9,0.0,0.0,negative
1.51674,12.87,3.56,1.64,73.14,0.65,7.99,0.0,0.0,negative
1.51851,13.2,3.63,1.07,72.83,0.57,8.41,0.09,0.17,negative
1.51631,13.34,3.57,1.57,72.87,0.61,7.89,0.0,0.0,negative
1.51789,13.19,3.9,1.3,72.33,0.55,8.44,0.0,0.28,negative
1.5172538474101307,13.038466325058183,3.4335972219910733,1.2498730782103127,73.00854421294997,0.5786936894979209,8.55714029232979,0.0,0.0,positive
1.516836118922975,13.239317819270065,3.6249785534195507,1.261528894792629,72.72200149382057,0.5618955776863279,8.41196704799621,0.036595067364390325,0.11935007678113362,positive
1.5220355665931746,14.042722341823788,3.789064606124729,0.6771693217993237,71.77774583130027,0.05723115292401831,9.679605763048768,0.0,0.0,positive
1.5177614725681983,13.448389775123976,3.4184552029304274,1.4549669864467432,72.214058427153,0.5530844751732756,8.749091045712746,0.0,0.0,positive
1.515711994703063,13.32631864530817,3.419466762816522,1.2162832775966335,72.73566670568027,0.5821628865097421,8.492953569622722,0.0,0.0,positive
1.516665720521573,13.397637517536273,3.39,1.291976320814299,72.64403566977222,0.58639240362699,8.648019423914867,0.0,0.0,positive
1.5183300086371871,13.644202985824341,3.633767830372065,0.9358354394140429,72.66369511323579,0.138519730676734,8.765694465885232,0.08947730478010327,0.02823072150957212,positive
1.5158663832446198,13.618187040717045,3.6450961138005193,1.1930531532309185,72.75415889172194,0.12696732539827538,8.572184217418195,0.0,0.0,positive
1.5187694384140193,13.468898546690994,3.3788967644908117,1.4101822385616232,72.00415630186166,0.5536686436751832,8.991766949498036,0.0,0.0,positive
1.5221126711492206,14.203974100502256,3.7857143194305674,0.6183875872024474,71.38361698930552,0.1804983801928499,9.525579394660426,0.0,0.01283794625645901,positive
1.5189084184834656,13.494774864707955,3.4656873344459664,1.3713384374089814,71.94194901785589,0.5534276997420702,8.927035765437923,0.0,0.06778949797588159,positive
1.5172505460462118,13.168149136703578,3.452357112219521,1.6702670475367662,72.5229973084768,0.5933982585859336,8.420906552817762,0.0,0.010132158512532324,positive
1.5180247563054816,12.852959555974849,3.6601629799515196,1.2992245961247357,72.59834965588269,0.6145861720079424,8.69753122165205,0.0,0.26673724903606516,positive
1.5167449193621012,12.582965202854217,3.539677654327668,1.3459936663336205,72.94934428402699,0.57,8.650699037355851,0.0,0.0,positive
1.5171384207751588,13.013546930372721,3.531399919313743,1.2198595301482793,73.00139276467786,0.5452310584902067,8.54719212900594,0.0,0.0,positive
1.5168126412427023,13.115021611269269,3.568030241098943,1.6201868051680297,72.7196868031592,0.5584771636150202,8.44,0.0,0.0946301889875165,positive
1.5215003635583553,14.104081180226588,3.782106157561636,0.7718202468086861,71.37814451561809,0.010577154999077354,9.683237373780484,0.0,0.0,positive
1.5178901684300166,13.522650106032536,3.396773264679525,1.5605464676274903,71.99864635423485,0.5744290605864629,8.803826989744703,0.0,0.037783061615058774,positive
1.5163171839330594,13.391197345033234,3.4079643000991395,1.267137560120764,72.65386042472817,0.59,8.341248446248585,0.0,0.0,positive
1.5164947442549206,13.410667077309382,3.3916803809207177,1.2625375385472584,72.68378538469413,0.5673526726570969,8.332163945999575,0.0,0.0,positive
1.5192197292302843,13.256550898667145,3.3914248571226295,0.9380118236318483,72.68832951244806,0.16263615334952652,8.843638330794727,0.006160649590724376,0.16589012152901425,positive
1.5202894044288051,13.296817112356536,3.6740996120738476,1.1199393719034465,72.7699613815869,0.18565279738722554,8.575064840705283,0.0,0.0,positive
1.5179344328925217,13.374975870431077,3.3461406915889476,1.5209803312247347,72.1082288229752,0.5716882107218658,8.841874722862165,0.0,0.0,positive
1.5221223396497496,14.192270081461201,3.80971745426375,0.895220369165585,71.63867422295573,0.13907557642918705,9.492914670071375,0.0,0.14792747871336795,positive
1.5186457852502429,13.497433540856283,3.4208554075626996,1.6110116685957674,71.94242996789181,0.5574075714562675,8.98375914081462,0.0,0.06478596540008011,positive
1.5167800559482754,13.151462631512159,3.478897358182509,1.7067690740532357,72.61592559432445,0.5995543914678072,8.39740864328609,0.0,0.07671668965549232,positive
1.517173805002137,12.832772936935552,3.5437941651396345,1.3334408728257725,72.65140231483883,0.5925971368558448,8.759128454474505,0.0,0.0,positive
1.5165741071908552,12.407935313066783,3.548862364051686,1.4447072239029717,72.81947361742282,0.5680986647830899,8.522421074197181,0.0,0.009647154382497787,positive
1.5168087604468412,13.039821628398093,3.405361826307443,1.2319221379260685,73.00106972871602,0.5294549600476675,8.569148097116303,0.0,0.0,positive
1.5170070795711108,13.109779009508584,3.5600258829025435,1.4957479472570325,72.70282721357741,0.5403627001853992,8.44,0.0,0.07251313926804685,positive
1.5218186722312843,14.131793631132464,3.805198115257165,0.5578670484814883,71.78238392815513,0.11,9.618680865632218,0.0,0.0,positive
1.5183016572452346,13.451269933154098,3.424547567697566,1.450994243887157,72.1324177987506,0.5167914174457597,8.60005020407198,0.0,0.0,positive
1.5162612156228092,13.398981907281474,3.5835448231201426,1.2130401123448205,72.75833871982235,0.5785888421998023,8.309166363794718,0.0,0.011974992034298259,positive
1.5162985461738197,13.318009650060581,3.411282484612852,1.2651009386097376,72.7256328842443,0.5583046327108268,8.594869919868634,0.0,0.0,positive
1.5191132030243426,13.616297129304952,3.5325169948311443,1.1115862391006228,72.70302980958468,0.5134263501990556,8.83059599146097,0.13178516991540962,0.22361542278630364,positive
1.516379664209303,13.491849726535866,3.527722756289785,1.2002361284323413,72.74589552668283,0.21344363951503526,8.576366541866303,0.0,0.0,positive
1.517994413005636,13.3962428253262,3.3581901224440207,1.5571312340827046,72.0309686416579,0.5664005482744592,8.97335254163818,0.0,0.0827008869574775,positive
1.5221627710235848,14.188322081209964,3.7812872547736336,0.9054081814853178,71.35753636678349,0.2282585762782706,9.32002528525706,0.0,0.21771080998111544,positive
1.5183788863530878,13.498025719591402,3.41630058707866,1.41001003963666,71.94832519318484,0.5652378735098448,8.95300562228123,0.0,1.0756144133979018E-4,positive
1.5170131063700758,13.12008498724574,3.460796883748824,1.780431528256152,72.4912616627254,0.6554289115694979,8.256938899416452,0.0,0.11482260919722254,positive
1.5169530204846065,12.830029784408671,3.543528621844122,1.3136341247063514,72.9414612022851,0.6043319560290962,8.75479260704823,0.0,0.0,positive
1.5168215016970277,12.604830013301084,3.5475974089384885,1.3615770956584996,72.76267799466629,0.5449674640775833,8.523528170412819,0.0,0.10717071019023237,positive
1.517098841249341,13.06129773561503,3.453407106828923,1.2703391244908258,72.9277204856634,0.5440217399330306,8.50520493471381,0.0,0.0,positive
1.5172575389395384,13.213326356726222,3.5246694135069583,1.4067819602871534,72.68779324208901,0.5694411572266687,8.436755677937667,0.0,0.02663983477101428,positive
1.5214508818156085,14.056639577505015,3.7798943659850193,0.5434842722599098,71.77334189572007,0.11,9.58711337393401,0.0,0.0,positive
1.5180315629230088,13.39405117302623,3.3868334457377456,1.5294549794786285,72.05044350266016,0.5711978500471488,8.888065450602543,0.0,0.0,positive
1.5164010889107327,13.400092990996923,3.460091485964391,1.1810498002627714,72.83923805389901,0.5462617969425869,8.425201353440126,0.0,0.0,positive
1.5175235149562263,13.245909661045184,3.39,1.3264864049212772,72.71241868908855,0.5747633995520192,8.625344352798125,0.0,0.0,positive
1.5192952620358633,13.62724371349214,3.5516769264177523,0.8226381792812126,72.64770378983287,0.1535934652123483,8.868479096094887,0.03837227152026719,0.009005780572230476,positive
1.5173142975694682,13.562571765346071,3.4924181435767334,1.159820639196327,72.7537732052153,0.5151909963116521,8.586846008785292,0.0,0.0,positive
1.5181067246984437,13.39708431316043,3.3570917621962773,1.6096875204622896,72.05683627644244,0.5602858658668738,8.863790612352629,0.0,0.03487565999643335,positive
1.52196714530705,14.304572977280452,3.84340681485109,0.9053116385563604,71.36,0.19624617315273882,9.142812649825027,0.0,0.3690156002201056,positive
1.5180499108828345,13.45727246945719,3.351038188524252,1.6119630360546608,71.99662480233077,0.5637375207492351,8.83405041143114,0.0,0.007092913516300259,positive
1.5168534963631821,13.072972510921398,3.450274269348291,1.7568814842692857,72.58579071532161,0.5765898313718573,8.396430439523535,0.0,0.11287188933542439,positive
1.5177345078447515,12.854873781043235,3.6495754669889995,1.2992860466007712,72.60159568934385,0.6196942198997065,8.77147481910531,0.0,0.12215628126680013,positive
1.5165719262053217,12.58144736146182,3.4944036226841724,1.35,72.9198023688622,0.5840902095527051,8.648912682592146,0.0,0.0,positive
1.5172892470521298,13.030234281492637,3.504973884838685,1.2191223553921373,73.00032684878256,0.5710950985965687,8.565274758002769,0.0,0.0,positive
1.517094326952156,13.048669646731296,3.568757854023224,1.3952544946440129,72.70258523436429,0.5482886223615565,8.44,0.0,0.08664714081831043,positive
1.5217825872444568,14.054814401302016,3.7606016498543737,0.5493202332071413,71.7893426993805,0.11,9.604763742496479,0.0,0.0,positive
1.5179622264031192,13.419675725400515,3.3452208814272892,1.5382112975845348,72.07076372451901,0.5742823752057825,8.87621783912077,0.0,0.0,positive
1.5172036741680834,13.22630398225953,3.4708677821320872,1.3760318810439993,72.6830583321995,0.59,8.359023791737107,0.0,0.0,positive
1.5185600037654066,13.408961161689557,3.4221044436351793,1.3151611093583977,72.3480433019662,0.5105211793742062,8.603181656475883,0.0,0.0,positive
1.519092199240064,13.540196202202422,3.398335544451241,0.9578107621323252,72.68442865899964,0.2429617077974428,8.88158219824234,0.010719105368862863,0.2277636685606228,positive
1.5176277203987536,13.527458248477297,3.6203507420517234,1.1588889199427648,72.74486281761365,0.16279181873734186,8.599543093454756,0.0,0.0,positive
1.5187182814031557,13.351906996242402,3.350112785466183,1.4159390113622525,72.10958579641486,0.5534902095851213,8.991588089161201,0.0,0.0,positive
1.5221265386448872,14.194526980023806,3.7931926010405173,0.5881776289179905,71.53302937072989,0.19169843171376527,9.460563279336837,0.0,0.3064803517641585,positive
1.5178134556213831,13.52786480555199,3.383306896214391,1.5341100732014172,71.94977096367205,0.5734847484873693,8.80647824103246,0.0,0.009973742780465006,positive
1.5169092923806746,13.015140212955295,3.454880896331226,1.770112032442077,72.4919272933559,0.6294163341809401,8.224531033252505,0.0,0.11848511786118898,positive
1.5173906046815693,12.857754928216572,3.556525642039161,1.3224374369041407,72.93968570662182,0.5968993471711606,8.768968010685697,0.0,0.0,positive
1.5172353730140709,12.438615007335862,3.5149600336415543,1.3513015613705333,73.1268628481333,0.577732228587548,8.546606980669264,0.0,0.051702140655109786,positive
1.5169225238077995,13.128483998408592,3.3967619678913232,1.2960525119622452,72.85998283811126,0.5716485294467316,8.589086975078796,0.0,0.0,positive
1.5186365613137909,13.20198596047169,3.6289416861744415,1.3260103331119995,72.70922399655277,0.5506752944359316,8.458537437197691,0.0,0.017321138513542417,positive
1.521223344958079,14.07007143163363,3.7722847563171404,0.5820879672587036,71.70825529634851,0.05973399294566848,9.662014259402794,0.0,0.0,positive
1.518105615080759,13.354415969806494,3.385357030770419,1.5338588734582053,72.0884470275752,0.5644285513384912,8.87679921301139,0.0,0.0,positive
1.5171918843748773,13.414204034391139,3.634092475176117,1.201160058955543,72.73609784499871,0.5883343696706526,8.286966911900937,0.0,0.037345628428645174,positive
1.5165130394732969,13.413046841865913,3.390420911758623,1.2786396801121995,72.68204403501844,0.571319955683436,8.359673869867285,0.0,0.0,positive
1.5189181274339911,13.354252513582992,3.512153820843294,0.9514986925387392,72.6639046784798,0.21949937507375766,8.873818849608403,0.061178831468682346,0.18850151936907014,positive
1.5197032155110177,13.548588928097304,3.6621940908197432,1.1478870260969989,72.7503882719093,0.4593915443189611,8.555546848685903,0.0,0.0,positive
1.518412205470069,13.370290896544843,3.3576188250044297,1.5224251791257255,71.98932637289259,0.5584056604302717,8.998780719288016,0.0,0.0,positive
1.52214948513498,14.181104029012367,3.807520093716789,0.8237494264021855,71.35560486759599,0.07644249309468373,9.197290711874349,0.0,0.34165910484945783,positive
1.5179462258638252,13.521312254099279,3.392190617028218,1.5696669613720737,71.9433537704624,0.5743875561551743,8.809948819748582,0.0,0.012843378678004544,positive
1.516685414188202,13.15879794545826,3.5225402858423034,1.698836260362685,72.62188253838893,0.5677921146246651,8.43994011930284,0.0,0.13067681803219566,positive
1.5172933267265398,12.858247240432885,3.6621859129074044,1.2668610677467456,72.58423973390362,0.6192455267430158,8.760192782417205,0.0,0.20151705032646156,positive
1.5178277702456664,12.368514236941612,3.538070255043076,1.3433764822668068,72.90607854983928,0.57,8.663066764392157,0.0,0.0,positive
1.5168738787569043,12.860528027759337,3.4683323226389033,1.2324832623509339,72.99880620712219,0.5447628571514954,8.56242285256269,0.012072634532960643,0.17601035109583635,positive
1.5170307958546643,13.228691500843407,3.5903932976651816,1.2958362958316447,72.80299207830757,0.5693707123147411,8.412304697913711,0.04098465427827054,0.12297293198392634,positive
1.5217567792226823,14.046962592857406,3.775785179290994,0.5363519758843859,71.78471632903742,0.11,9.635927746713797,0.0,0.0,positive
1.5179465539967423,13.50050494650023,3.345483511475883,1.531906399947355,72.04248612631542,0.5621307786818406,8.978804037367041,0.0,0.0,positive
1.5165147108770967,13.41396579652773,3.6219038932909173,1.2143730585585952,72.71266117279218,0.5716583949132821,8.28270311990221,0.0,0.08920864536579268,positive
1.5161765330083525,13.362115069577559,3.428242572946181,1.2678269451417836,72.68838438506745,0.5259749490529473,8.609607221759084,0.0,0.0,positive
1.5191411783634845,13.61721940696529,3.493409296522627,0.7735398160537076,72.64848161191568,0.37010006853809285,8.708416928663034,0.11898764601456738,0.019122391619031454,positive
1.519111714104806,13.64808028287884,3.653065266214146,1.0571975601341879,72.65611280825887,0.1589190009237123,8.852218668710888,0.057560924238199945,0.02035640973197048,positive
1.5179601414932968,13.356961344918114,3.34592422050836,1.5351475371366727,72.06319194319653,0.5697315781593513,8.983863586200988,0.0,0.0,positive
1.5221245172041629,14.207443847952062,3.8064354881628955,0.5102337108974823,71.59955070854606,0.17130699223551266,9.246362345657928,0.0,0.18951394649807443,positive
1.5182277555494905,13.499204214025502,3.359437926360337,1.5858417291030413,72.0827411569771,0.5663306058488023,8.823415808634556,0.0,0.0276944894347248,positive
1.5178397841209592,13.164179248943306,3.4720609892717818,1.486799795889957,72.53333209188425,0.5907541146348975,8.393283667156064,0.0,0.0015078016034400787,positive
1.517186365464783,12.859893305007324,3.615556792176887,1.3021671383673694,72.77983121748737,0.6012267887824567,8.732368990828629,0.0,0.0,positive
1.5171492926158725,12.39098345891655,3.4982008525220114,1.3614723137639502,72.94878799470915,0.5840631589485207,8.53746812134358,0.0,0.019067521819749054,positive
1.5171364432964098,13.191439845366563,3.391077578777994,1.272502216562575,72.87987764230539,0.5240531594438617,8.589531047664055,0.0,0.0,positive
1.5168837303028362,13.215255632181812,3.597169240104916,1.114531287138153,72.82553243852163,0.5662103747760252,8.43496876750173,0.0068990210302170805,0.1139526235980033,positive
1.522047627620868,14.185878679057433,3.7808922398953837,0.49726610519347436,71.77169554805941,0.11,9.602214956112931,0.0,0.0,positive
1.5177826782072057,13.519269307569038,3.4028456413135197,1.5359529291675083,71.9541751080298,0.5721701232580886,8.790802062194038,0.0,0.054180623351034546,positive
1.5157703728526897,13.384896018493428,3.4374283235670693,1.2151197830901233,72.70797350850779,0.58320739421868,8.369051224691914,0.0,0.0,positive
1.5168800412902061,13.312617199033243,3.39,1.2975222678013985,72.7181870126666,0.5641139494789791,8.611255318714013,0.0,0.0,positive
1.5186304827794022,13.49606080181597,3.4838153857227137,0.9903194644459761,72.64490400299157,0.2061598516367767,8.801567579361087,0.05189091331358413,0.12351803318023576,positive
1.5182388558072681,13.640347110086541,3.6528261482210307,1.11,72.76973730806392,0.13618904079919258,8.699174052872314,0.0,0.0,positive
1.5189350505206518,13.400412825388166,3.3762273316685203,1.3984676144065353,72.11381590394244,0.5552753262933721,8.992022511052546,0.0,0.0,positive
1.5222113587993238,14.183651987772057,3.801387640636666,0.8333079820609927,71.35020594065736,0.13644815218013162,9.225055261177342,0.0,0.36479612531980327,positive
1.5183106889661335,13.37666375722882,3.3467329080234407,1.597526150406488,72.04511336469102,0.5675897211536678,8.909172596997827,0.0,0.009594678175404589,positive
1.51682265890464,13.099403737661193,3.478861040045789,1.6961721476278115,72.64632517334857,0.5403245967180511,8.396454339146507,0.0,0.08853511187864713,positive
1.5174218384365055,12.856452983522338,3.6101427029596533,1.2960894735377306,72.59050611874272,0.6148408341579138,8.696205892455094,0.0,0.017306390264932595,positive
1.5167458491779202,12.438236091590317,3.5390823688923474,1.3413214794879946,72.91292517630032,0.57,8.621628848885637,0.0,0.0,positive
1.5175818999038095,13.185408619665228,3.3970036107901143,1.2738121618884048,72.9087928766037,0.5473268898958248,8.588194683689295,0.0,0.0,positive
1.5176861018715144,13.236940294638577,3.4958996669198497,1.3805885627278303,72.64925244504735,0.5769704928477597,8.436173346638597,0.0,0.07848456636353612,positive
1.5220891696720698,14.03551512664759,3.7893607016411153,0.5563999804848937,71.78035648343449,0.11,9.62435615818354,0.0,0.0,positive
1.5185023104301614,13.361542920842886,3.428419186498448,1.457661402604617,72.0989965073989,0.5720755637491078,8.672697638527596,0.0,0.0,positive
1.5158132007030258,13.377664545276195,3.424743231027381,1.211701991782586,72.69254493510995,0.5625755843738575,8.392167584743827,0.0,0.0,positive
1.516338715011935,13.332251718540643,3.3936995245998065,1.2152956823593692,72.71448046448468,0.5339616557824243,8.579378952240782,0.0,0.0,positive
1.5176239094010282,13.530553661940152,3.484537386947903,1.184125888937151,72.64248069840329,0.2941823476899247,8.83184616211878,0.07196016839082252,0.03720031159089568,positive
1.5181199223720234,13.641151624660747,3.65384421544376,0.9760585618929729,72.75887440898764,0.1256031145981459,8.751230822506885,0.04842654400598501,0.21952229031807863,positive
1.5188416660981536,13.244240260438724,3.3347030508438418,1.3201241553676486,72.2334880327593,0.560734617347174,9.036805549272678,0.0,0.10573256615958364,positive
1.5221246080529862,14.20826226499268,3.8047339876368764,0.5787983976491937,71.42838443433935,0.18147681030664348,9.316327072782833,0.0,0.15239085907511482,positive
1.5184038663862223,13.476116326622481,3.4073994220531367,1.5005226066573336,72.08568510919282,0.5548830526293133,8.60113720915605,0.0,0.07676701250704165,positive
1.516688860917069,13.216661192190093,3.5638200754618925,1.4658758501308624,72.69647142050295,0.599331679697599,8.400222426064788,0.0,0.1695288473430433,positive
1.5169967499964006,12.74399891577105,3.5552091181447696,1.3313467026329633,72.88076410813264,0.580919537621098,8.77052421674912,0.0,0.0,positive
1.51650258285071,12.408038885581748,3.5140468570499444,1.3657743822824127,73.21438033313177,0.5936147713844512,8.540635144461332,0.0,0.037727120806262754,positive
1.5175534754265867,13.144848716026232,3.398980307077949,1.3272759337501716,72.82903535384581,0.5567709159914149,8.584760789401713,0.0,0.0,positive
1.5184115934870788,13.220819748260457,3.616102248035327,1.1957337044989818,72.70261077366474,0.5529928077148355,8.471269154489162,0.0,0.08361471289194441,positive
1.5220339102824618,13.903991014738551,3.7787511626966603,0.6263780237897237,71.76466522662975,0.11672999843895013,9.725815181460833,0.0,0.0,positive
1.518435328754533,13.469483235796737,3.425721706800011,1.5007308166053783,72.24979183041526,0.5745176090394197,8.631275577849868,0.0,0.0,positive
1.5166211522781252,13.413186200030152,3.4441849430322824,1.1816130868811536,72.74006534248394,0.5517577035645277,8.372305732080498,0.0,0.0,positive
1.5163884283835491,13.41612604805968,3.390298238787072,1.2786808035634194,72.64955911059906,0.5579556188640972,8.438898043190465,0.0,0.0,positive
1.5172677106766372,13.511300230484858,3.521028519049696,1.185184608595611,72.64930062488273,0.24235536195229213,8.76699676535173,0.10412496461493458,0.14160341757550612,positive
1.5185144495609206,13.64434785968682,3.62578631971933,0.7699575855478509,72.69370070054372,0.15443103326833657,8.887956908407306,0.06797344094416383,0.015919580087920417,positive
1.5184119129498803,13.368383168950057,3.452156523200794,1.4442353093611566,72.03875875050447,0.5513385611701109,8.99896835778861,0.0,0.0,positive
1.5221127990901586,14.191728430010858,3.803633371378037,0.6447160661429691,71.58626322710121,0.1846853173443721,9.169305694955073,0.0,0.06280978791438369,positive
1.5181928102565323,13.419291491443651,3.358485930807162,1.5852190476320216,71.98669266114973,0.5671054589390135,8.964028395078644,0.0,0.06379986436865923,positive
1.5167247767158645,13.142395097803869,3.4525662525697323,1.6175025818893791,72.49456630721197,0.5975873144472361,8.427307579135327,0.0,0.10741271494002533,positive
1.5177163884813671,12.72047105771465,3.5567549548843203,1.3389925518478083,72.67531892727091,0.5774441663867765,8.78919066395032,0.0,0.0,positive
1.5171430824651368,12.734892536867017,3.5193839397810187,1.35,72.94802109367231,0.5939078684249397,8.633693882294516,0.0,0.0,positive
1.5175002102159934,13.1005842522766,3.3988015358414088,1.2899055346395982,72.79218802175143,0.5648637228887304,8.582822901711596,0.0,0.0,positive
1.5182289561982452,13.2074845011963,3.6681533380231626,1.248153772384269,72.71623590485176,0.5573080315283528,8.47734441302255,0.0,0.09957772810179233,positive
1.5217829203626576,14.053668856203974,3.800753203981859,0.6840151242420929,71.42438279571068,0.006589141615871916,9.66599435309532,0.0,0.0,positive
