@relation ecoli-0-1-3-7_vs_2-6
@attribute Mcg real [0.0, 89.0]
@attribute Gvh real [1.0, 88.0]
@attribute Lip real [1.0, 48.0]
@attribute Chg real [1.0, 5.0]
@attribute Aac real [0.0, 88.0]
@attribute Alm1 real [1.0, 94.0]
@attribute Alm2 real [0.0, 99.0]
@attribute Class {positive, negative}
@data
7.0,4.0,48.0,5.0,54.0,35.0,44.0,negative
56.0,4.0,48.0,5.0,49.0,37.0,46.0,negative
59.0,49.0,48.0,5.0,52.0,45.0,36.0,negative
23.0,32.0,48.0,5.0,55.0,25.0,35.0,negative
67.0,39.0,48.0,5.0,36.0,38.0,46.0,negative
29.0,28.0,48.0,5.0,44.0,23.0,34.0,negative
21.0,34.0,48.0,5.0,51.0,28.0,39.0,negative
2.0,44.0,48.0,5.0,46.0,51.0,57.0,negative
42.0,4.0,48.0,5.0,56.0,18.0,3.0,negative
42.0,24.0,48.0,5.0,57.0,27.0,37.0,negative
39.0,32.0,48.0,5.0,46.0,24.0,35.0,negative
22.0,43.0,48.0,5.0,48.0,16.0,28.0,negative
25.0,4.0,48.0,5.0,46.0,44.0,52.0,negative
44.0,27.0,48.0,5.0,55.0,52.0,58.0,negative
41.0,57.0,48.0,5.0,39.0,21.0,32.0,negative
4.0,45.0,48.0,5.0,38.0,22.0,0.0,negative
31.0,23.0,48.0,5.0,73.0,5.0,14.0,negative
51.0,54.0,48.0,5.0,41.0,34.0,43.0,negative
3.0,16.0,48.0,5.0,56.0,11.0,23.0,negative
36.0,39.0,48.0,5.0,48.0,22.0,23.0,negative
29.0,37.0,48.0,5.0,48.0,44.0,52.0,negative
25.0,4.0,48.0,5.0,47.0,33.0,42.0,negative
21.0,51.0,48.0,5.0,5.0,32.0,41.0,negative
53.0,38.0,48.0,5.0,44.0,26.0,36.0,negative
56.0,51.0,48.0,5.0,34.0,37.0,46.0,negative
24.0,35.0,48.0,5.0,31.0,19.0,31.0,negative
36.0,54.0,48.0,5.0,41.0,38.0,46.0,negative
32.0,42.0,48.0,5.0,35.0,28.0,38.0,negative
38.0,46.0,48.0,5.0,48.0,22.0,29.0,negative
4.0,5.0,48.0,5.0,45.0,39.0,47.0,negative
28.0,38.0,48.0,5.0,5.0,33.0,42.0,negative
61.0,45.0,48.0,5.0,48.0,35.0,41.0,negative
17.0,38.0,48.0,5.0,45.0,42.0,5.0,negative
44.0,35.0,48.0,5.0,55.0,55.0,61.0,negative
43.0,4.0,48.0,5.0,39.0,28.0,39.0,negative
23.0,33.0,48.0,5.0,43.0,33.0,43.0,negative
29.0,3.0,48.0,5.0,45.0,3.0,17.0,negative
22.0,36.0,48.0,5.0,35.0,39.0,47.0,negative
23.0,58.0,48.0,5.0,37.0,53.0,59.0,negative
47.0,47.0,48.0,5.0,22.0,16.0,26.0,negative
54.0,47.0,48.0,5.0,28.0,33.0,42.0,negative
51.0,37.0,48.0,5.0,35.0,36.0,45.0,negative
4.0,35.0,48.0,5.0,45.0,33.0,42.0,negative
44.0,34.0,48.0,5.0,3.0,33.0,43.0,negative
42.0,38.0,48.0,5.0,54.0,34.0,43.0,negative
44.0,56.0,48.0,5.0,5.0,46.0,54.0,negative
52.0,36.0,48.0,5.0,41.0,28.0,38.0,negative
18.0,3.0,48.0,5.0,46.0,24.0,35.0,negative
47.0,29.0,48.0,5.0,51.0,33.0,43.0,negative
24.0,43.0,48.0,5.0,54.0,52.0,59.0,negative
25.0,37.0,48.0,5.0,41.0,33.0,42.0,negative
52.0,57.0,48.0,5.0,42.0,47.0,54.0,negative
25.0,37.0,48.0,5.0,43.0,26.0,36.0,negative
35.0,48.0,48.0,5.0,56.0,4.0,48.0,negative
26.0,26.0,48.0,5.0,34.0,25.0,35.0,negative
37.0,5.0,48.0,5.0,42.0,36.0,45.0,negative
44.0,42.0,48.0,5.0,42.0,25.0,2.0,negative
24.0,43.0,48.0,5.0,37.0,28.0,38.0,negative
42.0,3.0,48.0,5.0,48.0,26.0,36.0,negative
48.0,42.0,48.0,5.0,45.0,25.0,35.0,negative
41.0,48.0,48.0,5.0,51.0,44.0,51.0,negative
29.0,41.0,48.0,5.0,48.0,38.0,46.0,negative
34.0,28.0,48.0,5.0,41.0,35.0,44.0,negative
41.0,43.0,48.0,5.0,45.0,31.0,41.0,negative
29.0,47.0,48.0,5.0,41.0,23.0,34.0,negative
34.0,55.0,48.0,5.0,58.0,31.0,41.0,negative
36.0,56.0,48.0,5.0,43.0,45.0,53.0,negative
4.0,46.0,48.0,5.0,52.0,49.0,56.0,negative
5.0,49.0,48.0,5.0,49.0,46.0,53.0,negative
52.0,44.0,48.0,5.0,37.0,36.0,42.0,negative
5.0,51.0,48.0,5.0,27.0,23.0,34.0,negative
53.0,42.0,48.0,5.0,16.0,29.0,39.0,negative
4.0,42.0,48.0,5.0,37.0,27.0,27.0,negative
3.0,45.0,48.0,5.0,36.0,21.0,32.0,negative
64.0,76.0,48.0,5.0,45.0,35.0,38.0,negative
35.0,37.0,48.0,5.0,3.0,34.0,43.0,negative
65.0,55.0,48.0,5.0,34.0,37.0,28.0,negative
51.0,46.0,48.0,5.0,58.0,31.0,41.0,negative
38.0,4.0,48.0,5.0,63.0,25.0,35.0,negative
38.0,26.0,48.0,5.0,54.0,16.0,28.0,negative
33.0,47.0,48.0,5.0,53.0,18.0,29.0,negative
24.0,34.0,48.0,5.0,38.0,3.0,4.0,negative
26.0,5.0,48.0,5.0,44.0,32.0,41.0,negative
43.0,32.0,48.0,5.0,33.0,45.0,52.0,negative
49.0,43.0,48.0,5.0,49.0,3.0,4.0,negative
32.0,33.0,48.0,5.0,6.0,6.0,2.0,negative
34.0,35.0,48.0,5.0,51.0,49.0,56.0,negative
35.0,34.0,48.0,5.0,46.0,3.0,27.0,negative
38.0,44.0,48.0,5.0,43.0,2.0,31.0,negative
41.0,51.0,48.0,5.0,58.0,2.0,31.0,negative
25.0,51.0,48.0,5.0,37.0,42.0,5.0,negative
29.0,28.0,48.0,5.0,5.0,42.0,5.0,negative
24.0,41.0,48.0,5.0,49.0,23.0,34.0,negative
17.0,39.0,48.0,5.0,53.0,3.0,39.0,negative
4.0,31.0,48.0,5.0,41.0,29.0,39.0,negative
61.0,36.0,48.0,5.0,49.0,35.0,44.0,negative
34.0,51.0,48.0,5.0,44.0,37.0,46.0,negative
4.0,46.0,48.0,5.0,42.0,35.0,44.0,negative
23.0,34.0,48.0,5.0,43.0,26.0,37.0,negative
37.0,44.0,48.0,5.0,42.0,39.0,47.0,negative
0.0,38.0,48.0,5.0,42.0,48.0,55.0,negative
39.0,31.0,48.0,5.0,38.0,34.0,43.0,negative
27.0,3.0,48.0,5.0,71.0,28.0,39.0,negative
17.0,52.0,48.0,5.0,49.0,37.0,46.0,negative
36.0,42.0,48.0,5.0,53.0,32.0,41.0,negative
3.0,37.0,48.0,5.0,43.0,18.0,3.0,negative
4.0,41.0,48.0,5.0,55.0,22.0,33.0,negative
22.0,34.0,48.0,5.0,42.0,29.0,39.0,negative
44.0,35.0,48.0,5.0,44.0,52.0,59.0,negative
27.0,42.0,48.0,5.0,37.0,38.0,43.0,negative
16.0,43.0,48.0,5.0,54.0,27.0,37.0,negative
44.0,52.0,48.0,5.0,43.0,47.0,54.0,negative
63.0,47.0,48.0,5.0,51.0,82.0,84.0,negative
23.0,48.0,48.0,5.0,59.0,88.0,89.0,negative
34.0,49.0,48.0,5.0,58.0,85.0,8.0,negative
43.0,4.0,48.0,5.0,58.0,75.0,78.0,negative
46.0,61.0,48.0,5.0,48.0,86.0,87.0,negative
52.0,39.0,48.0,5.0,65.0,71.0,73.0,negative
12.0,67.0,48.0,5.0,74.0,58.0,63.0,negative
73.0,36.0,48.0,5.0,53.0,91.0,92.0,negative
84.0,44.0,48.0,5.0,48.0,71.0,74.0,negative
48.0,45.0,48.0,5.0,6.0,78.0,8.0,negative
54.0,49.0,48.0,5.0,4.0,87.0,88.0,negative
48.0,41.0,48.0,5.0,51.0,9.0,88.0,negative
5.0,66.0,48.0,5.0,31.0,92.0,92.0,negative
72.0,46.0,48.0,5.0,51.0,66.0,7.0,negative
47.0,55.0,48.0,5.0,58.0,71.0,75.0,negative
33.0,56.0,48.0,5.0,33.0,78.0,8.0,negative
54.0,57.0,48.0,5.0,56.0,81.0,83.0,negative
47.0,59.0,48.0,5.0,52.0,76.0,79.0,negative
63.0,5.0,48.0,5.0,59.0,85.0,86.0,negative
49.0,42.0,48.0,5.0,53.0,79.0,81.0,negative
31.0,5.0,48.0,5.0,57.0,84.0,85.0,negative
74.0,44.0,48.0,5.0,55.0,88.0,89.0,negative
33.0,45.0,48.0,5.0,45.0,88.0,89.0,negative
45.0,4.0,48.0,5.0,61.0,74.0,77.0,negative
71.0,4.0,48.0,5.0,71.0,7.0,74.0,negative
5.0,37.0,48.0,5.0,66.0,64.0,69.0,negative
66.0,53.0,48.0,5.0,59.0,66.0,66.0,negative
6.0,61.0,48.0,5.0,54.0,67.0,71.0,negative
83.0,37.0,48.0,5.0,61.0,71.0,74.0,negative
34.0,51.0,48.0,5.0,67.0,9.0,9.0,negative
63.0,54.0,48.0,5.0,65.0,79.0,81.0,negative
7.0,4.0,48.0,5.0,56.0,86.0,83.0,negative
6.0,5.0,1.0,5.0,54.0,77.0,8.0,negative
16.0,51.0,48.0,5.0,33.0,39.0,48.0,negative
2.0,46.0,48.0,5.0,57.0,78.0,81.0,negative
89.0,55.0,48.0,5.0,51.0,72.0,76.0,negative
7.0,46.0,48.0,5.0,56.0,78.0,73.0,negative
12.0,43.0,48.0,5.0,63.0,7.0,74.0,negative
33.0,37.0,48.0,5.0,46.0,65.0,69.0,negative
63.0,65.0,48.0,5.0,66.0,67.0,71.0,negative
41.0,51.0,48.0,5.0,53.0,75.0,78.0,negative
34.0,67.0,48.0,5.0,52.0,76.0,79.0,negative
58.0,34.0,48.0,5.0,56.0,87.0,81.0,negative
59.0,56.0,48.0,5.0,55.0,8.0,82.0,negative
51.0,4.0,48.0,5.0,57.0,62.0,67.0,negative
5.0,57.0,48.0,5.0,71.0,61.0,66.0,negative
6.0,46.0,48.0,5.0,45.0,81.0,83.0,negative
37.0,47.0,48.0,5.0,39.0,76.0,79.0,negative
36.0,47.0,48.0,5.0,51.0,69.0,72.0,negative
39.0,41.0,48.0,5.0,52.0,72.0,75.0,negative
31.0,44.0,48.0,5.0,5.0,79.0,82.0,negative
61.0,66.0,48.0,5.0,46.0,87.0,88.0,negative
48.0,49.0,48.0,5.0,52.0,77.0,71.0,negative
11.0,5.0,48.0,5.0,58.0,72.0,68.0,negative
31.0,36.0,48.0,5.0,58.0,94.0,94.0,negative
68.0,51.0,48.0,5.0,71.0,75.0,78.0,negative
52.0,54.0,48.0,5.0,62.0,76.0,79.0,negative
46.0,59.0,48.0,5.0,36.0,76.0,23.0,negative
36.0,45.0,48.0,5.0,38.0,79.0,17.0,negative
1.0,49.0,48.0,5.0,41.0,67.0,21.0,negative
3.0,51.0,48.0,5.0,42.0,61.0,34.0,negative
61.0,47.0,48.0,5.0,0.0,8.0,32.0,negative
63.0,75.0,48.0,5.0,64.0,73.0,66.0,negative
71.0,52.0,48.0,5.0,64.0,1.0,99.0,negative
75.0,55.0,1.0,1.0,4.0,47.0,3.0,negative
7.0,39.0,1.0,5.0,51.0,82.0,84.0,negative
74.0,49.0,48.0,5.0,42.0,54.0,36.0,negative
7.0,61.0,48.0,5.0,56.0,52.0,43.0,negative
73.0,78.0,48.0,5.0,58.0,51.0,31.0,negative
65.0,57.0,48.0,5.0,47.0,47.0,51.0,negative
72.0,86.0,48.0,5.0,17.0,55.0,21.0,negative
67.0,7.0,48.0,5.0,46.0,45.0,33.0,negative
67.0,61.0,48.0,5.0,51.0,37.0,38.0,negative
63.0,1.0,48.0,5.0,35.0,51.0,49.0,negative
71.0,71.0,48.0,5.0,4.0,54.0,39.0,negative
66.0,74.0,48.0,5.0,31.0,38.0,43.0,negative
67.0,81.0,48.0,5.0,25.0,42.0,25.0,negative
64.0,72.0,48.0,5.0,49.0,42.0,19.0,negative
68.0,82.0,48.0,5.0,38.0,65.0,56.0,negative
32.0,39.0,48.0,5.0,53.0,28.0,38.0,negative
74.0,82.0,48.0,5.0,49.0,49.0,41.0,negative
63.0,71.0,48.0,5.0,6.0,4.0,39.0,negative
71.0,86.0,48.0,5.0,4.0,54.0,32.0,negative
68.0,78.0,48.0,5.0,43.0,44.0,42.0,negative
75.0,84.0,48.0,5.0,35.0,52.0,33.0,negative
63.0,65.0,48.0,5.0,39.0,44.0,35.0,negative
69.0,67.0,48.0,5.0,3.0,39.0,24.0,negative
7.0,71.0,48.0,5.0,42.0,84.0,85.0,negative
69.0,8.0,48.0,5.0,46.0,57.0,26.0,negative
64.0,66.0,48.0,5.0,41.0,39.0,2.0,negative
63.0,8.0,48.0,5.0,46.0,31.0,29.0,negative
66.0,71.0,48.0,5.0,41.0,5.0,35.0,negative
69.0,59.0,48.0,5.0,46.0,44.0,52.0,negative
68.0,67.0,48.0,5.0,49.0,4.0,34.0,negative
62.0,78.0,48.0,5.0,47.0,49.0,54.0,negative
76.0,73.0,48.0,5.0,44.0,39.0,39.0,negative
64.0,81.0,48.0,5.0,37.0,39.0,44.0,negative
29.0,39.0,48.0,5.0,52.0,4.0,48.0,negative
62.0,83.0,48.0,5.0,46.0,36.0,4.0,negative
56.0,54.0,48.0,5.0,43.0,37.0,3.0,negative
69.0,66.0,48.0,5.0,41.0,5.0,25.0,negative
69.0,65.0,48.0,5.0,63.0,48.0,41.0,negative
74.0,56.0,48.0,5.0,47.0,68.0,3.0,negative
71.0,57.0,48.0,5.0,48.0,35.0,32.0,negative
61.0,6.0,48.0,5.0,44.0,39.0,38.0,negative
59.0,61.0,48.0,5.0,42.0,42.0,37.0,negative
74.0,74.0,48.0,5.0,31.0,53.0,52.0,negative
85.0,53.0,48.0,5.0,53.0,52.0,35.0,positive
63.0,49.0,48.0,5.0,54.0,76.0,79.0,positive
77.0,57.0,1.0,5.0,37.0,54.0,1.0,positive
66.0,49.0,1.0,5.0,54.0,56.0,36.0,positive
67.0,55.0,1.0,5.0,66.0,58.0,16.0,positive
68.0,49.0,1.0,5.0,62.0,55.0,28.0,positive
66.87504121895758,54.25024731374549,1.0,5.0,64.50049462749098,57.75008243791516,18.49917562084836,positive
71.57608285454921,52.178740315154855,1.0,5.0,52.066436515141085,54.60265746060564,17.27175143635237,positive
74.74724967002628,55.36163612365548,1.0,5.0,40.4815232372321,54.40959096908613,8.167841959007276,positive
66.65354695130159,52.92128170780957,1.0,5.0,61.84256341561914,57.30709390260319,22.929060973968102,positive
71.80964864087021,52.38635434744018,1.0,5.0,51.41764266424944,54.576705706569975,16.571054077389395,positive
69.66490358551994,51.66538442583268,1.0,5.0,48.33605809510556,55.33365389354183,24.33894313698203,positive
70.35319697007716,49.916462520016246,11.768434610190877,5.0,53.77088436999594,55.083537479983754,35.77088436999594,positive
74.06057183424701,54.38717496377513,1.0,5.0,45.165078238202724,54.32660312952811,9.81828449725894,positive
71.16592761765166,51.81415788235704,1.0,5.0,53.205756617634265,54.64823026470537,18.502217147045002,positive
76.23310579776862,56.44225876201354,1.0,5.0,38.18520013072124,54.13943530949662,3.440117916190786,positive
81.04626955354041,52.06971048318598,37.06909817743528,5.0,55.093151412831546,52.69771713761051,33.37199334557547,positive
81.90064168204762,54.54967915897619,29.791269882029745,5.0,46.801283364095234,52.774839579488095,21.82772714870237,positive
72.0869343312245,53.426861331799635,1.0,5.0,44.59291966992578,54.89328466705009,16.632481673376603,positive
80.6843310638764,51.98454848561798,36.06844470601123,5.0,55.28476590735955,52.76158863578652,33.22295984983146,positive
74.91521201717016,55.48379055794194,1.0,5.0,40.22194506437338,54.379052360514514,7.6334163090040175,positive
82.08562961274562,52.386448339525394,40.790767989423365,5.0,53.15338791511865,52.613551660474606,35.15338791511865,positive
78.19072530457699,51.397817718724,29.17435819500697,5.0,56.604910132871005,53.201636710957004,32.196181007766995,positive
75.65694566218916,56.023233208864845,1.0,5.0,39.075629431162206,54.24419169778379,5.273354711216304,positive
66.58615680120872,52.516940807252254,1.0,5.0,61.03388161450451,57.17231360241742,24.276863975825815,positive
67.53720243920186,51.77678536478883,1.0,5.0,63.85119024319255,56.38839268239441,22.44642927042235,positive
74.98934427607244,55.21275046761995,1.0,5.0,42.58515478868767,54.223406191547504,7.031967171782682,positive
66.51164626142598,49.0,1.0,5.0,56.046585045703935,55.74417686928701,33.953414954296065,positive
67.75595533237069,49.0,1.0,5.0,61.02382132948277,55.122022333814655,28.976178670517225,positive
70.74684881180657,55.74936976236131,1.0,5.0,55.134138445760954,56.50126047527737,10.379726782290147,positive
66.4391356786402,51.6348140718412,1.0,5.0,59.2696281436824,56.8782713572804,27.217286427196,positive
67.38302610919754,52.7018433448147,1.0,5.0,64.4678955632098,56.85092167240735,20.596313310370604,positive
75.0246946394623,55.244173012855384,1.0,5.0,42.486959334826935,54.21947837339308,6.9259160816130905,positive
66.8292972439894,49.17458889347145,3.0514194982895546,5.0,53.95635277663214,55.82541110652855,35.95635277663214,positive
69.47953341619207,50.31514081439295,1.0,5.0,57.89018495502203,54.83560739820088,23.561399751423792,positive
75.60091572128971,55.7563695300353,1.0,5.0,40.886345218639676,54.155453808745584,5.197252836130852,positive
66.89751278916852,54.38507673501107,1.0,5.0,64.77015347002214,57.79502557833702,18.049744216629783,positive
67.92990973436208,49.42054159382748,1.0,5.0,62.280361062551655,55.21027079691374,27.15891681234504,positive
79.0390128634983,55.98049356825085,12.979200573052529,5.0,41.07802572699661,53.490246784125425,9.665804669867786,positive
66.79890563852612,49.0,1.0,5.0,57.19562255410451,55.60054718073694,32.80437744589549,positive
67.11365938691848,54.31804367848912,1.0,5.0,65.54536245232607,57.65902183924456,17.363912643021763,positive
74.97142145515691,55.52467014920503,1.0,5.0,40.135075932939316,54.36883246269874,7.454568097228005,positive
66.7790085004865,53.674051002918986,1.0,5.0,63.348102005837966,57.558017000972995,20.419829990270056,positive
66.1761397566038,49.0,1.0,5.0,54.70455902641522,55.9119301216981,35.29544097358478,positive
68.11368705585036,55.22273741117007,1.0,5.0,62.77030753803393,57.554525177659855,14.32946941622445,positive
73.82903128025394,54.693840931093774,1.0,5.0,41.90058802142573,54.576539767226556,11.089445926464737,positive
66.06464027729378,49.0,1.0,5.0,54.25856110917511,55.96767986135311,35.74143889082489,positive
74.73499170416386,56.54699834083277,1.0,5.0,43.56852405792482,54.906003318334456,4.397512443754218,positive
66.84296964139781,49.6130688301075,1.0,5.0,52.697228736021565,55.84673279247313,33.317823868279696,positive
67.63039086314728,49.0,1.0,5.0,60.521563452589156,55.18480456842636,29.478436547410848,positive
84.96716849714836,53.01641575142582,47.80711492074665,5.0,52.93433699429673,52.008207875712905,34.86046611288056,positive
66.83057130819269,53.983427849156115,1.0,5.0,63.96685569831223,57.66114261638537,19.38857383614629,positive
67.77559792496514,49.0,1.0,5.0,61.10239169986055,55.11220103751743,28.897608300139453,positive
83.4552908220276,53.7723545889862,38.92483357941218,5.0,49.91058164405521,52.3861772944931,28.43498599361732,positive
67.50874788829682,49.0,1.0,5.0,60.034991553187304,55.24562605585159,29.965008446812696,positive
74.33304958491927,50.49012931409865,18.509019440659152,5.0,58.64720904327803,53.88240301442601,30.60772629967264,positive
75.18597781909261,55.68071114115826,1.0,5.0,39.803488825038684,54.32982221471043,6.77188875743259,positive
66.25050041672834,50.503002500370066,1.0,5.0,57.00600500074013,56.501000833456686,30.98999166543311,positive
67.14792859486113,54.1124284308332,1.0,5.0,65.40828562055546,57.556214215416595,17.775143138333608,positive
76.72560635069613,56.75609453395211,1.0,5.0,37.76220458139966,54.03048818325598,1.8231809479116283,positive
76.65027553713958,56.7456549361015,1.0,5.0,37.5404832607843,54.06358626597462,2.1127596545559157,positive
69.88347602579414,49.44317082959862,6.207257247783799,5.0,61.002865633403104,54.66762187780103,28.77554895179759,positive
74.18094308267295,54.94977678739851,1.0,5.0,41.356724326778156,54.51255580315037,9.969726555131496,positive
67.58700943036837,49.0,1.0,5.0,60.34803772147349,55.206495284815816,29.651962278526508,positive
76.12158870744,56.21918996216889,1.0,5.0,39.440031368222215,54.097601254728886,3.6352338776799904,positive
70.49041393672235,52.26575559034353,1.0,5.0,47.060269370520004,55.18356110241412,21.712319292247063,positive
74.09397596361354,50.70399493970812,21.02194054157034,5.0,53.57400126507297,54.29600506029188,35.57400126507297,positive
76.09413838504281,50.90450314942184,23.37791200570661,5.0,57.71486791380086,53.57162263793362,31.33288051148822,positive
69.75764109203676,55.551528218407356,1.0,5.0,58.002840833093394,56.896943563185296,11.86353836194486,positive
66.30711551721315,50.8426931032789,1.0,5.0,57.6853862065578,56.6142310344263,29.857689655737,positive
69.89223170273557,50.68198373576495,1.0,5.0,56.74380082573453,54.78975203302938,22.323304891793295,positive
72.9058466874346,56.18116933748692,1.0,5.0,48.87304460643965,55.63766132502616,7.1412299688480925,positive
66.07556916182772,49.45341497096629,1.0,5.0,54.906829941932585,56.15113832365543,34.48861676344569,positive
78.7529272473869,51.53010052879692,30.72868121336381,5.0,56.30727381020693,53.10242460340231,32.42767592539461,positive
71.74243631827035,55.94848726365407,1.0,5.0,52.24693467701599,56.10302547269186,8.88634552259448,positive
66.30427268134758,49.0,1.0,5.0,55.21709072539033,55.84786365932621,34.78290927460967,positive
67.68563128483065,49.0,1.0,5.0,60.7425251393226,55.157184357584676,29.257474860677398,positive
74.1740440417342,56.434808808346844,1.0,5.0,45.19527227897081,55.13038238330632,5.238933937398697,positive
66.67855533857212,49.0,1.0,5.0,56.714221354288476,55.66072233071394,33.285778645711524,positive
70.54771426371127,51.264634901076676,1.0,5.0,54.92301593413538,54.71692063736541,20.35685720886621,positive
75.34048698339517,56.66809739667903,1.0,5.0,41.81258774815403,54.66380520664193,3.4892695249072547,positive
76.38587535585616,56.55336389516811,1.0,5.0,37.949101722767764,54.111659026207974,2.954032958639516,positive
68.48230961272424,49.428719655754875,1.0,5.0,60.66025107576601,54.94641004303064,26.553071161827294,positive
68.51825491820892,50.83145812233377,1.0,5.0,50.10815149004074,55.54213546941656,27.987370714789765,positive
75.82383229660998,56.144605306625444,1.0,5.0,38.81771372342094,54.21384867334364,4.742351783513691,positive
67.91582256398588,49.50506461608469,1.0,5.0,62.33670974405646,55.25253230804235,26.98987076783062,positive
73.80234770528457,54.157642404697405,1.0,5.0,45.88236748532061,54.35529469941282,10.592956884146254,positive
84.29193942413598,52.85093461560758,46.248481733389006,5.0,53.03726634609811,52.14906538439242,35.03726634609811,positive
67.5730397175423,51.56176169474621,1.0,5.0,63.707841129830804,56.280880847373105,22.87647661050758,positive
76.0266465407089,56.80532930814178,1.0,5.0,39.8227250319442,54.38934138371644,2.4600301889366563,positive
69.7712236187633,51.742708086373305,1.0,5.0,48.17174531645672,55.31432297840667,24.000652122116776,positive
67.89707032936752,49.61757802379489,1.0,5.0,62.41171868252993,55.308789011897446,26.764843952410214,positive
71.56672579412411,55.913345158824825,1.0,5.0,52.756495197040074,56.17330968235036,9.14991130881383,positive
72.66187580520696,53.845000585605064,1.0,5.0,43.70437375558924,54.78874985359873,14.803122437977848,positive
67.84963523687149,49.90218857877108,1.0,5.0,62.60145905251405,55.45109428938554,26.19562284245784,positive
69.38199895438015,50.228443515004585,1.0,5.0,58.16111401561068,54.84644456062443,23.854003136859536,positive
66.7424598362421,53.45475901745263,1.0,5.0,62.909518034905254,57.48491967248421,21.150803275157912,positive
82.43350382242666,52.39611854645333,40.90439292082665,5.0,54.35873327048,52.45291109016,33.94320745629333,positive
68.81551669036782,49.72490372477139,1.0,5.0,59.73467586008941,54.90938703440358,25.553449928896562,positive
80.30064973276852,52.01066310163548,36.375291444216856,5.0,53.24733422459113,52.98933689836452,35.24733422459113,positive
81.80711860795516,52.248733790107096,39.17262203375839,5.0,54.69034897225903,52.563449657419675,33.68528413268742,positive
76.17542010024714,56.40030552745247,1.0,5.0,38.274350754163514,54.14992361813688,3.623663317395465,positive
77.47053582769807,51.414849647936435,29.374483363253116,5.0,53.396287588015895,53.585150352063565,35.396287588015895,positive
67.03392009543721,54.79647942737671,1.0,5.0,65.86431961825114,57.898239713688355,16.407041145246573,positive
80.412916192435,55.2935419037825,21.050882630555627,5.0,43.82583238487,53.14677095189125,15.504893817848751,positive
67.36778778515256,49.0,1.0,5.0,59.47115114061021,55.31610610742372,30.52884885938979,positive
71.95328940198192,52.51403502398393,1.0,5.0,51.018640550050215,54.56074562200201,16.140131794054234,positive
74.84667179611155,56.56933435922231,1.0,5.0,43.244651791276496,54.86133128155538,4.229992305832672,positive
66.5377164277958,52.22629856677483,1.0,5.0,60.45259713354966,57.07543285559161,25.245671444083904,positive
67.10190726189475,54.38855642863146,1.0,5.0,65.59237095242098,57.69427821431573,17.222887142737072,positive
82.54150865406785,54.22924567296607,33.55636334264862,5.0,48.0830173081357,52.614622836483036,24.551411779788367,positive
76.19263646836356,56.412826522446224,1.0,5.0,38.24774363980177,54.14679336938844,3.5688839642977683,positive
74.1594118279781,54.47503273598054,1.0,5.0,44.890522700060814,54.31562090800243,9.52176451606568,positive
77.44497450356734,56.77751274821633,3.614225208458076,5.0,37.88994900713466,53.88875637410817,2.891141640161161,positive
66.54859486258133,49.0,1.0,5.0,56.19437945032532,55.72570256870934,33.80562054967468,positive
72.24537884107042,52.77367008095149,1.0,5.0,50.2072809970266,54.528291239881064,15.263863476788734,positive
74.8485190373315,55.43528657260473,1.0,5.0,40.32501603321495,54.39117835684882,7.845621244854304,positive
69.58407200199021,51.60659781962924,1.0,5.0,48.46097963328785,55.348350545092686,24.596134539122048,positive
69.94773742851989,49.458291159651736,6.384921125907932,5.0,60.968844890783586,54.6562816302612,28.802009529390542,positive
76.46334245195872,56.89266849039175,1.0,5.0,38.556306889319686,54.21466301921651,1.8049863220619058,positive
67.34940052277783,49.0,1.0,5.0,59.3976020911113,55.325299738611086,30.602397908888694,positive
70.28658459495182,51.032519639957165,1.0,5.0,55.64837612513385,54.74593504500535,21.14024621514456,positive
71.29773552347122,52.85289856252452,1.0,5.0,45.812590554635385,55.03677535936887,19.1435687889552,positive
84.5253054946632,52.90006431466594,46.82575569732475,5.0,53.024983921333515,52.09993568533406,35.024983921333515,positive
67.2890457967251,49.0,1.0,5.0,59.15618318690042,55.35547710163745,30.84381681309958,positive
70.9594164884231,55.79188329768462,1.0,5.0,54.51769218357299,56.41623340463076,10.06087526736534,positive
74.70250592469961,50.83210651046308,22.52725149794112,5.0,53.541973372384234,54.16789348953692,35.541973372384234,positive
78.44216910764906,51.45698096650566,29.869526356441522,5.0,56.471792825362265,53.15726427512075,32.29971669138491,positive
73.84176823176035,56.36835364635207,1.0,5.0,46.15887212789497,55.26329270729586,5.73734765235947,positive
66.50193622773743,52.01161736642459,1.0,5.0,60.02323473284917,57.00387245547486,25.961275445251385,positive
67.56177565396447,49.0,1.0,5.0,60.2471026158579,55.21911217301776,29.752897384142102,positive
70.1727616646913,52.03473575613912,1.0,5.0,47.551186518204375,55.24131606096522,22.72303106689136,positive
73.46680057060804,50.571958014864855,19.470506674662015,5.0,53.607010496283785,54.428041985135145,35.607010496283785,positive
69.17738388123341,50.04656344998525,1.0,5.0,58.7294892187961,54.869179568751846,24.467848356299783,positive
76.90413696189947,56.91478841057731,1.0,5.0,37.266286216945915,54.010651448677834,1.287589114301586,positive
78.83905262359445,51.70295844707252,32.75976175310207,5.0,53.32426038823187,53.29704155292748,35.32426038823187,positive
67.30720685037552,49.0,1.0,5.0,59.228827401502095,55.34639657481224,30.771172598497905,positive
72.95845186964908,53.4075127730214,1.0,5.0,48.22652258430813,54.44906090337233,13.124644391052778,positive
84.84839576658865,52.968083319281824,47.6249790015614,5.0,53.007979170179546,52.031916680718176,35.007979170179546,positive
69.05418261263354,49.937051211229814,1.0,5.0,59.07171496490684,54.882868598596275,24.83745216209939,positive
67.71972558077103,55.14394511615421,1.0,5.0,63.912795815764014,57.71210976769159,14.920411628843457,positive
68.0428833432205,49.43008070383589,6.053448270071747,5.0,53.892479824041025,55.56991929616411,35.892479824041025,positive
79.73311978412478,51.76073406685289,33.43862528552145,5.0,55.788348349581,52.929449449860336,32.831284616992555,positive
78.32000414095914,56.33999792952043,8.755024328134976,5.0,39.64000828191829,53.66999896476021,6.610017599076365,positive
73.86407687555847,54.719328636769795,1.0,5.0,41.84642664686419,54.57016784080755,10.977937214132158,positive
81.32845635097044,52.13610737669893,37.849261676212414,5.0,54.943758402427406,52.6479194674758,33.48818790922313,positive
75.18835302119828,55.38964712995403,1.0,5.0,42.03235271889365,54.20129410875575,6.434940936405143,positive
73.83948946007683,54.701446880055876,1.0,5.0,41.884425379881264,54.57463827998603,11.056169899755542,positive
69.33650316684279,49.314471333374776,4.695038167153607,5.0,61.292439499906756,54.764146499968916,28.550324833405856,positive
72.05079270082162,56.010158540164326,1.0,5.0,51.3527011676173,55.979682919671355,8.42381094876757,positive
78.58060199780343,51.648547789011246,32.12043652088216,5.0,53.33786305274719,53.351452210988754,35.33786305274719,positive
66.5388969358365,49.0,1.0,5.0,56.155587743346004,55.73055153208175,33.844412256653996,positive
77.04266028532547,56.978669857337266,1.2506291762871236,5.0,37.085320570650936,53.98933492866863,1.1813062126332383,positive
66.4627296622333,51.77637797339983,1.0,5.0,59.552755946799664,56.92545932446661,26.7454067553339,positive
74.20594040390122,54.51639147013442,1.0,5.0,44.761276655829924,54.3104510662332,9.382178788296319,positive
82.12066599621315,54.439667001893426,31.08391272775226,5.0,47.2413319924263,52.71983350094671,22.76283048390589,positive
69.58464447906955,51.60701416659604,1.0,5.0,48.460094895983424,55.34824645835099,24.59431302114234,positive
67.65315873289373,49.0,1.0,5.0,60.61263493157491,55.173420633553135,29.38736506842509,positive
78.38828793997051,56.305856030014745,9.156191647326711,5.0,39.77657587994101,53.652928015007376,6.900223744874642,positive
74.96340217714004,50.88703203729264,23.172626438188505,5.0,53.52824199067684,54.11296796270736,35.52824199067684,positive
67.01162229464656,54.93026623212067,1.0,5.0,65.95351082141379,57.965133116060336,16.139467535758655,positive
70.15047559115706,50.91153385880627,1.0,5.0,56.02645669123039,54.76105826764922,21.54857322652882,positive
66.57746857862227,52.46481147173363,1.0,5.0,60.929622943467265,57.15493715724455,24.450628427554555,positive
69.4479359305354,50.287054160475904,1.0,5.0,57.97795574851279,54.83911822994051,23.65619220839381,positive
79.95789167045743,55.521054164771286,18.377613563937377,5.0,42.91578334091485,53.26052708238564,13.57103959944406,positive
81.53678820774627,52.27090278057816,39.43310767179339,5.0,53.18227430485546,52.72909721942184,35.18227430485546,positive
75.8653798900608,55.991448791165155,1.0,5.0,40.15172252760889,54.126068901104354,4.403860329817601,positive
75.12798230698716,56.625596461397436,1.0,5.0,42.42885130973721,54.748807077205136,3.808026539519248,positive
72.52811783640172,50.374340597137206,17.148502016362162,5.0,53.6564148507157,54.625659402862794,35.6564148507157,positive
71.82126678049995,52.39668158266662,1.0,5.0,51.3853700541668,54.57541480216667,16.536199658500145,positive
74.35835636770553,55.07880463105857,1.0,5.0,41.082540159000544,54.48029884223536,9.405229739118765,positive
66.47069714254539,49.34232519457847,1.0,5.0,53.27255896152075,55.91441870135538,34.502327273719196,positive
75.25920853806394,55.45262981161239,1.0,5.0,41.835531838711276,54.19342127354845,6.222374385808177,positive
75.61710408473559,55.77075918643163,1.0,5.0,40.84137754240116,54.153655101696046,5.148687745793252,positive
69.40825100075016,49.71752652647372,9.43093668606619,5.0,53.820618368381574,55.28247347352628,35.820618368381574,positive
67.13705624316563,49.0,1.0,5.0,58.548224972662545,55.431471878417184,31.451775027337455,positive
74.5357226594939,54.809531252883474,1.0,5.0,43.84521483473915,54.27380859338957,8.39283202151828,positive
66.78116237491793,49.0,1.0,5.0,57.12464949967172,55.60941881254104,32.87535050032828,positive
74.8889395728342,55.12350184251929,1.0,5.0,42.86405674212722,54.234562269685085,7.333181281497399,positive
75.86168172938638,56.17213216682646,1.0,5.0,38.75921914549377,54.206966958293386,4.6219217701342385,positive
66.14466000380416,49.86796002282494,1.0,5.0,55.73592004564988,56.28932000760831,33.10679992391688,positive
67.88332620245262,49.0,1.0,5.0,61.533304809810474,55.05833689877369,28.466695190189522,positive
70.4505073635379,55.69010147270758,1.0,5.0,55.993528645740085,56.619797054584836,10.824238954693149,positive
67.8787670437088,49.0,1.0,5.0,61.515068174835235,55.0606164781456,28.48493182516476,positive
77.18707935951247,51.16166573164999,26.39957234688739,5.0,57.13625210378752,53.378750701262504,31.782915030387485,positive
70.34312612074683,52.15863717872497,1.0,5.0,47.28789599520944,55.21034070531876,22.180962343078257,positive
69.59342733951763,51.61340170146737,1.0,5.0,48.44652138438185,55.34664957463316,24.56636755608028,positive
67.13803984098955,54.17176095406273,1.0,5.0,65.44784063604182,57.58588047703136,17.65647809187455,positive
74.39559895002213,54.68497684446412,1.0,5.0,44.234447361049625,54.289377894441984,8.813203149933596,positive
71.1958786127964,52.77882080930648,1.0,5.0,45.97000578022374,55.05529479767338,19.46765895928416,positive
67.98694308488145,49.0,1.0,5.0,61.9477723395258,55.00652845755928,28.052227660474202,positive
73.69463917538809,56.33892783507762,1.0,5.0,46.58554639137456,55.32214432984477,5.9580412369178735,positive
84.62750222549039,52.92157941589271,47.07855813673936,5.0,53.01960514602682,52.07842058410729,35.01960514602682,positive
66.12578012999197,49.0,1.0,5.0,54.50312051996788,55.93710993500402,35.49687948003212,positive
73.4137412105488,54.39181178949004,1.0,5.0,42.54239994733366,54.65204705262749,12.410823420981055,positive
67.0952292454576,49.23057457799108,3.709251291395124,5.0,53.942356355502234,55.76942542200892,35.942356355502234,positive
71.82744181678405,49.90057454512566,11.581750905226468,5.0,59.97370727346727,54.32456909115576,29.5760054539699,positive
75.85875705316558,55.98556182503607,1.0,5.0,40.17011929676227,54.12680477187049,4.423728840503253,positive
66.0255275262192,49.15316515731518,1.0,5.0,54.306330314630365,56.05105505243839,35.48944947561606,positive
66.54069283042946,49.0,1.0,5.0,56.16277132171783,55.72965358478527,33.83722867828217,positive
74.79574413295163,55.396904823964825,1.0,5.0,40.40657724907475,54.40077379400879,8.013541395153897,positive
66.86372424416162,54.182345464969686,1.0,5.0,64.36469092993937,57.727448488323226,18.725515116767717,positive
82.23948539040647,52.350467150683876,40.36798902053553,5.0,54.46144891096128,52.48714963698709,33.86331751369678,positive
67.61531409725082,50.174773888909684,1.0,5.0,51.50360548606692,55.706306527772576,30.86036423602013,positive
66.88811204041517,54.32867224249101,1.0,5.0,64.65734448498202,57.77622408083034,18.237759191696625,positive
67.76082787528615,50.43503274828305,1.0,5.0,62.956688498855364,55.717516374141525,25.1299345034339,positive
68.80048888896006,49.711545679075606,1.0,5.0,59.77641975288873,54.91105679011555,25.598533333119825,positive
67.46246535372809,49.0,1.0,5.0,59.849861414912354,55.268767323135954,30.150138585087646,positive
73.58342334827141,53.963042976241255,1.0,5.0,46.49049069924608,54.379619627969845,11.249729955185764,positive
70.50581997834786,51.2273955363092,1.0,5.0,55.03938894903373,54.72157555796135,20.482540064956428,positive
66.52988633572588,52.1793180143553,1.0,5.0,60.3586360287106,57.05977267145177,25.402273285482334,positive
67.90009209743084,49.59944741541491,1.0,5.0,62.3996316102766,55.29972370770745,26.801105169170192,positive
76.00868133417593,56.801736266835185,1.0,5.0,39.87482413088978,54.39652746632962,2.486977998736092,positive
68.24379014585585,49.47237687281176,6.5504282555381685,5.0,53.88190578179706,55.52762312718824,35.88190578179706,positive
66.63847640881274,49.0,1.0,5.0,56.55390563525093,55.68076179559363,33.44609436474907,positive
79.3395915568286,55.8302042215857,14.745100396368008,5.0,41.679183113657196,53.41510211079285,10.943264116521537,positive
66.40450705199555,51.427042311973295,1.0,5.0,58.854084623946584,56.809014103991096,27.90985896008903,positive
66.23562233635735,49.0,1.0,5.0,54.94248934542942,55.882188831821324,35.05751065457058,positive
69.50063394531307,55.50012678906261,1.0,5.0,58.74816155859209,56.99974642187477,12.249049082030393,positive
