@relation glass4
@attribute RI real [1.51115, 1.53393]
@attribute Na real [10.73, 17.38]
@attribute Mg real [0.0, 4.49]
@attribute Al real [0.29, 3.5]
@attribute Si real [69.81, 75.41]
@attribute K real [0.0, 6.21]
@attribute Ca real [5.43, 16.19]
@attribute Ba real [0.0, 3.15]
@attribute Fe real [0.0, 0.51]
@attribute Class {positive, negative}
@data
1.51588824,12.87795,3.43036,1.40066,73.282,0.68931,8.04468,0.0,0.1224,negative
1.52212996,14.20795,3.82099,0.46976,71.77,0.11178,9.5726,0.0,0.0,negative
1.52222108,13.21045,3.7716,0.79076,71.9884,0.13041,10.2452,0.0,0.0,negative
1.51755118,13.39,3.65935,1.1888,72.7892,0.57132,8.27064,0.0,0.0561,negative
1.52099096,13.68925,3.592,1.12139,71.9604,0.08694,9.40044,0.0,0.0,negative
1.51755118,13.1506,3.60996,1.05077,73.2372,0.57132,8.23836,0.0,0.0,negative
1.51910022,13.90205,3.73119,1.17917,72.1228,0.0621,8.89472,0.0,0.0,negative
1.51898632,13.58285,3.34954,1.23053,72.078,0.58995,8.90548,0.0,0.0,negative
1.51215232,12.991,3.47077,1.12139,72.9796,0.621,8.34596,0.0,0.1581,negative
1.51761952,13.88875,3.60098,1.35893,72.7276,0.47817,7.82948,0.0,0.0,negative
1.51784732,12.67845,3.66833,1.15991,73.1084,0.60858,8.70104,0.0,0.0,negative
1.51720948,13.3767,3.5022,1.15028,72.8508,0.50301,8.43204,0.0,0.0,negative
1.51746006,12.83805,3.5022,1.14065,73.2708,0.5589,8.5504,0.0,0.0,negative
1.52210718,13.72915,3.83895,0.72014,71.7588,0.16767,9.74476,0.0,0.0,negative
1.51823458,12.8713,3.47975,1.29152,72.9516,0.60237,8.43204,0.0,0.0,negative
1.51919134,14.417,3.57853,1.36856,72.078,0.5589,8.30292,0.0,0.0,negative
1.51761952,12.79815,3.65935,1.26905,73.0076,0.60237,8.56116,0.0,0.0,negative
1.51750562,12.81145,3.56955,1.3493,73.0188,0.621,8.59344,0.0,0.0,negative
1.51793844,12.7915,3.5022,1.12139,73.03,0.63963,8.7656,0.0,0.0,negative
1.51837126,13.1373,2.84217,1.27868,72.8508,0.55269,9.06688,0.0,0.0,negative
1.5215149,13.05085,3.65037,0.87101,72.218,0.19251,9.85236,0.0,0.0867,negative
1.51595658,12.7915,3.60996,1.61894,72.9684,0.63963,8.0662,0.0,0.1326,negative
1.51734616,13.0176,3.53812,1.68956,72.7276,0.54027,8.4428,0.0,0.0357,negative
1.5177562,12.85135,3.47975,1.23053,72.9684,0.60858,8.56116,0.09135,0.1122,negative
1.51777898,13.21045,3.38995,1.33004,72.7612,0.58995,8.59344,0.0,0.0,negative
1.51755118,13.4831,3.74017,1.16954,72.9908,0.58995,8.03392,0.0,0.0,negative
1.5215149,13.05085,3.65037,0.87101,72.3188,0.19251,9.85236,0.0,0.0867,negative
1.515706,12.71835,3.46179,1.56116,73.198,0.67068,8.08772,0.0,0.1224,negative
1.51910022,13.88875,3.52914,1.32041,71.8092,0.50922,8.77636,0.11025,0.0,negative
1.51869018,13.1905,3.37199,1.17917,72.722,0.57132,8.83016,0.0,0.0816,negative
1.52171992,13.5097,3.8614,0.88064,71.7924,0.22977,9.54032,0.0,0.0561,negative
1.51755118,12.99765,3.60098,1.35893,72.9908,0.57132,8.39976,0.0,0.0561,negative
1.51761952,12.81145,3.53812,1.23053,73.2372,0.57753,8.389,0.0,0.0,negative
1.51784732,13.7745,3.48873,1.27868,72.862,0.60237,8.48584,0.0,0.0,negative
1.5178701,12.73165,3.43036,1.1888,72.9516,0.621,8.75484,0.0,0.153,negative
1.52320062,13.7225,3.72221,0.51149,71.7476,0.08694,10.568,0.0,0.0816,negative
1.5229956,13.3102,3.57853,0.81965,71.9884,0.11799,10.17516,0.0,0.0153,negative
1.52101374,13.6427,4.49,1.09892,71.7812,0.0621,8.75484,0.0,0.0,negative
1.51750562,12.8181,3.55159,1.49054,72.75,0.54027,8.51812,0.0,0.0969,negative
1.52666318,13.9885,3.69976,0.71051,71.5684,0.01863,9.82008,0.0,0.051,negative
1.52171992,13.4831,3.74017,0.8999,72.0108,0.18009,9.60488,0.0,0.0357,negative
1.51761952,12.61195,3.592,1.31078,73.2876,0.57753,8.4966,0.0,0.0,negative
1.51768786,12.55875,3.52016,1.42955,73.1476,0.57132,8.53964,0.0,0.0,negative
1.51807512,13.4299,2.86911,1.1888,72.8396,0.55269,9.0346,0.0,0.0,negative
1.5215149,13.11735,3.57853,0.8999,72.2012,0.22977,9.82008,0.0,0.0816,negative
1.5174145,13.2703,3.61894,1.24016,73.0804,0.55269,8.0662,0.0,0.0,negative
1.51736894,12.7782,3.61894,1.29152,72.7892,0.58995,8.70104,0.0,0.0,negative
1.51768786,12.65185,3.56057,1.30115,73.0804,0.60858,8.69028,0.0,0.0714,negative
1.51755118,12.7117,3.42138,1.19843,73.198,0.58995,8.63648,0.0,0.0,negative
1.51905466,13.6028,3.61894,1.10855,72.638,0.14283,8.75484,0.0,0.0,negative
1.51766508,13.21045,3.69078,1.29152,72.61,0.57132,8.21684,0.0,0.0,negative
1.52226664,14.16805,3.81201,0.78113,71.35,0.0,9.69096,0.0,0.0,negative
1.51966972,14.7732,3.74915,0.29,72.022,0.03105,9.00232,0.0,0.0,negative
1.5190091,13.48975,3.47975,1.3493,71.9492,0.55269,9.00232,0.0,0.0,negative
1.51848516,13.6427,3.87038,1.26905,71.9604,0.54027,8.32444,0.0,0.1632,negative
1.51818902,13.7225,0.0,0.55964,74.4524,0.0,10.99292,0.0,0.0,negative
1.51663998,12.93115,3.53812,1.61894,72.9572,0.63963,8.03392,0.0,0.1071,negative
1.51709558,12.99765,3.47077,1.78907,72.722,0.65826,8.18456,0.0,0.0,negative
1.51689056,12.6718,2.87809,1.70882,73.2092,0.73278,8.53964,0.0,0.0,negative
1.51850794,13.19715,3.62792,1.07003,72.8284,0.57132,8.41052,0.09135,0.0867,negative
1.51812068,12.95775,2.95891,1.42955,72.918,0.60237,8.78712,0.1386,0.0,negative
1.51645774,13.40995,3.55159,1.24979,72.8116,0.6831,8.09848,0.0,0.0,negative
1.51629828,12.7117,3.33158,1.49054,73.282,0.67068,8.23836,0.0,0.0,negative
1.52725546,13.8023,3.15198,0.65915,70.5716,0.08073,11.63852,0.0,0.0,negative
1.51871296,12.93115,3.65935,1.56116,72.5092,0.57753,8.5504,0.0,0.0612,negative
1.5162755,12.99765,3.57853,1.53869,72.8284,0.60858,8.04468,0.0,0.0,negative
1.51618438,13.01095,3.5022,1.48091,72.89,0.60237,8.12,0.0,0.0,negative
1.5170728,13.7225,3.6818,1.81154,72.0612,0.63963,7.88328,0.0,0.0,negative
1.51666276,12.9378,3.60996,1.25942,72.75,0.5589,8.6042,0.0,0.0,negative
1.51689056,13.33015,3.53812,1.60931,72.5428,0.6831,8.10924,0.0,0.0,negative
1.51645774,13.4432,3.60996,1.53869,72.3916,0.65826,8.03392,0.0,0.0,negative
1.5159338,13.25035,3.44832,1.42955,73.17,0.60858,7.86176,0.0,0.0,negative
1.51743728,12.19965,3.25076,1.15991,73.5508,0.621,8.89472,0.0,0.1224,negative
1.51828014,13.23705,3.90181,1.41029,72.33,0.55269,8.31368,0.0,0.051,negative
1.51789288,13.1905,3.90181,1.30115,72.33,0.55269,8.4428,0.0,0.1428,negative
1.51839404,12.85135,3.66833,1.24016,72.5708,0.621,8.67952,0.0,0.1785,negative
1.5159338,13.09075,3.52016,1.55153,72.8676,0.6831,8.04468,0.0,0.459,negative
1.51588824,13.11735,3.40791,1.58042,73.2596,0.06831,8.389,0.0,0.0969,negative
1.51818902,12.6186,2.76135,0.82928,73.8084,0.34776,9.42196,0.0,0.102,negative
1.51846238,13.0974,3.96916,1.1888,72.442,0.60237,8.43204,0.0,0.0,negative
1.52080872,13.78235,2.28092,1.42955,71.9884,0.49059,9.85236,0.0,0.0867,negative
1.51613882,13.922,3.52016,1.24979,72.8788,0.3726,7.93708,0.0,0.0714,negative
1.51591102,12.858,3.52016,2.1197,72.6604,0.68931,7.96936,0.0,0.0,negative
1.52408904,13.8289,2.90054,1.16954,71.1484,0.08073,10.78848,0.0,0.0,negative
1.51652608,13.5629,3.56955,1.47128,72.4476,0.63963,7.9586,0.0,0.0,negative
1.51632106,13.3368,3.56955,1.57079,72.8676,0.60858,7.89404,0.0,0.0,negative
1.51645774,13.4033,3.48873,1.51943,72.6492,0.67068,8.07696,0.0,0.051,negative
1.52739214,11.0226,0.0,0.74903,73.0804,0.0,14.96336,0.0,0.0,negative
1.51686778,13.2304,3.53812,1.48091,72.8396,0.5589,8.09848,0.0,0.0,negative
1.51812068,13.33015,3.84793,1.24979,72.778,0.52164,8.12,0.0,0.0,negative
1.5166172,12.85135,3.51118,1.43918,73.0076,0.6831,8.2276,0.5985,0.1275,negative
1.51572878,14.85965,3.66833,1.74092,71.8708,0.16146,7.35604,0.0,0.0612,negative
1.51625272,13.35675,3.57853,1.49054,72.722,0.44712,8.20608,0.0,0.0,negative
1.51859906,13.35675,3.43036,1.42955,72.2628,0.50922,8.6042,0.0,0.0,negative
1.5170728,13.4831,3.47975,1.70882,72.5204,0.621,7.99088,0.0,0.0,negative
1.51591102,13.0176,3.57853,1.5098,73.1196,0.68931,7.9586,0.0,0.0,negative
1.51568322,13.23705,3.48873,1.47128,73.2484,0.37881,8.03392,0.0,0.0,negative
1.51841682,12.93115,3.74017,1.10855,72.2796,0.63963,8.95928,0.0,0.1122,negative
1.53393,12.2994,0.0,0.99941,70.1628,0.11799,16.19,0.0,0.1224,negative
1.5277794,12.63855,0.0,0.66878,72.022,0.0621,14.40384,0.0,0.0,negative
1.52019366,13.98185,1.35149,1.62857,71.7588,0.39123,10.56252,0.0,0.51,negative
1.51800678,13.7092,3.92875,1.53869,71.8092,0.54027,8.20608,0.0,0.0765,negative
1.51591102,12.8181,3.52016,1.90142,72.862,0.68931,7.96936,0.0,0.0,negative
1.51654886,12.7516,2.85115,1.43918,73.2708,0.57132,8.78712,0.11025,0.1122,negative
1.5167311,13.2969,3.64139,1.52906,72.5316,0.65205,8.03392,0.0,0.1479,negative
1.52176548,13.19715,3.6818,1.15028,72.75,0.54027,8.51812,0.0,0.0,negative
1.5167311,12.8713,3.56057,1.64141,73.142,0.65205,7.99088,0.0,0.0,negative
1.51408862,14.24785,3.08912,2.08118,72.2796,1.09917,7.07628,0.0,0.0,negative
1.53124196,10.73,0.0,2.10044,69.81,0.57753,13.29556,3.15,0.1428,negative
1.51846238,13.40995,3.88834,1.33004,72.3804,0.50922,8.2814,0.0,0.0,negative
1.5167311,12.7915,3.52016,1.53869,73.3604,0.65826,7.9048,0.0,0.0,negative
1.51659442,12.991,3.17892,1.23053,72.9684,0.57753,8.80864,0.0,0.1224,negative
1.51609326,13.33015,3.52914,1.33967,72.6716,0.5589,8.3352,0.0,0.0,negative
1.51663998,13.1373,3.44832,1.76018,72.4812,0.60237,8.37824,0.0,0.0867,negative
1.52121876,14.0284,3.75813,0.5789,71.7924,0.11178,9.64792,0.0,0.0,negative
1.51645774,13.03755,3.39893,1.25942,73.0076,0.52164,8.58268,0.0,0.0,negative
1.52210718,14.188,3.78058,0.90953,71.3612,0.22977,9.1422,0.0,0.1887,negative
1.51796122,13.50305,3.35852,1.62857,71.938,0.57132,8.80864,0.0,0.459,negative
1.51609326,13.42325,3.39893,1.2209,72.6884,0.58995,8.32444,0.0,0.0,negative
1.5193508,13.6427,3.53812,0.74903,72.6492,0.16146,8.89472,0.1512,0.1224,negative
1.51768786,13.64935,3.65935,1.10855,72.7724,0.11178,8.6042,0.0,0.0,negative
1.5183257,13.33015,3.34056,1.53869,72.1396,0.5589,8.99156,0.0,0.0,negative
1.51670832,13.23705,3.56955,1.3814,72.6996,0.5589,8.4428,0.0,0.051,negative
1.51654886,13.40995,3.38995,1.27868,72.638,0.52164,8.64724,0.0,0.0,negative
1.51643496,12.15975,3.52016,1.3493,72.89,0.57132,8.52888,0.0,0.0,negative
1.5196925,12.63855,0.0,1.65104,73.7524,0.37881,11.53092,0.0,0.0,positive
1.51914578,12.73165,1.84988,1.85969,72.6884,0.60237,10.08908,0.0,0.0,positive
1.51315464,13.0176,0.0,3.04097,70.482,6.21,6.95792,0.0,0.0,positive
1.5215149,11.02925,1.71069,1.56116,73.4388,0.57753,11.617,0.0,0.0,positive
1.5132002,12.99765,0.0,3.0185,70.7004,6.21,6.92564,0.0,0.0,positive
1.51666276,12.858,0.0,1.8308,73.8812,0.96876,10.17516,0.0,0.0,positive
1.523679,13.4432,0.0,1.58042,72.218,0.32292,12.24108,0.0,0.0,positive
1.52042146,13.3767,0.0,1.40066,72.2516,0.32913,12.49932,0.0,0.0,positive
1.51994308,13.2703,0.0,1.76018,73.03,0.47196,11.31572,0.0,0.0,positive
1.52058092,12.85135,1.61191,2.17106,72.1788,0.75762,9.70172,0.2394,0.2601,positive
1.52171992,11.56125,1.88131,1.56116,72.862,0.47196,11.41256,0.0,0.0,positive
1.5196925,14.5604,0.0,0.55964,73.478,0.0,11.21888,0.0,0.0,negative
1.51115,17.38,0.0,0.34136,75.41,0.0,6.64588,0.0,0.0,negative
1.51937358,13.789,2.41113,1.1888,72.7612,0.0,9.76628,0.0,0.0,negative
1.51828014,14.46065,2.24051,1.61894,72.3804,0.0,9.26056,0.0,0.0,negative
1.51853072,14.08825,2.19112,1.66067,72.6716,0.0,9.32512,0.0,0.0,negative
1.51299518,14.4008,1.74212,1.53869,74.5476,0.0,7.59276,0.0,0.0,negative
1.51905466,14.0018,2.38868,1.56116,72.3692,0.0,9.5726,0.0,0.0,negative
1.51509094,15.15225,0.0,2.25131,73.5004,0.0,8.3352,0.63,0.0,negative
1.52247166,14.85965,2.2001,2.05871,70.258,0.75762,9.75552,0.0,0.0,negative
1.52064926,14.3609,0.0,2.02019,73.422,0.0,8.4428,1.64115,0.0,negative
1.51130946,13.68925,3.20137,1.81154,72.8116,1.75743,5.43,1.1907,0.0,negative
1.5163894,14.36755,0.0,2.73923,72.8508,0.0,9.45424,0.53865,0.0,negative
1.52315506,13.4432,3.34056,1.23053,72.3804,0.60237,8.83016,0.0,0.0,negative
1.51545542,14.14145,0.0,2.68145,73.3884,0.08073,9.06688,0.6111,0.0255,negative
1.5165033,14.38085,0.0,1.93994,73.6124,0.0,8.47508,1.5687,0.0,negative
1.51682222,14.5604,0.0,1.97846,73.2876,0.0,8.51812,1.5687,0.0357,negative
1.51645774,14.93945,0.0,1.86932,73.1084,0.0,8.66876,1.3797,0.0,negative
1.5171867,14.75325,0.0,2.00093,73.0188,0.0,8.52888,1.59075,0.0408,negative
1.5161616,14.95275,0.0,2.27057,73.2988,0.0,8.7118,0.67095,0.0,negative
1.51711836,14.2279,0.0,2.08118,73.3604,0.0,8.61496,1.6695,0.0,negative
1.52365622,15.79065,1.83192,1.31078,70.4316,0.3105,8.61496,1.67895,0.0,negative
1.516845,14.9195,0.0,1.9913,73.58,0.0,8.39976,1.59075,0.0,negative
1.51830292,14.3875,0.0,1.82117,72.862,1.40967,6.47372,2.8791,0.0,negative
1.51602492,14.853,0.0,2.37971,73.282,0.0,8.75484,0.63945,0.459,negative
1.51727782,14.70005,0.0,2.34119,73.282,0.0,8.94852,0.6615,0.0,negative
1.51622994,14.14145,0.0,2.88047,72.61,0.08073,9.18524,1.06155,0.0,negative
1.51837126,14.321,3.25974,2.21921,71.2492,1.45935,5.78508,1.62855,0.0,negative
1.51732338,14.95275,0.0,1.7987,72.9908,0.0,8.61496,1.5498,0.0,negative
1.5192938922916266,14.124683833846007,0.0,1.913032021782886,72.9351767683212,0.11542455412040892,11.077460520688112,0.0,0.0,positive
1.5198557699202184,12.190185293976434,1.8611133967849254,1.565341321048867,72.85569812761476,0.5127672304521277,10.84288107301011,0.0,0.0,positive
1.5191631893052255,13.418740633745662,2.102983673191578,1.5755794390741553,72.70491525811413,0.5176732729949377,9.803137172576179,0.0,0.0,positive
1.5220239346882134,13.416609858195388,0.0,1.4365090565305905,72.22735195609533,0.3258699319771968,12.274683504554224,0.0,0.0,positive
1.5175430096869522,13.254836494818015,0.0,1.6346136063744932,74.20831540801518,0.9186905315750814,10.713078162386646,0.0,0.0,positive
1.514705880193747,14.059441185121779,0.0,2.600425051732735,71.00766677288964,2.7306733890146093,6.9243942433101715,2.2960644351203765,0.0,positive
1.519560408050662,13.441633230255855,2.100961077337032,1.600705578254665,72.27057479260844,0.18513933655607506,9.674596739209989,0.14475570712516317,0.16283929129040572,positive
1.5216383876085697,11.121883584890872,1.735080389027397,1.56116,72.94687323105344,0.4891067089692093,11.5669098502208,0.0,0.0,positive
1.5246589044724088,13.535059378150827,0.0,1.399840624683747,71.5665914917184,0.3072166550638872,13.079115485010785,0.0,0.028364230722286287,positive
1.5195505952930457,12.76801112654931,0.0,1.6147504361440663,74.04995261248241,0.10719065340604672,11.005116827132275,0.0,0.0,positive
1.515711224221927,12.958667317637609,0.0,2.4374178118896057,70.72055273186002,5.952353545345694,7.72793063530322,0.0,0.0,positive
1.5195093335465595,13.625291523974274,0.0,1.9394728769957832,72.79196995302654,0.2594499875067282,11.065023933455986,0.0,0.0,positive
1.5206549850704199,11.610303722039589,1.8767268468768628,1.8322686675074578,72.69817361338791,0.5248336431799973,10.178132209840749,0.0,0.0,positive
1.519156891717679,12.946494748303365,2.189932677484253,1.807019673937041,72.71240245076257,0.508453043645027,10.03836962516958,0.0,0.0,positive
1.5260586018048927,13.64839971596208,0.0,1.4955345094771582,71.88193812122024,0.2705352120797333,12.424923132762451,0.0,0.003795961136845312,positive
1.5180193226697432,13.73583794802589,0.0,1.9606349217281882,73.30888735644466,0.5313676683125133,10.74284934335452,0.0,0.0,positive
1.5147938128652187,12.520574779950483,0.0,1.9156958423563328,73.351570541283,3.6394803448631867,7.983079900425342,0.0,0.0,positive
1.519479306439798,12.863648848377533,2.380683457066041,1.5869215153394152,72.36092250916165,0.4051297493994783,9.633820202713235,0.002354279968780848,0.23577359719220065,positive
1.5209277428909689,12.58695328320543,1.776295438278221,1.7010995027832418,73.31560134499253,0.5841607387163026,11.489645141470707,0.0,0.0,positive
1.5212828351210523,13.40456690351762,0.0,1.5666058570150307,72.23303259593972,0.32304412820744965,12.267855201627393,0.0,0.0,positive
1.519882230736389,13.078546593045381,0.0,1.7269408299979117,73.63830655623177,0.4307779598324733,11.317507284344819,0.0,0.0,positive
1.513749690349278,13.906419866471875,0.0,2.055050070294641,70.9546844580462,6.1302333285604975,6.861225499028761,2.384579058101029,0.0,positive
1.5235968454132929,13.399909919355727,0.0,1.6025033126222987,72.98144956139261,0.42292353777179303,11.390439383572781,0.0,0.0,positive
1.5216099476905087,11.377843714663918,1.7674401296036444,1.56116,73.28489094580532,0.5100044153495027,11.415234836396499,0.0,0.0,positive
1.51978745878492,12.789398736007419,1.8032703888519994,2.015997323148628,72.48011907858023,0.6926196039990717,9.958246462125143,0.04129262538630684,0.23569758883582462,positive
1.5215862785347396,13.138528415399096,0.0,1.6043683098648274,73.44751782862885,0.32522033585744053,12.006865773468014,0.0,0.0,positive
1.5184185076867673,12.667526736586765,0.0,1.8307179048696944,73.83814259466008,0.9242310009672561,10.805544965262193,0.0,0.0,positive
1.5131844551986728,13.015866122895595,0.0,3.022615984013879,70.66489740381205,6.21,6.957604783215206,0.0,0.0,positive
1.52026399818497,12.74196544709743,1.8465142214314652,1.9078767145250082,72.26746584096146,0.7428938731205298,9.786624057930242,0.0841963659302025,0.1614473625526388,positive
1.5193497299111174,11.286306298953455,1.7629057883086352,1.5694502433774595,72.74588668798671,0.592205667142657,11.045518272635798,0.0,0.0,positive
1.5243042251183483,13.388374491257197,0.0,1.3877365928818042,71.24175084120701,0.31797093440006063,12.532918411885898,0.0,0.026203243636189595,positive
1.5232104444100014,12.784907732053428,0.0,1.5850952766073039,72.7004737537905,0.3335814166940456,11.967907357068214,0.0,0.0,positive
1.5136809507752795,12.979602088125311,0.0,3.03113714448711,72.50139460477367,5.595463585839151,7.202829676945543,0.0,0.0,positive
1.5198600139768905,13.857414100643222,0.0,2.0240519574202063,72.95477364700297,0.13437491896078857,11.241613128147945,0.0,0.0,positive
1.5217292263554023,12.279870311226867,1.6586133364557698,1.387653754266792,72.75484485235883,0.34125891628279004,11.26253255324349,0.0,0.0,positive
1.51927625952346,13.215868321455387,2.0185133311381875,1.5783362041281317,72.25874381721668,0.4915007860879124,9.967057226855756,0.0,0.0714088005019911,positive
1.5217518573453241,13.420585071258088,0.0,1.605238856857709,72.49193525272732,0.46188494718089784,12.17722931704283,0.0,0.0,positive
1.5196042520972053,12.918057589392829,0.0,1.788255751282561,73.14335424839832,0.6495231239983991,10.292412433221486,0.0,0.0,positive
1.5145367385128012,12.103939991399967,0.0,1.8245495063689252,73.1008097646737,6.035688148613964,8.326999753998996,0.0,0.0,positive
1.5206689888789942,12.881383112934552,1.7990886333305354,1.9544748381171049,72.1788,0.6918119501752942,9.678333964420233,0.2581295220625462,0.2505635177023573,positive
1.5201543499258618,11.571198869619597,0.9878771619550006,1.645369442799365,73.73097949144871,0.5284750277881054,11.613743739166562,0.0,0.0,positive
1.5215377405907462,13.379878800652234,0.0,1.5615860295409454,72.2210569395589,0.32743411315543836,12.460587002873524,0.0,0.0,positive
1.5196003471002066,13.290460967190024,0.0,1.2762870582658128,74.44021855470389,0.2716804714347198,11.434613968708977,0.0,0.0,positive
1.513155252711307,13.011428155212089,0.0,3.026994425587396,70.51775727356114,6.21,6.94753347519345,0.0,0.0,positive
1.519918696761693,13.670629732297796,0.0,0.7945967309523613,73.23796793909464,0.354994527211655,11.258501644012938,0.0,0.0,positive
1.5206588120041937,12.674873247478173,1.8535340606403337,1.647816185274445,72.84464443011144,0.4930879156800233,10.095962821740386,0.0,0.0,positive
1.5192457046344607,12.854161274351933,2.1067248682499327,1.5315995604927242,72.711255396963,0.3399840496239659,9.934751948976835,0.0,0.0,positive
1.5237496340459324,13.562319258877544,0.0,1.4443540473929204,71.90778097308701,0.22027372437219087,13.315002724536159,0.0,0.04045770475548581,positive
1.517205966796286,13.976410997404567,0.0,1.8923229736137412,73.00449224091643,0.6263603739899908,10.24906501987806,0.0,0.0,positive
1.5158312065259065,12.171429517247516,0.0,1.47812404835458,73.09843062751554,5.5579436962751885,7.426319589955226,0.0,0.0,positive
1.5207962028289643,13.777591229847333,1.8156596311957471,1.662385440648706,72.09012121264205,0.5249974948527497,9.777707815040447,0.20157878338576327,0.15473012259268298,positive
1.521758874646602,12.959911881361775,1.2990278808548332,1.379061040722688,73.33039815223407,0.5286242459947932,11.459824577936343,0.0,0.0,positive
1.5244019687765593,13.50971179181579,0.0,1.3604611670840845,72.21255221371815,0.3128494865570195,12.709144256171477,0.0,0.032917229029299035,positive
1.519121291615937,13.52268984269265,0.0,1.5552292607484368,74.13487891865601,0.29373637666653096,11.263071204745462,0.0,0.0,positive
1.5163660756778723,12.29954884131938,0.0,2.352654135937245,71.37632379801111,4.346794811654849,7.7441260757887616,0.0,0.0,positive
1.52211854137147,13.364928188600187,0.0,1.6446305246697195,72.94271026231503,0.3611816992872399,11.585704667330665,0.0,0.0,positive
1.5191472470723175,12.024156279175484,1.864754066010295,1.5646329647932926,72.82524573245296,0.589477835279343,10.770706027248691,0.0,0.0,positive
1.5191801375775305,13.097490432289062,1.99067909197273,1.6619624290272665,72.72856059152417,0.34598659289981337,9.928156860733527,0.0,0.0,positive
1.5215648998060205,12.671128231462765,0.0,1.5866621384536932,73.12774332311491,0.34153224868659876,12.116198477396805,0.0,0.0,positive
1.519189635339532,13.257046039776677,0.0,1.79514430390714,73.40601721476078,0.927152734151182,10.61400915561432,0.0,0.0,positive
1.5155803110363204,12.478012910400782,0.0,2.687043606068679,70.96993437122363,5.773028798742743,8.794688304303305,0.0,0.0,positive
1.5206542078956902,13.256251416089563,1.6514655949708208,1.7351139911589568,72.14559989236206,0.6688630477848838,9.766057170923876,0.17396363725059316,0.09348290596997888,positive
1.5207380760432285,11.228693126062323,1.75220568774335,1.6178871646702093,73.14824622862481,0.6002387879681481,11.174081614897418,0.0,0.0,positive
1.5228991498715354,11.853249032267586,0.0,1.810921564652598,72.23834464292489,0.3454731155978568,12.891047994783024,0.0,0.12176144497889835,positive
1.5227475491021807,13.304338805724,0.0,1.590742842388078,72.36589304348504,0.3741476651729489,11.567413143811745,0.0,0.0,positive
1.5131571233416687,13.005305457612666,0.0,3.035475030803069,70.61346926937578,6.21,6.948106826785791,0.0,0.0,positive
1.5197700736101767,13.192585416438394,0.0,1.6962389020078896,73.36856230270962,0.42229580546968054,11.32702209654907,0.0,0.0,positive
1.520591112208294,11.832746845674771,0.03360506401310892,1.6063323678983936,72.92164915230512,0.47196,11.38209975506111,0.0,0.0,positive
1.5192306850632864,13.020047235094847,1.8578976615199063,1.73455930126279,72.75332224536855,0.3980523191235995,9.937505326231081,0.0,0.0,positive
1.523080386909307,13.27596619095761,0.0,1.6214185373776138,72.64076600230369,0.35955040759305856,11.34418914476404,0.0,0.0,positive
1.5189498726559925,12.880169761469663,0.0,1.7954295363383035,73.58495033388917,0.6200075903139545,10.662149834426838,0.0,0.0,positive
1.5131864084215512,13.01215892213035,0.0,3.0222222474395206,70.57605170495206,6.21,6.955250449313598,0.0,0.0,positive
1.519944128357186,13.24149191967062,1.7537852354739871,1.9032463079048076,72.23211799074677,0.05797642893660604,9.580142132554514,0.1941185201018103,0.16713477391814605,positive
1.5216956581875796,13.451065482090197,1.5139340471941631,1.5325904873990037,72.79992467806676,0.3948852689116577,11.508961104563888,0.0,0.0,positive
1.5248916306071776,13.46527268188933,0.0,1.3599990979272492,71.34278907140131,0.2735472802845955,13.124040774140664,0.0,0.023902233749467445,positive
1.5197105192857874,12.8411588920722,0.0,1.7550522793010142,73.53845547740211,0.4262741477295629,11.480686570456356,0.0,0.0,positive
1.516026903164852,12.38280850951225,0.0,2.9183006645710496,74.35422560174185,5.131067778727759,7.735973539247438,0.0,0.0,positive
1.5198720450177845,13.853438022235284,0.0,0.7166224939552297,73.47291028565841,0.019337878887377424,11.291133656915715,0.0,0.0,positive
1.5215163561095584,11.243656938042141,1.8239477024658888,1.56116,73.01792339162444,0.48130974346431404,11.443934632023412,0.0,0.0,positive
1.520013527288348,12.830909848574214,1.6864255821413718,2.1351815102098257,72.25719835340745,0.7026215657829329,9.768066302238875,0.057154973578111674,0.0780419383348557,positive
1.51984838926895,12.859859482801903,0.0,1.6065390144579925,73.23071423890414,0.3548349780134115,11.987155620547682,0.0,0.0,positive
1.517266075405055,13.091691784909612,0.0,1.7958866696688156,73.4674948304157,0.7696138223552393,10.401537897092847,0.0,0.0,positive
1.514215654631748,13.175815541955513,0.0,2.9379425405239155,72.23947891917146,2.5133156762309548,9.158842147616191,0.08731977841411492,0.0,positive
1.5191810043394833,12.734186935716462,1.7426070746075077,2.0141057629018673,72.30970079126027,0.7335634472837959,10.051485056294023,0.15752097488255895,0.021222282202790127,positive
1.5215808936314101,11.059846022502477,1.8662756686857171,1.56116,72.87700498258252,0.5654106898236773,11.413587558498127,0.0,0.0,positive
1.5246469458575689,13.249613242270817,0.0,1.7727869441567423,72.24326317078881,0.7839750026360606,12.577103929400337,0.0,0.04087522457375509,positive
1.5185716632241526,13.024084010150403,0.0,1.4264614734694734,74.32290265773914,0.35189360074471937,11.20942207291534,0.0,0.0,positive
1.5142687305190705,12.032696481040922,0.0,2.3259525038312243,72.69564724243709,3.9116010082587764,7.2558825548097445,0.0,0.0,positive
1.5205147713001042,13.42777606682549,0.0,1.7601573467089757,72.77548311064947,0.3475651903987043,12.178398016513082,0.0,0.0,positive
1.521541781653821,11.190303776846417,1.877533297734396,1.56116,73.30541388378585,0.5445260063891406,11.436923919519032,0.0,0.0,positive
1.5193650493742257,13.175808410274914,2.1681057914922306,1.710545889850147,72.4757371814268,0.5655451093605752,9.881145410888685,0.0,0.023748810425946277,positive
1.5200855327603782,13.391334533527228,0.0,1.6290182422873145,72.59665006662357,0.33926278980612634,11.856014051361717,0.0,0.0,positive
1.5182805302936329,14.00323621798234,0.0,1.844919921465469,72.88009925714644,0.9101661330415336,10.267883340584046,0.0,0.0,positive
1.5138618672499309,13.882511527284588,0.0,2.8878055774478018,72.1272563503065,2.160788227973982,7.487602480291071,0.3617005900713247,0.0,positive
1.519299198596091,13.415363433188606,1.655715799384165,1.6813762113825907,72.22939815789609,0.0298481418595814,9.695000433444356,0.1674110278431628,0.09029381727091149,positive
1.5215546544293383,11.2714541216538,1.7622590023556384,1.56116,73.07381095206004,0.5696809968493896,11.452985503578931,0.0,0.0,positive
1.5201442877290137,13.352004159661202,0.0,1.7381187734373111,72.73254668591804,0.42992751655445716,11.554801906207123,0.0,0.0,positive
1.5198161600977866,12.996502101206495,0.0,1.6686575493417093,73.40091786224073,0.4107912873936891,11.451765633845627,0.0,0.0,positive
1.5141431108645915,12.544865040632525,0.0,3.0131943250542546,70.65865680875008,3.3785040204739816,8.226696034554921,0.0,0.0,positive
1.5199285086691046,13.230960712096923,0.0,1.7056492875387577,73.49072452019729,0.4035941955132484,11.35554644250571,0.0,0.0,positive
1.5206308081481066,12.551859996662039,1.85043876641016,1.8276728612346642,72.7898271715304,0.5656007929911079,10.299005591425104,0.0,0.0,positive
1.5206370799978564,12.810785503925128,1.9840386306687956,1.7848263234061201,72.53622534004577,0.601274708314095,10.02675513031116,0.0,0.02132413392921942,positive
1.5205198046182387,13.384502620659013,0.0,1.736396270206287,72.60846322983541,0.36677202026712025,11.319336213271873,0.0,0.0,positive
1.5167672914773587,12.750534275941753,0.0,1.7559197402875142,73.85417412506551,0.6891066772603363,11.218475458564907,0.0,0.0,positive
1.5159759790173544,13.428857985942471,0.0,2.9638745035633223,72.51014051310175,3.894224975716716,9.170739616646728,0.5353412539918423,0.0,positive
1.519265343126451,13.978670158856676,2.377314462323129,1.7320191099935667,72.26779622568493,0.377188487339727,9.579737603128287,0.01670555564242121,0.11319643852927541,positive
1.5200054776862315,11.363674186589979,1.4330614575257739,1.5831470109602062,73.72543357725468,0.47841683911648797,11.595255137208131,0.0,0.0,positive
1.5200819411349862,13.347395160445892,0.0,1.6081372277847694,72.50564730483553,0.3395780165405003,11.59369789477274,0.0,0.0,positive
1.523584657396231,12.733575965116028,0.0,1.6094919957984166,73.37907244692636,0.34048277918139275,11.946526374263607,0.0,0.0,positive
1.5149148099253085,12.425475629094398,0.0,1.9060147130272331,73.97127500190102,6.197359936972921,8.787219360373392,0.0,0.0,positive
1.5197068612415678,13.84892450505581,0.0,2.080946458499074,72.85697297422034,0.4081866266443354,11.305269575907447,0.0,0.0,positive
1.5205583761724422,12.574476866001458,0.11252149665468436,1.6250708817932678,73.01822411479841,0.47196,11.342334205443915,0.0,0.0,positive
1.5196471147643573,12.841849296735761,1.6924650224420024,2.1118524003919203,72.56732227128606,0.6610072545950432,9.9098526817771,0.07110317432097964,0.07189768675781438,positive
1.5208384634038725,13.391767528305607,0.0,1.4513566443458996,72.2190699183745,0.32750188752589365,12.246153378473382,0.0,0.0,positive
1.5183695066842093,12.839322174012205,0.0,1.7958311592094516,73.86006770288013,0.42880721253402476,11.38534291773244,0.0,0.0,positive
1.5155693879089052,14.043106786119912,0.0,2.9656066978034836,72.09223556764377,4.618125783242232,7.189419002706984,0.008950285030887207,0.0,positive
1.520623033389126,13.374394538547573,2.0244798747153783,2.1685023114622934,72.1788,0.6676655647904357,9.64312196883072,0.2592136183989673,0.23907609028802118,positive
1.5206614915544834,11.408082020142313,1.458697678647363,1.6433114525535335,73.65174932432555,0.4098574573031464,11.587820818901703,0.0,0.0,positive
1.522630500912679,13.607630278923638,0.0,1.3842287775000985,72.24889317017416,0.28587296837277476,12.831361783434085,0.0,0.0473139037887779,positive
1.5218830391994955,13.263253129393625,0.0,1.6332368470083674,73.58541075710521,0.36192468495839203,11.612454147052329,0.0,0.0,positive
1.5170145714218213,13.155225174795028,0.0,2.545511800430277,72.72548347080054,2.1269550785831868,6.551109048636592,0.08002733383454962,0.0,positive
1.5199424232260077,13.863015335355213,0.0,0.9120557305234188,73.11276311484556,0.0014467457023824015,11.283124528880602,0.0,0.0,positive
1.5200714825829305,13.175036135588599,1.8425831946843698,1.6666010743294613,72.93812270209841,0.47196,11.380202128303464,0.0,0.0,positive
1.519987395905011,12.795747642121762,1.7654765705866455,1.979861575942751,72.30703820107314,0.7553137084213457,10.075123954824372,0.034387684707080125,0.12326102492773777,positive
1.5216623792954436,13.27273978602817,0.0,1.6305814620857333,72.68152675176457,0.42346550992314036,11.776940885462924,0.0,0.0,positive
1.5187342760812321,13.169615768882611,0.0,2.08003519333261,73.70423796723449,0.827633023422258,10.77197847395267,0.0,0.0,positive
1.5153089020171258,14.154083855787468,0.0,2.7078241268721652,71.69746143962189,1.7532357912281684,6.647923144303237,2.39892034206811,0.0,positive
1.5207132288348917,13.194703277162333,2.199584656241774,1.60221585404142,71.99014950755249,0.7526619305934742,9.806340287217857,0.021006750814655806,0.1380201014852446,positive
1.5200049057337068,11.714223569809954,1.7702209754401568,1.7000024678658372,73.15942937862097,0.5998554436108144,10.327358786561254,0.0,0.0,positive
1.5211588722804246,13.697755442183361,0.0,1.3694591153236702,71.55633160245843,0.2810330668242092,12.734620264162093,0.0,0.02812105540972652,positive
1.5183132357065083,12.846900000311786,0.0,0.7598585156824241,73.82078057617767,0.09413693175531312,11.262309380537404,0.0,0.0,positive
1.5131741455638887,13.012775335206353,0.0,3.0245818632187915,70.57340703798465,6.21,6.946312826021844,0.0,0.0,positive
1.52150877972365,13.28669357858416,0.0,1.5966383680382359,72.58060299755972,0.41524311540836256,11.98759841833785,0.0,0.0,positive
1.5217009133257207,11.402946743645966,1.812513039399345,1.56116,72.9192486006561,0.4937083274533167,11.581341036010565,0.0,0.0,positive
1.519177099561345,13.220627508339641,2.390582940029954,1.3992219158796373,72.6921076601335,0.4087652399851811,10.072326908481447,0.0,0.0,positive
1.5222731903945532,13.301688097314743,0.0,1.6393198296643385,72.45460440493521,0.4104217181380723,11.477513375428297,0.0,0.0,positive
1.51934500296406,12.812962172295377,0.0,1.7881802189418519,73.85219097127279,0.5346063036507331,11.363736574817018,0.0,0.0,positive
1.5133292813700332,13.990519656583363,0.0,2.8521808664367727,71.02567318255788,1.7131092808230077,6.486033362714377,0.8548357573258092,0.0,positive
1.5205843200302218,13.013762318251922,1.86694873403761,2.079816955997197,72.1788,0.5340272900363403,9.628643145993708,0.24014694321334262,0.1267663953791054,positive
1.519985788690029,12.22478212322584,0.23295512627254977,1.5716399924112625,73.73738319454547,0.4990130516938675,11.568273590913666,0.0,0.0,positive
1.5213605114751514,13.39707744332323,0.0,1.5183353610339099,72.22670219107381,0.3278118477472504,12.396860671639807,0.0,0.0,positive
1.5183094743383223,12.834964502484024,0.0,1.4568582443782057,74.28710407664403,0.07593142876544545,11.239163725050972,0.0,0.0,positive
1.515626082316889,13.030427401852164,0.0,2.8699234352674847,72.33731177189183,4.699791168059032,6.945131986049988,0.4374491764087969,0.0,positive
1.5199064844845656,14.128538773561068,0.0,1.97654415799431,72.86365857718366,0.021999684814981435,11.218572879343174,0.0,0.0,positive
1.520304510446121,12.455167932295959,1.8642217827525958,1.7649075222632338,72.80577712366119,0.5502184176110847,11.344901024254908,0.0,0.0,positive
1.519276382815725,13.27002165970108,2.236742228519197,1.8330533798418185,72.74982784105082,0.45940507412311604,9.89709530442741,0.0,0.0,positive
1.5217192611859256,12.854890531446422,0.0,1.5944236215678922,72.50886507004203,0.3582850042764842,11.697356107949599,0.0,0.0,positive
1.5193728734710084,12.984247302567109,0.0,1.7823379261726897,73.31135875472806,0.6851025444146368,10.524442193107742,0.0,0.0,positive
1.5147941044283815,13.09507020440785,0.0,1.8715843817543487,72.85678135110639,5.426295816252763,6.91028482459839,1.095939486082456,0.0,positive
