@relation glass5
@attribute RI real [1.51115, 1.53393]
@attribute Na real [10.73, 17.38]
@attribute Mg real [0.0, 4.49]
@attribute Al real [0.29, 3.5]
@attribute Si real [69.81, 75.41]
@attribute K real [0.0, 6.21]
@attribute Ca real [5.43, 16.19]
@attribute Ba real [0.0, 3.15]
@attribute Fe real [0.0, 0.51]
@attribute Class {positive, negative}
@data
1.51588824,12.87795,3.43036,1.40066,73.282,0.68931,8.04468,0.0,0.1224,negative
1.52212996,14.20795,3.82099,0.46976,71.77,0.11178,9.5726,0.0,0.0,negative
1.52222108,13.21045,3.7716,0.79076,71.9884,0.13041,10.2452,0.0,0.0,negative
1.51755118,13.39,3.65935,1.1888,72.7892,0.57132,8.27064,0.0,0.0561,negative
1.52099096,13.68925,3.592,1.12139,71.9604,0.08694,9.40044,0.0,0.0,negative
1.51793844,13.21045,3.47975,1.41029,72.638,0.58995,8.43204,0.0,0.0,negative
1.51215232,12.991,3.47077,1.12139,72.9796,0.621,8.34596,0.0,0.1581,negative
1.51761952,13.88875,3.60098,1.35893,72.7276,0.47817,7.82948,0.0,0.0,negative
1.51784732,12.67845,3.66833,1.15991,73.1084,0.60858,8.70104,0.0,0.0,negative
1.51720948,13.3767,3.5022,1.15028,72.8508,0.50301,8.43204,0.0,0.0,negative
1.51746006,12.83805,3.5022,1.14065,73.2708,0.5589,8.5504,0.0,0.0,negative
1.52210718,13.72915,3.83895,0.72014,71.7588,0.16767,9.74476,0.0,0.0,negative
1.51823458,12.8713,3.47975,1.29152,72.9516,0.60237,8.43204,0.0,0.0,negative
1.51919134,14.417,3.57853,1.36856,72.078,0.5589,8.30292,0.0,0.0,negative
1.51750562,12.81145,3.56955,1.3493,73.0188,0.621,8.59344,0.0,0.0,negative
1.51782454,12.69175,3.53812,1.33967,72.9516,0.57132,8.75484,0.0,0.0,negative
1.51793844,12.7915,3.5022,1.12139,73.03,0.63963,8.7656,0.0,0.0,negative
1.51837126,13.1373,2.84217,1.27868,72.8508,0.55269,9.06688,0.0,0.0,negative
1.5215149,13.05085,3.65037,0.87101,72.218,0.19251,9.85236,0.0,0.0867,negative
1.51595658,12.7915,3.60996,1.61894,72.9684,0.63963,8.0662,0.0,0.1326,negative
1.51734616,13.0176,3.53812,1.68956,72.7276,0.54027,8.4428,0.0,0.0357,negative
1.5177562,12.85135,3.47975,1.23053,72.9684,0.60858,8.56116,0.09135,0.1122,negative
1.5215149,13.05085,3.65037,0.87101,72.3188,0.19251,9.85236,0.0,0.0867,negative
1.51743728,13.2969,3.60098,1.14065,73.0916,0.57753,8.1738,0.0,0.0,negative
1.51910022,13.88875,3.52914,1.32041,71.8092,0.50922,8.77636,0.11025,0.0,negative
1.51869018,13.1905,3.37199,1.17917,72.722,0.57132,8.83016,0.0,0.0816,negative
1.52171992,13.5097,3.8614,0.88064,71.7924,0.22977,9.54032,0.0,0.0561,negative
1.51755118,12.99765,3.60098,1.35893,72.9908,0.57132,8.39976,0.0,0.0561,negative
1.51784732,13.7745,3.48873,1.27868,72.862,0.60237,8.48584,0.0,0.0,negative
1.5175284,12.57205,3.47077,1.3814,73.3884,0.60237,8.5504,0.0,0.0306,negative
1.5178701,12.73165,3.43036,1.1888,72.9516,0.621,8.75484,0.0,0.153,negative
1.52320062,13.7225,3.72221,0.51149,71.7476,0.08694,10.568,0.0,0.0816,negative
1.5229956,13.3102,3.57853,0.81965,71.9884,0.11799,10.17516,0.0,0.0153,negative
1.52101374,13.6427,4.49,1.09892,71.7812,0.0621,8.75484,0.0,0.0,negative
1.51750562,12.8181,3.55159,1.49054,72.75,0.54027,8.51812,0.0,0.0969,negative
1.52212996,14.20795,3.82099,0.46976,71.77,0.11178,9.5726,0.0,0.0,negative
1.51925968,13.19715,3.33158,1.27868,72.358,0.60237,9.1422,0.0,0.0561,negative
1.51618438,13.52965,3.55159,1.53869,72.9908,0.39123,7.77568,0.0,0.0,negative
1.51761952,12.61195,3.592,1.31078,73.2876,0.57753,8.4966,0.0,0.0,negative
1.51768786,12.55875,3.52016,1.42955,73.1476,0.57132,8.53964,0.0,0.0,negative
1.51796122,12.7383,3.47975,1.3493,72.9572,0.63963,8.67952,0.0,0.0,negative
1.51807512,13.4299,2.86911,1.1888,72.8396,0.55269,9.0346,0.0,0.0,negative
1.5215149,13.11735,3.57853,0.8999,72.2012,0.22977,9.82008,0.0,0.0816,negative
1.5174145,13.2703,3.61894,1.24016,73.0804,0.55269,8.0662,0.0,0.0,negative
1.51748284,12.858,3.56057,1.26905,73.2092,0.54027,8.37824,0.0,0.0867,negative
1.51736894,12.7782,3.61894,1.29152,72.7892,0.58995,8.70104,0.0,0.0,negative
1.51768786,12.65185,3.56057,1.30115,73.0804,0.60858,8.69028,0.0,0.0714,negative
1.51755118,12.7117,3.42138,1.19843,73.198,0.58995,8.63648,0.0,0.0,negative
1.51768786,12.45235,2.71196,1.29152,73.702,0.5589,9.05612,0.0,0.1224,negative
1.51905466,13.6028,3.61894,1.10855,72.638,0.14283,8.75484,0.0,0.0,negative
1.51766508,13.21045,3.69078,1.29152,72.61,0.57132,8.21684,0.0,0.0,negative
1.52226664,14.16805,3.81201,0.78113,71.35,0.0,9.69096,0.0,0.0,negative
1.51777898,13.21045,2.81074,1.29152,72.9796,0.50922,9.02384,0.0,0.459,negative
1.5219705,14.3609,3.84793,0.89027,71.3612,0.14904,9.15296,0.0,0.0,negative
1.5190091,13.48975,3.47975,1.3493,71.9492,0.55269,9.00232,0.0,0.0,negative
1.51848516,13.6427,3.87038,1.26905,71.9604,0.54027,8.32444,0.0,0.1632,negative
1.51818902,13.7225,0.0,0.55964,74.4524,0.0,10.99292,0.0,0.0,negative
1.51663998,12.93115,3.53812,1.61894,72.9572,0.63963,8.03392,0.0,0.1071,negative
1.51689056,12.6718,2.87809,1.70882,73.2092,0.73278,8.53964,0.0,0.0,negative
1.5266404,11.22875,0.0,0.7715,73.2092,0.0,14.6836,0.0,0.0,negative
1.51850794,13.19715,3.62792,1.07003,72.8284,0.57132,8.41052,0.09135,0.0867,negative
1.51812068,12.95775,2.95891,1.42955,72.918,0.60237,8.78712,0.1386,0.0,negative
1.51645774,13.40995,3.55159,1.24979,72.8116,0.6831,8.09848,0.0,0.0,negative
1.51629828,12.7117,3.33158,1.49054,73.282,0.67068,8.23836,0.0,0.0,negative
1.52725546,13.8023,3.15198,0.65915,70.5716,0.08073,11.63852,0.0,0.0,negative
1.51891798,13.46315,3.82997,1.25942,72.5484,0.57132,8.20608,0.0,0.0714,negative
1.51871296,12.93115,3.65935,1.56116,72.5092,0.57753,8.5504,0.0,0.0612,negative
1.52176548,13.7491,1.01025,1.35893,72.19,0.32913,11.14356,0.0,0.0,negative
1.51618438,13.01095,3.5022,1.48091,72.89,0.60237,8.12,0.0,0.0,negative
1.5160477,12.8979,3.43934,1.44881,73.58,0.44091,8.27064,0.0,0.0,negative
1.5170728,13.7225,3.6818,1.81154,72.0612,0.63963,7.88328,0.0,0.0,negative
1.51666276,12.9378,3.60996,1.25942,72.75,0.5589,8.6042,0.0,0.0,negative
1.51689056,13.33015,3.53812,1.60931,72.5428,0.6831,8.10924,0.0,0.0,negative
1.51645774,13.4432,3.60996,1.53869,72.3916,0.65826,8.03392,0.0,0.0,negative
1.5159338,13.25035,3.44832,1.42955,73.17,0.60858,7.86176,0.0,0.0,negative
1.51743728,12.19965,3.25076,1.15991,73.5508,0.621,8.89472,0.0,0.1224,negative
1.52474966,11.4482,0.0,1.87895,72.19,0.8073,13.24176,0.0,0.1734,negative
1.51828014,13.23705,3.90181,1.41029,72.33,0.55269,8.31368,0.0,0.051,negative
1.51789288,13.1905,3.90181,1.30115,72.33,0.55269,8.4428,0.0,0.1428,negative
1.51818902,12.6186,2.76135,0.82928,73.8084,0.34776,9.42196,0.0,0.102,negative
1.51846238,13.0974,3.96916,1.1888,72.442,0.60237,8.43204,0.0,0.0,negative
1.52080872,13.78235,2.28092,1.42955,71.9884,0.49059,9.85236,0.0,0.0867,negative
1.51711836,12.89125,3.61894,1.57079,72.9572,0.60858,8.10924,0.0,0.0,negative
1.51613882,13.922,3.52016,1.24979,72.8788,0.3726,7.93708,0.0,0.0714,negative
1.51591102,12.858,3.52016,2.1197,72.6604,0.68931,7.96936,0.0,0.0,negative
1.51841682,13.0176,3.61894,1.0604,72.3412,0.63963,9.13144,0.0,0.0765,negative
1.52408904,13.8289,2.90054,1.16954,71.1484,0.08073,10.78848,0.0,0.0,negative
1.5184396,13.25035,3.75813,1.32041,72.4028,0.57753,8.42128,0.0,0.0,negative
1.51812068,13.4299,3.97814,1.17917,72.4924,0.57753,8.15228,0.0,0.0,negative
1.51632106,13.3368,3.56955,1.57079,72.8676,0.60858,7.89404,0.0,0.0,negative
1.51645774,13.4033,3.48873,1.51943,72.6492,0.67068,8.07696,0.0,0.051,negative
1.52222108,14.4274,0.0,0.99941,72.6716,0.09936,11.52016,0.0,0.0408,negative
1.52739214,11.0226,0.0,0.74903,73.0804,0.0,14.96336,0.0,0.0,negative
1.51812068,13.33015,3.84793,1.24979,72.778,0.52164,8.12,0.0,0.0,negative
1.5166172,12.85135,3.51118,1.43918,73.0076,0.6831,8.2276,0.5985,0.1275,negative
1.51572878,14.85965,3.66833,1.74092,71.8708,0.16146,7.35604,0.0,0.0612,negative
1.51625272,13.35675,3.57853,1.49054,72.722,0.44712,8.20608,0.0,0.0,negative
1.51859906,13.35675,3.43036,1.42955,72.2628,0.50922,8.6042,0.0,0.0,negative
1.5173006,12.3526,2.72094,1.62857,72.8676,0.70173,9.22828,0.0,0.0,negative
1.51805234,12.99765,3.79854,1.07966,73.0692,0.5589,8.37824,0.0,0.0612,negative
1.51591102,13.0176,3.57853,1.5098,73.1196,0.68931,7.9586,0.0,0.0,negative
1.51568322,13.23705,3.48873,1.47128,73.2484,0.37881,8.03392,0.0,0.0,negative
1.53393,12.2994,0.0,0.99941,70.1628,0.11799,16.19,0.0,0.1224,negative
1.5277794,12.63855,0.0,0.66878,72.022,0.0621,14.40384,0.0,0.0,negative
1.51800678,13.7092,3.92875,1.53869,71.8092,0.54027,8.20608,0.0,0.0765,negative
1.51591102,12.8181,3.52016,1.90142,72.862,0.68931,7.96936,0.0,0.0,negative
1.5163894,12.5521,3.47975,1.86932,73.2316,0.62721,8.07696,0.0,0.459,negative
1.51591102,13.23705,3.34056,1.47128,73.0972,0.39123,8.21684,0.0,0.0,negative
1.51654886,12.7516,2.85115,1.43918,73.2708,0.57132,8.78712,0.11025,0.1122,negative
1.5167311,13.2969,3.64139,1.52906,72.5316,0.65205,8.03392,0.0,0.1479,negative
1.52176548,13.19715,3.6818,1.15028,72.75,0.54027,8.51812,0.0,0.0,negative
1.5167311,12.8713,3.56057,1.64141,73.142,0.65205,7.99088,0.0,0.0,negative
1.51595658,13.0176,3.56057,1.53869,73.1084,0.72036,7.9048,0.0,0.0,negative
1.51408862,14.24785,3.08912,2.08118,72.2796,1.09917,7.07628,0.0,0.0,negative
1.53124196,10.73,0.0,2.10044,69.81,0.57753,13.29556,3.15,0.1428,negative
1.52067204,13.5496,2.08785,1.6703,72.1788,0.52785,9.5726,0.2709,0.0867,negative
1.5167311,12.7915,3.52016,1.53869,73.3604,0.65826,7.9048,0.0,0.0,negative
1.5177562,13.52965,3.40791,1.51943,72.0388,0.57753,8.78712,0.0,0.0,negative
1.51609326,13.33015,3.52914,1.33967,72.6716,0.5589,8.3352,0.0,0.0,negative
1.51663998,13.1373,3.44832,1.76018,72.4812,0.60237,8.37824,0.0,0.0867,negative
1.52121876,14.0284,3.75813,0.5789,71.7924,0.11178,9.64792,0.0,0.0,negative
1.51645774,13.03755,3.39893,1.25942,73.0076,0.52164,8.58268,0.0,0.0,negative
1.51693612,12.858,3.57853,1.31078,72.61,0.60858,8.78712,0.0,0.0,negative
1.51796122,13.50305,3.35852,1.62857,71.938,0.57132,8.80864,0.0,0.459,negative
1.5193508,13.6427,3.53812,0.74903,72.6492,0.16146,8.89472,0.1512,0.1224,negative
1.51768786,13.64935,3.65935,1.10855,72.7724,0.11178,8.6042,0.0,0.0,negative
1.5183257,13.33015,3.34056,1.53869,72.1396,0.5589,8.99156,0.0,0.0,negative
1.51654886,13.40995,3.38995,1.27868,72.638,0.52164,8.64724,0.0,0.0,negative
1.51643496,12.15975,3.52016,1.3493,72.89,0.57132,8.52888,0.0,0.0,negative
1.5196925,12.63855,0.0,1.65104,73.7524,0.37881,11.53092,0.0,0.0,negative
1.51914578,12.73165,1.84988,1.85969,72.6884,0.60237,10.08908,0.0,0.0,negative
1.5151365,14.00845,2.68053,3.5,69.8884,1.68291,5.87116,2.1987,0.0,negative
1.51315464,13.0176,0.0,3.04097,70.482,6.21,6.95792,0.0,0.0,negative
1.52119598,12.97105,0.32777,1.5098,73.3884,0.13041,11.27268,0.0,0.1428,negative
1.5215149,11.02925,1.71069,1.56116,73.4388,0.57753,11.617,0.0,0.0,negative
1.5132002,12.99765,0.0,3.0185,70.7004,6.21,6.92564,0.0,0.0,negative
1.51666276,12.858,0.0,1.8308,73.8812,0.96876,10.17516,0.0,0.0,negative
1.523679,13.4432,0.0,1.58042,72.218,0.32292,12.24108,0.0,0.0,negative
1.52042146,13.3767,0.0,1.40066,72.2516,0.32913,12.49932,0.0,0.0,negative
1.51994308,13.2703,0.0,1.76018,73.03,0.47196,11.31572,0.0,0.0,negative
1.52058092,12.85135,1.61191,2.17106,72.1788,0.75762,9.70172,0.2394,0.2601,negative
1.5196925,14.5604,0.0,0.55964,73.478,0.0,11.21888,0.0,0.0,positive
1.51937358,13.789,2.41113,1.1888,72.7612,0.0,9.76628,0.0,0.0,positive
1.51828014,14.46065,2.24051,1.61894,72.3804,0.0,9.26056,0.0,0.0,positive
1.51853072,14.08825,2.19112,1.66067,72.6716,0.0,9.32512,0.0,0.0,positive
1.51299518,14.4008,1.74212,1.53869,74.5476,0.0,7.59276,0.0,0.0,positive
1.51905466,14.0018,2.38868,1.56116,72.3692,0.0,9.5726,0.0,0.0,positive
1.51916856,14.1481,0.0,2.09081,72.7388,0.0,10.88532,0.0,0.0,positive
1.51613882,13.8821,1.77804,1.78907,73.0972,0.0,8.66876,0.75915,0.0,negative
1.51509094,15.15225,0.0,2.25131,73.5004,0.0,8.3352,0.63,0.0,negative
1.52247166,14.85965,2.2001,2.05871,70.258,0.75762,9.75552,0.0,0.0,negative
1.51130946,13.68925,3.20137,1.81154,72.8116,1.75743,5.43,1.1907,0.0,negative
1.51556932,13.8688,0.0,2.54021,73.2316,0.14283,9.4112,0.80955,0.0051,negative
1.52315506,13.4432,3.34056,1.23053,72.3804,0.60237,8.83016,0.0,0.0,negative
1.51545542,14.14145,0.0,2.68145,73.3884,0.08073,9.06688,0.6111,0.0255,negative
1.5165033,14.38085,0.0,1.93994,73.6124,0.0,8.47508,1.5687,0.0,negative
1.51645774,14.93945,0.0,1.86932,73.1084,0.0,8.66876,1.3797,0.0,negative
1.5171867,14.75325,0.0,2.00093,73.0188,0.0,8.52888,1.59075,0.0408,negative
1.5161616,14.95275,0.0,2.27057,73.2988,0.0,8.7118,0.67095,0.0,negative
1.51711836,14.2279,0.0,2.08118,73.3604,0.0,8.61496,1.6695,0.0,negative
1.52365622,15.79065,1.83192,1.31078,70.4316,0.3105,8.61496,1.67895,0.0,negative
1.5151365,14.853,0.0,2.42144,73.7188,0.0,8.389,0.5607,0.0,negative
1.51622994,14.2013,0.0,2.79059,73.4612,0.03726,9.04536,0.40005,0.459,negative
1.51531874,14.38085,0.0,2.65898,73.0972,0.03726,9.07764,0.63945,0.0,negative
1.51609326,15.126,0.0,2.51132,73.0524,0.04968,8.83016,0.5292,0.0,negative
1.51830292,14.3875,0.0,1.82117,72.862,1.40967,6.47372,2.8791,0.0,negative
1.51602492,14.853,0.0,2.37971,73.282,0.0,8.75484,0.63945,0.459,negative
1.51727782,14.70005,0.0,2.34119,73.282,0.0,8.94852,0.6615,0.0,negative
1.51622994,14.14145,0.0,2.88047,72.61,0.08073,9.18524,1.06155,0.0,negative
1.51837126,14.321,3.25974,2.21921,71.2492,1.45935,5.78508,1.62855,0.0,negative
1.51657164,14.7998,0.0,1.9913,73.1084,0.0,8.2814,1.71045,0.0,negative
1.5174080720127963,14.151637425328072,2.1000595169659118,1.6359315640968863,73.05206651708674,0.0,8.973784725191685,0.0,0.0,positive
1.51975440917383,14.201704128474415,0.0,1.881345102696107,72.72590276608135,0.019069481579727692,11.007160475906545,0.0,0.00783046345061282,positive
1.519166348722069,13.928357311778488,2.160465367283699,1.6635285660216712,72.52531741064594,0.1566868197859932,9.39858188152058,0.08041386659093597,0.025735999385138975,positive
1.518469304731186,14.344454788830516,2.270027199329617,1.5445259329525176,72.44627826459218,0.0,9.34804938017216,0.0,0.0,positive
1.520051837412611,13.877043387798865,2.327418790016887,1.4863401424844327,72.15271643688224,0.2788988215071974,9.73164265130731,0.0,0.049288668388418055,positive
1.5210503623289695,14.488978217911654,0.0,0.7957990760074539,73.04495845807487,0.053356904272916804,11.380669131635914,0.0,0.02190983991883057,positive
1.5184066613086196,14.272620088075898,2.2155723057198404,1.6400100543087885,72.52743090857223,0.0,9.293157237147744,0.0,0.0,positive
1.513827264567178,14.173510877117458,2.214223368171122,1.53869,74.1414200005699,0.10207464104383498,7.640485106305085,0.0,0.0,positive
1.521082781176238,14.323247738433583,0.0,1.4063981069587828,72.69665919075283,0.06230819652975568,11.28342522831069,0.0,0.025585491328643635,positive
1.5186115868645063,14.05953893386385,2.2122285101440755,1.6153971820295225,72.68019652974368,0.0,9.367446395778193,0.0,0.0,positive
1.518543073221205,14.299142191594875,2.2815380090375674,1.5155067107758802,72.47196878350431,0.0,9.382167576664393,0.0,0.0,positive
1.5190888941112148,13.97895722166513,2.3910898701767755,1.5211894316693042,72.41127880219582,0.0,9.593390363288991,0.0,0.0,positive
1.5187897675565998,14.05730084715136,0.0,0.55964,74.06305766145806,0.0,11.083207145748087,0.0,0.0,positive
1.5191553333464622,13.92305890112726,2.3770748675495676,1.2746543820901945,72.68519370274807,0.0,9.665340124353342,0.0,0.0,positive
1.5158333646916702,14.432941275202928,2.009770629045737,1.5817866973272343,73.38374750844133,0.0,8.488419461711672,0.0,0.0,positive
1.521147808711728,14.329197639060727,0.0,1.3831481193309072,72.69522763571472,0.06442485290753258,11.296949162840358,0.0,0.026454649744638986,positive
1.5183949154159964,14.290076271381974,2.2178874531244785,1.6380539680323045,72.51378096072386,0.0,9.290130998709936,0.0,0.0,positive
1.519081577331503,13.98383935738161,2.3905748140356335,1.5297322514784617,72.40228539429704,0.0,9.588946885631248,0.0,0.0,positive
1.5203434576457855,13.840558854675653,2.3095032133964386,1.464459397875884,72.08940675261103,0.3604615788775176,9.778153988680515,0.0,0.06370292686088339,positive
1.521466559824002,14.467086774160878,0.0,0.8681840400546668,72.91222717807017,0.06971129413064032,11.430259012637675,0.0,0.028625410633354723,positive
1.51902235313309,14.177948685186763,2.193139183119051,1.6348771489257536,72.31784296683348,0.16379330335784728,9.357386868200782,0.08406101331749706,0.02690324789452564,positive
1.5154208930409128,14.263838364651463,1.9388749968692809,1.592142504494688,73.72552344292478,0.0,8.351892486361843,0.0,0.0,positive
1.5189975634735167,14.073803777618803,0.0,1.8235164219374578,73.03794005327165,0.0,10.904103537425321,0.0,0.0,positive
1.518558715124502,14.0783105782607,2.198427509362953,1.6449971012995022,72.67457601399445,0.0,9.339772883189674,0.0,0.0,positive
1.5193439269510773,13.80878605547064,2.409042608339681,1.2234218778902601,72.7247520030804,0.0,9.748271714175031,0.0,0.0,positive
1.5195774048274793,13.936399527729753,2.356565373015075,1.5219375978332783,72.25571401303026,0.14620559439990957,9.655974053872518,0.0,0.025838327390432254,positive
1.5192410046560636,14.205108305712605,0.0,1.8790966663643718,72.84100843944398,0.0,10.93144100522313,0.0,0.0,positive
1.519068951462987,14.160199862722378,2.190165103499477,1.6358777301471694,72.31391545175877,0.17407673010481584,9.363465944609088,0.08933861169914672,0.028592313157312744,positive
1.517456397614451,14.4513214560233,2.162828245070208,1.6064318019360022,72.71819148715633,0.0,9.00060769182386,0.0,0.0,positive
1.5190138259888541,14.080869672352696,0.0,1.8489372068051648,73.00949052973783,0.0,10.90231714110632,0.0,0.0,positive
1.5200339995468404,13.710099360251837,2.1186209439027333,1.6674305878785385,72.325637621335,0.3705686720339147,9.498859386103918,0.1901810234990764,0.06086635192827584,positive
1.518986564188791,14.026726047701288,2.350740186467961,1.3410451904388183,72.62641837420584,0.0,9.587283771542477,0.0,0.0,positive
1.5202089840674835,13.857382809818771,2.3177645458467575,1.4745491711107255,72.11860047381631,0.3228508969287227,9.756706416610161,0.0,0.05705614212217994,positive
1.5211832549392312,14.481988240467867,0.0,0.818911725484555,73.00257712115254,0.058578890429418516,11.396503270013842,0.0,0.024054133751210502,positive
1.51857470096315,14.279714721521175,2.286473190968595,1.5030649152313238,72.48298342000258,0.0,9.396795523013937,0.0,0.0,positive
1.5159680677996794,13.588737035403689,3.4288600247352212,1.53869,73.0963922593313,0.36469424741894624,7.763273180834481,0.0,0.0,positive
1.518337474219184,13.78700182298301,0.0,0.791696523253985,74.19269529167367,0.0,10.976612678212001,0.0,0.0,positive
1.5184145885426779,14.260839012318542,2.2140098263115275,1.641330205467098,72.53664317833737,0.0,9.295199627724799,0.0,0.0,positive
1.518583384674747,14.0695518722943,2.204866950965852,1.6311860049440647,72.6771985037341,0.0,9.352685132894392,0.0,0.0,positive
1.5198298401800963,13.904817405036233,2.3410571044279087,1.5029969591105892,72.2009112227742,0.21680880047060352,9.696235683604753,0.0,0.03831574838623152,positive
1.5192709571381022,14.228678577775156,0.0,1.7915630901479833,72.88326685590927,0.0,10.950509886982006,0.0,0.0,positive
1.5183846977564242,14.305261267889056,2.2199013816354474,1.6363523839715082,72.50190697849277,0.0,9.287498497704304,0.0,0.0,positive
1.5154143793304693,14.00163257220473,1.7697623636136612,1.731370818529746,73.43143952713658,0.0,8.420799622725484,0.5842065795465161,0.0,positive
1.5192708292544286,14.032193436531726,0.0,2.0471529174304903,72.77725066220319,0.06231859386476024,10.942150923805816,0.0,0.0,positive
1.520044755208392,13.70739376879666,2.1181022277984423,1.6674789585194247,72.32316233038706,0.3732200160413692,9.500102456322663,0.19154173031279131,0.061301838383606526,positive
1.5188958123026557,13.958627201943711,2.2864192875534313,1.4562753142228195,72.710411036611,0.0,9.516212376242315,0.0,0.0,positive
1.5190040109776715,14.010157079017224,2.3695819718838305,1.5707795827993523,72.3984328593963,0.0,9.548676230015237,0.0,0.0,positive
1.5183431999086963,13.808425549722488,0.0,0.55964,74.35247655370618,0.0,11.01609190263193,0.0,0.0,positive
1.51879711390131,14.263739981693018,2.2075147929370025,1.6300407063720395,72.33682713386676,0.11408699101403864,9.328002842997103,0.05855103886653985,0.018738926060276877,positive
1.5159266854916669,14.23528009743937,1.9799009510469456,1.6032880409993462,73.55410987936733,0.0,8.510181399455872,0.0,0.0,positive
1.518776022398124,13.977546471447406,0.0,1.4772140265181513,73.42550236496176,0.0,10.928439266147226,0.0,0.0,positive
1.5186989592963467,14.060490548213219,2.2545573313475598,1.6287169283134457,72.57449811196851,0.0,9.404586849371807,0.0,0.0,positive
1.5201805979440115,13.785260525574037,2.337909403758695,1.3241802207594975,72.32663370881437,0.275871993779447,9.814685106554423,0.0,0.04875374928285952,positive
1.5183495325414051,14.419539676672212,2.2537851805763935,1.613763244019005,72.37939654435813,0.0,9.288516990936477,0.0,0.0,positive
1.5191300169566881,14.246924235779113,0.0,0.55964,73.84254324460774,0.0,11.134343678621134,0.0,0.0,positive
1.518287587709889,14.449581570106776,2.2390420361105634,1.6201802942519983,72.38905501284883,0.0,9.262478844881596,0.0,0.0,positive
1.5148118430836492,14.101050937929013,1.7628776369955461,1.6833809006387765,73.7094352812266,0.0,8.214564493519147,0.4387015625047021,0.0,positive
1.5193283951703096,13.96695127240383,0.0,2.0225789635393916,72.79889399575758,0.09739684834391511,10.974140246476864,0.0,0.0,positive
1.5189433384910724,14.020168027726037,2.3467044354244555,1.5823028853559042,72.43345091479877,0.0,9.520017935203706,0.0,0.0,positive
1.519156635766282,13.933756468503537,2.3958584646715018,1.4420966100186892,72.49454334749349,0.0,9.63452984577178,0.0,0.0,positive
1.5192869133723372,13.846828478510695,2.405029204217269,1.289988967378959,72.65467385537504,0.0,9.71364738854346,0.0,0.0,positive
1.520183389872332,14.53457983491914,0.0,0.6450154435910471,73.32144826224658,0.019289410544617493,11.27736946868843,0.0,0.007920772445857425,positive
1.5184154162553898,14.377556005878107,2.261618460175802,1.5657247083576402,72.42751113371789,0.0,9.32312576298269,0.0,0.0,positive
1.5133046418635065,14.349738851585792,1.7456559869886992,1.5633375618661058,74.40482172805096,0.0,7.698682104672618,0.07473119494629904,0.0,positive
1.5196290681193672,13.626184455946312,0.0,1.8942265683179869,72.91193944683121,0.2806143314782172,11.141223907679093,0.0,0.0,positive
1.5183035268414065,14.425893595898224,2.235900389907125,1.6228346958731663,72.4075779400495,0.0,9.266585438906581,0.0,0.0,positive
1.5195347334968734,13.788253263964345,2.3965085715484937,1.2158340903133409,72.67442141227768,0.05508890702729753,9.775946020744225,0.0,0.009735641246798132,positive
1.519822738959568,13.905705836928483,2.3414933651739047,1.5035297753390646,72.20245287173556,0.21482267241401373,9.695103089819492,0.0,0.037964747953066695,positive
1.5215862935813125,14.460788935167336,0.0,0.8890081051237613,72.8740423858567,0.07441620602837148,11.444525275284096,0.0,0.030557379287012444,positive
1.5184417074554826,14.364932359463587,2.271418756234674,1.6068868992694914,72.37806364264137,0.0,9.325652584838144,0.0,0.0,positive
1.5156293260293368,13.68126647640268,3.236666662392979,1.53869,73.26174820692611,0.32313964350224395,7.7438442818532085,0.0,0.0,positive
1.5192253016661368,14.192751274856255,0.0,1.9249873162220448,72.81885389855383,0.0,10.921443888530323,0.0,0.0,positive
1.5183050348042233,14.423652533750426,2.235603166331723,1.6230858224129827,72.40933034954854,0.0,9.26697395386969,0.0,0.0,positive
1.5193526575539058,13.79642832972695,2.405668657232326,1.2005133030852346,72.75897584513439,0.0,9.755329016065692,0.0,0.0,positive
1.520382214786247,13.835709958700436,2.307122183411069,1.4615513860312808,72.08099271940362,0.37130149629142195,9.784335474841493,0.0,0.0656186219214951,positive
1.5192519975443013,14.213758853142464,0.0,1.846970887300154,72.85651774009922,0.0,10.938439493219017,0.0,0.0,positive
1.518702208125329,14.210603572138579,2.321253988702684,1.587453277537686,72.37429665469752,0.0,9.430603559659753,0.0,0.0,positive
1.5143106186672652,14.18375287096792,1.7571505241465823,1.643460117923756,73.94068818980503,0.0,8.04300621329963,0.3176620937048463,0.0,positive
1.5198003874768682,14.205911059154174,0.0,1.8649059901150546,72.72489057223358,0.020566082483203376,11.0167226952862,0.0,0.008445009715325058,positive
1.5195771606754485,13.825017381881118,2.1406530317030783,1.6653760802236792,72.43077379706862,0.2579547711390545,9.44606088616367,0.13238599507733229,0.042369382699168366,positive
1.5206748477122434,13.782970323253188,2.2930662091425233,1.4070924326007033,72.06048809173905,0.44482693461922745,9.844330311934655,0.0,0.0786124772854869,positive
1.5191869082277774,13.913557108770059,2.397989459154662,1.4067515273572335,72.53175269437095,0.0,9.65291430062695,0.0,0.0,positive
1.5185593845056975,13.92890674922449,0.0,0.55964,74.2123680911274,0.0,11.048582571971316,0.0,0.0,positive
1.5192333690744746,14.097574893055661,2.179671356867216,1.6394081823090514,72.30005760215138,0.21036078722415746,9.384915366193855,0.10796009710907313,0.03455201336048963,positive
1.5142837637844677,14.04881525026999,2.4732292752039933,1.53869,73.91858104989993,0.15807495108405134,7.666668110452406,0.0,0.0,positive
1.5221409694396015,14.420070030165476,0.0,1.028052782232005,72.67336360176469,0.0967523888193403,11.503499212138387,0.0,0.039729241785719446,positive
1.518490218063891,14.14844203849865,2.199103041840624,1.6539250650737147,72.62453254132436,0.0,9.314684989244165,0.0,0.0,positive
1.5198580698815136,13.78675502201035,2.3671723181906392,1.2700749550388117,72.50030992625548,0.16561860931460268,9.795339805315642,0.0,0.02926911153422624,positive
1.520340559186559,13.840921480171483,2.3096812791218007,1.4646768740276557,72.09003599749055,0.3596509138422037,9.777691705204946,0.0,0.06355966128563374,positive
1.5205294312244544,14.51637851250408,0.0,0.7051988688427155,73.21109077055104,0.032887030057103056,11.318600253780234,0.0,0.01350433601378628,positive
1.5188594787869065,14.117431487408865,2.351340744275097,1.575720722115036,72.37202243142417,0.0,9.493965044500245,0.0,0.0,positive
1.5162734743768178,14.215699556777766,2.008029771258306,1.6109298082362766,73.43658278200316,0.0,8.618709780260666,0.0,0.0,positive
1.5198387087999001,13.388588797510403,0.0,1.8047343690144277,72.9907590591991,0.40836056861128983,11.257721027058013,0.0,0.0,positive
1.5184349071209442,14.23064251400887,2.2100049792344203,1.6447139323050748,72.5602554777675,0.0,9.3004345523512,0.0,0.0,positive
1.5189453069057424,13.941054580187215,2.2993387612799028,1.4285660643373133,72.71567254675097,0.0,9.542118267016235,0.0,0.0,positive
1.520628840853963,13.804854634161778,2.2919708060026127,1.443046627487044,72.02745110361725,0.4402799135410013,9.823670565262704,0.0,0.07780890051571539,positive
1.5193581492330408,14.297291970039932,0.0,1.5367516231723428,73.00628169840775,0.0,11.006019668994712,0.0,0.0,positive
1.5201537009938786,13.747029972627196,2.120932333155445,1.6591699814564151,72.22248792325519,0.41346175451263273,9.504979069580603,0.21219435312583534,0.06791159252864498,positive
1.5149929952591985,14.42342443675317,1.9305208861054637,1.5690260242179086,73.72835723756945,0.0,8.223220077141782,0.0,0.0,positive
1.5186333147964752,13.915541494354358,0.0,1.2541403404853408,73.67515398325746,0.0,10.94411533648372,0.0,0.0,positive
1.5184377644978542,14.226396017236384,2.2094417824685957,1.6451897816883074,72.5635760466723,0.0,9.301170733424327,0.0,0.0,positive
1.5190732247935772,13.989412604812394,2.389986846907715,1.5394843868794312,72.3920188858719,0.0,9.583874392386916,0.0,0.0,positive
1.5189382455624618,14.021008359974735,2.3447840648165585,1.583270166582832,72.43639037659179,0.0,9.517612320109343,0.0,0.0,positive
1.5194577491068275,14.375669318519364,0.0,1.2456794798998405,73.14680203795662,0.0,11.06942871182469,0.0,0.0,positive
1.5190081452903845,14.01346976762616,2.3541076941079795,1.3325555659148618,72.63393418073098,0.0,9.597265109977068,0.0,0.0,positive
1.5147836635066878,14.421053840686639,1.9107801781088352,1.5658474054319589,73.81419776882066,0.0,8.157160258933597,0.0,0.0,positive
1.519367856675747,14.166335281516954,0.0,2.0195533360272,72.73441256384554,0.006487137742658423,10.926768213813903,0.0,0.0026638005223476617,positive
1.5183726030655569,14.323235818447555,2.222285278123321,1.6343382110531244,72.487851690838,0.0,9.284382394095129,0.0,0.0,positive
1.5192284117278048,13.840540713112985,2.373237026593191,1.270071566571843,72.745767926834,0.0,9.690297707612618,0.0,0.0,positive
1.51866633654474,14.065873296001886,2.2422563984021675,1.6349128477171508,72.59332683297826,0.0,9.389177683116868,0.0,0.0,positive
1.5220290924027076,14.437498296450931,0.0,0.9660195651862741,72.73282756584985,0.09181588920778631,11.497284701092209,0.0,0.03770217672783496,positive
1.5185730995010123,14.28069842620083,2.286223299369633,1.5036949021752783,72.48242569686998,0.0,9.39605484091672,0.0,0.0,positive
1.513705128101309,14.360714610125822,1.7997054744953007,1.5543342676591019,74.30699788384592,0.0,7.8149398944246755,0.0,0.0,positive
1.5185140908474926,13.863739921486495,0.0,1.06777517524078,73.8837234740149,0.0,10.957211786767042,0.0,0.0,positive
1.5184161734300698,14.258483628549513,2.213697440692966,1.6415941425365972,72.53848498218684,0.0,9.295607961710106,0.0,0.0,positive
1.519295256330964,13.81680812704243,2.3906853349019044,1.232649025589011,72.75287382394987,0.0,9.725284734081743,0.0,0.0,positive
1.519148666509143,13.939073971072187,2.3952974781458147,1.4514012399832679,72.48474794802492,0.0,9.629690118809863,0.0,0.0,positive
1.5195342446130384,14.435865328006535,0.0,1.0221278819214927,73.25472561353973,0.0,11.118128641304537,0.0,0.0,positive
1.5184520350802748,14.395176939719684,2.2295390133555864,1.6226310118829887,72.36591191597331,0.03793420215022686,9.28298490942305,0.019468362910858114,0.006230738517428566,positive
1.515843806910251,13.930777103501953,1.7746691082363792,1.7655732327456737,73.2333119547315,0.0,8.567783398172159,0.6879080043888418,0.0,positive
1.5209856601113028,14.3143613385291,0.0,1.4411228361236683,72.69879727193285,0.05914689078500304,11.26322672449629,0.0,0.024287370612199318,positive
1.5189296850125962,14.022420849068695,2.3415561718680005,1.584896040379709,72.44133122913098,0.0,9.513568794360664,0.0,0.0,positive
1.5197418243261858,13.787293668374419,2.377719256997471,1.2505743366704465,72.56290630372203,0.12588108754788904,9.788367372380444,0.0,0.02224645893801745,positive
1.5192951167811501,13.841354737775049,2.4056066735758934,1.2804109499902145,72.66475706199333,0.0,9.718629315731805,0.0,0.0,positive
1.5193262725204273,14.272207478284212,0.0,1.6299085992616091,72.96130848398663,0.0,10.985725749348733,0.0,0.0,positive
1.5185247162622266,14.097172467662215,2.192303353055416,1.6596701756832863,72.66462303280548,0.0,9.323573183371986,0.0,0.0,positive
1.5161122495904593,14.224802698833708,1.9949524691206704,1.607377092613228,73.49122202211497,0.0,8.568254111817115,0.0,0.0,positive
1.519414643920373,14.341748891800348,0.0,1.3716507139026413,73.08598714726854,0.0,11.041986321486599,0.0,0.0,positive
1.5187231366017568,14.039847518102722,2.1818402741937586,1.6615353409462004,72.627317547426,0.04743200606976442,9.347358273869746,0.024342768673485234,0.007790764281990291,positive
1.5187630610928942,14.005759346690319,2.2517675142344635,1.5305952645706271,72.69629895584477,0.0,9.446729278576774,0.0,0.0,positive
1.5185522913335943,14.084690734074073,2.1992538181182892,1.6565730358324005,72.659149774251,0.0,9.335309093480028,0.0,0.0,positive
1.5193843667802056,14.317923139059415,0.0,1.4601330758340891,73.04327068734591,0.0,11.02271075009619,0.0,0.0,positive
1.5200225346121847,13.796989892373858,2.1293038619941753,1.6563535153149427,72.23354321091331,0.38451565535421584,9.487867502314538,0.19733881033524117,0.06315716078281805,positive
1.5146754089201102,14.123562548872915,1.7613187068526794,1.6725143937019458,73.77238272775261,0.0,8.167866029328597,0.4057544072163601,0.0,positive
1.519854776192992,13.370378864059958,0.0,1.7978754600411755,72.99679999405986,0.4181513639989318,11.266649661550005,0.0,0.0,positive
1.519365366547772,13.791916113683444,2.408986059577295,1.193398250839788,72.7603268712246,0.0,9.761981010150082,0.0,0.0,positive
1.5194202208142757,13.788783880725967,2.4068982871170275,1.1966241677027547,72.7360846654177,0.015943752578585355,9.76907752588101,0.0,0.0028176753471602567,positive
1.5183054858688327,14.445634310393633,2.245358806208947,1.6170491717435853,72.38003348431167,0.0,9.27077138887386,0.0,0.0,positive
1.5216424223232823,14.457836636769832,0.0,0.8987700018626414,72.85614213452024,0.07662177271089898,11.451213008075078,0.0,0.031463046765345,positive
1.5189571236192256,14.059583618651848,2.370020745830567,1.5684363157583172,72.37061043157655,0.0,9.533304368826146,0.0,0.0,positive
1.5130066542225178,14.397665744090594,1.7486301785460523,1.53869,74.54199888698874,0.0014075818624083875,7.5934181163874745,0.0,0.0,positive
1.5198724407719404,14.212503803940011,0.0,1.839144007804768,72.7233043479242,0.022911428426349852,11.031707794104106,0.0,0.009408074474588104,positive
1.5189074020950897,14.026097526204332,2.333154039595976,1.589128153066433,72.45419215643945,0.0,9.503043588374226,0.0,0.0,positive
1.5201084814484491,13.785594691366565,2.3444525207278946,1.3120824140600522,72.36546729144088,0.251219603379942,9.810359543934743,0.0,0.04439703135620572,positive
1.5207799470354821,13.785949778264968,2.2826876559846574,1.431708882740727,71.99464650518706,0.48254253944401504,9.84777091835312,0.0,0.08527780462258934,positive
1.5192210415365894,14.297652875667346,0.0,0.55964,73.78355054057731,0.0,11.148023883262674,0.0,0.0,positive
1.5184416607483209,14.220605596317666,2.208673820897233,1.6458386384684849,72.56810389460874,0.0,9.302174572238807,0.0,0.0,positive
1.5138120117135025,14.17767728984775,2.2055692915562104,1.53869,74.14886564292598,0.100203521658572,7.639610262458876,0.0,0.0,positive
1.519644387048821,14.522538852213877,0.0,0.7002459996499537,73.41011991160926,0.0,11.188249477430176,0.0,0.0,positive
1.5183837328024092,14.306695336350906,2.220091576698097,1.6361916866650823,72.50078560165042,0.0,9.287249884761508,0.0,0.0,positive
1.5191204306057804,13.878878456944447,2.345050937970434,1.330524135266085,72.7342890234178,0.0,9.633779481819175,0.0,0.0,positive
1.519904203834829,13.895513787126314,2.3364886019627775,1.4974173320742499,72.18476714576305,0.23760744212213192,9.708096153627443,0.0,0.0419914087771639,positive
1.5197167800999045,14.435394984089523,0.0,0.6759670458113043,73.43459077038376,0.04573084823587982,11.228263370080436,0.0,0.0,positive
1.519527903524696,13.985389763713187,2.1608730671515888,1.6457325643331218,72.27523292504755,0.2753593279446729,9.423339434861903,0.14131825696734274,0.04522810217448733,positive
1.5173003179504707,14.15772148075534,2.0913193445556,1.63355711814898,73.08858447575433,0.0,8.94006284306089,0.0,0.0,positive
1.5219867726005634,14.405961301264977,0.0,1.0831844210505026,72.67675818315429,0.09173325776472611,11.471430520927523,0.0,0.0376682459420373,positive
1.5189600333909221,13.935826071668542,2.30318278520369,1.4203215319573423,72.71723804169925,0.0,9.5498262329915,0.0,0.0,positive
