@relation glass5
@attribute RI real [1.51115, 1.53393]
@attribute Na real [10.73, 17.38]
@attribute Mg real [0.0, 4.49]
@attribute Al real [0.29, 3.5]
@attribute Si real [69.81, 75.41]
@attribute K real [0.0, 6.21]
@attribute Ca real [5.43, 16.19]
@attribute Ba real [0.0, 3.15]
@attribute Fe real [0.0, 0.51]
@attribute Class {positive, negative}
@data
1.5176423,12.9777,3.53812,1.21127,73.002,0.65205,8.52888,0.0,0.0,negative
1.52212996,14.20795,3.82099,0.46976,71.77,0.11178,9.5726,0.0,0.0,negative
1.52222108,13.21045,3.7716,0.79076,71.9884,0.13041,10.2452,0.0,0.0,negative
1.51755118,13.39,3.65935,1.1888,72.7892,0.57132,8.27064,0.0,0.0561,negative
1.52099096,13.68925,3.592,1.12139,71.9604,0.08694,9.40044,0.0,0.0,negative
1.51755118,13.1506,3.60996,1.05077,73.2372,0.57132,8.23836,0.0,0.0,negative
1.51910022,13.90205,3.73119,1.17917,72.1228,0.0621,8.89472,0.0,0.0,negative
1.51793844,13.21045,3.47975,1.41029,72.638,0.58995,8.43204,0.0,0.0,negative
1.51898632,13.58285,3.34954,1.23053,72.078,0.58995,8.90548,0.0,0.0,negative
1.51215232,12.991,3.47077,1.12139,72.9796,0.621,8.34596,0.0,0.1581,negative
1.51976084,13.80895,3.57853,1.32041,71.7196,0.11799,8.66876,0.68985,0.0,negative
1.51761952,13.88875,3.60098,1.35893,72.7276,0.47817,7.82948,0.0,0.0,negative
1.51784732,12.67845,3.66833,1.15991,73.1084,0.60858,8.70104,0.0,0.0,negative
1.51720948,13.3767,3.5022,1.15028,72.8508,0.50301,8.43204,0.0,0.0,negative
1.51746006,12.83805,3.5022,1.14065,73.2708,0.5589,8.5504,0.0,0.0,negative
1.52210718,13.72915,3.83895,0.72014,71.7588,0.16767,9.74476,0.0,0.0,negative
1.51823458,12.8713,3.47975,1.29152,72.9516,0.60237,8.43204,0.0,0.0,negative
1.51919134,14.417,3.57853,1.36856,72.078,0.5589,8.30292,0.0,0.0,negative
1.51761952,12.79815,3.65935,1.26905,73.0076,0.60237,8.56116,0.0,0.0,negative
1.51782454,12.69175,3.53812,1.33967,72.9516,0.57132,8.75484,0.0,0.0,negative
1.51837126,13.1373,2.84217,1.27868,72.8508,0.55269,9.06688,0.0,0.0,negative
1.5215149,13.05085,3.65037,0.87101,72.218,0.19251,9.85236,0.0,0.0867,negative
1.51595658,12.7915,3.60996,1.61894,72.9684,0.63963,8.0662,0.0,0.1326,negative
1.5177562,12.85135,3.47975,1.23053,72.9684,0.60858,8.56116,0.09135,0.1122,negative
1.51777898,13.21045,3.38995,1.33004,72.7612,0.58995,8.59344,0.0,0.0,negative
1.51755118,13.4831,3.74017,1.16954,72.9908,0.58995,8.03392,0.0,0.0,negative
1.5215149,13.05085,3.65037,0.87101,72.3188,0.19251,9.85236,0.0,0.0867,negative
1.515706,12.71835,3.46179,1.56116,73.198,0.67068,8.08772,0.0,0.1224,negative
1.51720948,12.8713,3.47975,1.33004,73.0412,0.5589,8.43204,0.0,0.0,negative
1.51910022,13.88875,3.52914,1.32041,71.8092,0.50922,8.77636,0.11025,0.0,negative
1.51869018,13.1905,3.37199,1.17917,72.722,0.57132,8.83016,0.0,0.0816,negative
1.51755118,12.99765,3.60098,1.35893,72.9908,0.57132,8.39976,0.0,0.0561,negative
1.51761952,12.81145,3.53812,1.23053,73.2372,0.57753,8.389,0.0,0.0,negative
1.51784732,13.7745,3.48873,1.27868,72.862,0.60237,8.48584,0.0,0.0,negative
1.5175284,12.57205,3.47077,1.3814,73.3884,0.60237,8.5504,0.0,0.0306,negative
1.5178701,12.73165,3.43036,1.1888,72.9516,0.621,8.75484,0.0,0.153,negative
1.52101374,13.6427,4.49,1.09892,71.7812,0.0621,8.75484,0.0,0.0,negative
1.51750562,12.8181,3.55159,1.49054,72.75,0.54027,8.51812,0.0,0.0969,negative
1.52666318,13.9885,3.69976,0.71051,71.5684,0.01863,9.82008,0.0,0.051,negative
1.52171992,13.4831,3.74017,0.8999,72.0108,0.18009,9.60488,0.0,0.0357,negative
1.51618438,13.52965,3.55159,1.53869,72.9908,0.39123,7.77568,0.0,0.0,negative
1.51761952,12.61195,3.592,1.31078,73.2876,0.57753,8.4966,0.0,0.0,negative
1.51768786,12.55875,3.52016,1.42955,73.1476,0.57132,8.53964,0.0,0.0,negative
1.51807512,13.4299,2.86911,1.1888,72.8396,0.55269,9.0346,0.0,0.0,negative
1.5215149,13.11735,3.57853,0.8999,72.2012,0.22977,9.82008,0.0,0.0816,negative
1.51748284,12.858,3.56057,1.26905,73.2092,0.54027,8.37824,0.0,0.0867,negative
1.51736894,12.7782,3.61894,1.29152,72.7892,0.58995,8.70104,0.0,0.0,negative
1.51768786,12.65185,3.56057,1.30115,73.0804,0.60858,8.69028,0.0,0.0714,negative
1.51755118,12.7117,3.42138,1.19843,73.198,0.58995,8.63648,0.0,0.0,negative
1.51768786,12.45235,2.71196,1.29152,73.702,0.5589,9.05612,0.0,0.1224,negative
1.51905466,13.6028,3.61894,1.10855,72.638,0.14283,8.75484,0.0,0.0,negative
1.51766508,13.21045,3.69078,1.29152,72.61,0.57132,8.21684,0.0,0.0,negative
1.51566044,13.29025,3.44832,1.21127,72.7388,0.5589,8.57192,0.0,0.0,negative
1.52226664,14.16805,3.81201,0.78113,71.35,0.0,9.69096,0.0,0.0,negative
1.51966972,14.7732,3.74915,0.29,72.022,0.03105,9.00232,0.0,0.0,negative
1.5219705,14.3609,3.84793,0.89027,71.3612,0.14904,9.15296,0.0,0.0,negative
1.5190091,13.48975,3.47975,1.3493,71.9492,0.55269,9.00232,0.0,0.0,negative
1.51848516,13.6427,3.87038,1.26905,71.9604,0.54027,8.32444,0.0,0.1632,negative
1.51818902,13.7225,0.0,0.55964,74.4524,0.0,10.99292,0.0,0.0,negative
1.51663998,12.93115,3.53812,1.61894,72.9572,0.63963,8.03392,0.0,0.1071,negative
1.51709558,12.99765,3.47077,1.78907,72.722,0.65826,8.18456,0.0,0.0,negative
1.51689056,12.6718,2.87809,1.70882,73.2092,0.73278,8.53964,0.0,0.0,negative
1.5266404,11.22875,0.0,0.7715,73.2092,0.0,14.6836,0.0,0.0,negative
1.51850794,13.19715,3.62792,1.07003,72.8284,0.57132,8.41052,0.09135,0.0867,negative
1.51645774,13.40995,3.55159,1.24979,72.8116,0.6831,8.09848,0.0,0.0,negative
1.51629828,12.7117,3.33158,1.49054,73.282,0.67068,8.23836,0.0,0.0,negative
1.52725546,13.8023,3.15198,0.65915,70.5716,0.08073,11.63852,0.0,0.0,negative
1.51871296,12.93115,3.65935,1.56116,72.5092,0.57753,8.5504,0.0,0.0612,negative
1.5162755,12.99765,3.57853,1.53869,72.8284,0.60858,8.04468,0.0,0.0,negative
1.51618438,13.01095,3.5022,1.48091,72.89,0.60237,8.12,0.0,0.0,negative
1.5160477,12.8979,3.43934,1.44881,73.58,0.44091,8.27064,0.0,0.0,negative
1.5170728,13.7225,3.6818,1.81154,72.0612,0.63963,7.88328,0.0,0.0,negative
1.52613924,13.70255,0.0,1.35893,71.238,0.19251,13.43544,0.0,0.051,negative
1.51689056,13.33015,3.53812,1.60931,72.5428,0.6831,8.10924,0.0,0.0,negative
1.5159338,13.25035,3.44832,1.42955,73.17,0.60858,7.86176,0.0,0.0,negative
1.51743728,12.19965,3.25076,1.15991,73.5508,0.621,8.89472,0.0,0.1224,negative
1.52474966,11.4482,0.0,1.87895,72.19,0.8073,13.24176,0.0,0.1734,negative
1.51789288,13.1905,3.90181,1.30115,72.33,0.55269,8.4428,0.0,0.1428,negative
1.51839404,12.85135,3.66833,1.24016,72.5708,0.621,8.67952,0.0,0.1785,negative
1.5159338,13.09075,3.592,1.51943,73.0972,0.67068,7.82948,0.0,0.0,negative
1.5159338,13.09075,3.52016,1.55153,72.8676,0.6831,8.04468,0.0,0.459,negative
1.51588824,13.11735,3.40791,1.58042,73.2596,0.06831,8.389,0.0,0.0969,negative
1.51818902,12.6186,2.76135,0.82928,73.8084,0.34776,9.42196,0.0,0.102,negative
1.51846238,13.0974,3.96916,1.1888,72.442,0.60237,8.43204,0.0,0.0,negative
1.52080872,13.78235,2.28092,1.42955,71.9884,0.49059,9.85236,0.0,0.0867,negative
1.51711836,12.89125,3.61894,1.57079,72.9572,0.60858,8.10924,0.0,0.0,negative
1.51591102,12.858,3.52016,2.1197,72.6604,0.68931,7.96936,0.0,0.0,negative
1.51841682,13.0176,3.61894,1.0604,72.3412,0.63963,9.13144,0.0,0.0765,negative
1.52408904,13.8289,2.90054,1.16954,71.1484,0.08073,10.78848,0.0,0.0,negative
1.51652608,13.5629,3.56955,1.47128,72.4476,0.63963,7.9586,0.0,0.0,negative
1.5184396,13.25035,3.75813,1.32041,72.4028,0.57753,8.42128,0.0,0.0,negative
1.51812068,13.4299,3.97814,1.17917,72.4924,0.57753,8.15228,0.0,0.0,negative
1.51645774,13.4033,3.48873,1.51943,72.6492,0.67068,8.07696,0.0,0.051,negative
1.52222108,14.4274,0.0,0.99941,72.6716,0.09936,11.52016,0.0,0.0408,negative
1.52739214,11.0226,0.0,0.74903,73.0804,0.0,14.96336,0.0,0.0,negative
1.51686778,13.2304,3.53812,1.48091,72.8396,0.5589,8.09848,0.0,0.0,negative
1.5166172,12.85135,3.51118,1.43918,73.0076,0.6831,8.2276,0.5985,0.1275,negative
1.51625272,13.35675,3.57853,1.49054,72.722,0.44712,8.20608,0.0,0.0,negative
1.51859906,13.35675,3.43036,1.42955,72.2628,0.50922,8.6042,0.0,0.0,negative
1.5173006,12.3526,2.72094,1.62857,72.8676,0.70173,9.22828,0.0,0.0,negative
1.5170728,13.4831,3.47975,1.70882,72.5204,0.621,7.99088,0.0,0.0,negative
1.51805234,12.99765,3.79854,1.07966,73.0692,0.5589,8.37824,0.0,0.0612,negative
1.51568322,13.23705,3.48873,1.47128,73.2484,0.37881,8.03392,0.0,0.0,negative
1.51841682,12.93115,3.74017,1.10855,72.2796,0.63963,8.95928,0.0,0.1122,negative
1.53393,12.2994,0.0,0.99941,70.1628,0.11799,16.19,0.0,0.1224,negative
1.5277794,12.63855,0.0,0.66878,72.022,0.0621,14.40384,0.0,0.0,negative
1.52019366,13.98185,1.35149,1.62857,71.7588,0.39123,10.56252,0.0,0.51,negative
1.5163894,12.5521,3.47975,1.86932,73.2316,0.62721,8.07696,0.0,0.459,negative
1.51654886,12.7516,2.85115,1.43918,73.2708,0.57132,8.78712,0.11025,0.1122,negative
1.5167311,13.2969,3.64139,1.52906,72.5316,0.65205,8.03392,0.0,0.1479,negative
1.52176548,13.19715,3.6818,1.15028,72.75,0.54027,8.51812,0.0,0.0,negative
1.5167311,12.8713,3.56057,1.64141,73.142,0.65205,7.99088,0.0,0.0,negative
1.51595658,13.0176,3.56057,1.53869,73.1084,0.72036,7.9048,0.0,0.0,negative
1.51408862,14.24785,3.08912,2.08118,72.2796,1.09917,7.07628,0.0,0.0,negative
1.53124196,10.73,0.0,2.10044,69.81,0.57753,13.29556,3.15,0.1428,negative
1.51846238,13.40995,3.88834,1.33004,72.3804,0.50922,8.2814,0.0,0.0,negative
1.52067204,13.5496,2.08785,1.6703,72.1788,0.52785,9.5726,0.2709,0.0867,negative
1.51659442,12.991,3.17892,1.23053,72.9684,0.57753,8.80864,0.0,0.1224,negative
1.5177562,13.52965,3.40791,1.51943,72.0388,0.57753,8.78712,0.0,0.0,negative
1.51609326,13.33015,3.52914,1.33967,72.6716,0.5589,8.3352,0.0,0.0,negative
1.51663998,13.1373,3.44832,1.76018,72.4812,0.60237,8.37824,0.0,0.0867,negative
1.52121876,14.0284,3.75813,0.5789,71.7924,0.11178,9.64792,0.0,0.0,negative
1.51645774,13.03755,3.39893,1.25942,73.0076,0.52164,8.58268,0.0,0.0,negative
1.52210718,14.188,3.78058,0.90953,71.3612,0.22977,9.1422,0.0,0.1887,negative
1.51693612,12.858,3.57853,1.31078,72.61,0.60858,8.78712,0.0,0.0,negative
1.51777898,13.6427,3.65037,0.64952,73.002,0.0621,8.927,0.0,0.0,negative
1.51796122,13.50305,3.35852,1.62857,71.938,0.57132,8.80864,0.0,0.459,negative
1.51609326,13.42325,3.39893,1.2209,72.6884,0.58995,8.32444,0.0,0.0,negative
1.5193508,13.6427,3.53812,0.74903,72.6492,0.16146,8.89472,0.1512,0.1224,negative
1.51768786,13.64935,3.65935,1.10855,72.7724,0.11178,8.6042,0.0,0.0,negative
1.5183257,13.33015,3.34056,1.53869,72.1396,0.5589,8.99156,0.0,0.0,negative
1.51670832,13.23705,3.56955,1.3814,72.6996,0.5589,8.4428,0.0,0.051,negative
1.52126432,14.321,3.90181,0.82928,71.5012,0.0,9.48652,0.0,0.0,negative
1.51643496,12.15975,3.52016,1.3493,72.89,0.57132,8.52888,0.0,0.0,negative
1.5196925,12.63855,0.0,1.65104,73.7524,0.37881,11.53092,0.0,0.0,negative
1.51914578,12.73165,1.84988,1.85969,72.6884,0.60237,10.08908,0.0,0.0,negative
1.5151365,14.00845,2.68053,3.5,69.8884,1.68291,5.87116,2.1987,0.0,negative
1.51315464,13.0176,0.0,3.04097,70.482,6.21,6.95792,0.0,0.0,negative
1.52119598,12.97105,0.32777,1.5098,73.3884,0.13041,11.27268,0.0,0.1428,negative
1.5215149,11.02925,1.71069,1.56116,73.4388,0.57753,11.617,0.0,0.0,negative
1.523679,13.4432,0.0,1.58042,72.218,0.32292,12.24108,0.0,0.0,negative
1.52042146,13.3767,0.0,1.40066,72.2516,0.32913,12.49932,0.0,0.0,negative
1.51994308,13.2703,0.0,1.76018,73.03,0.47196,11.31572,0.0,0.0,negative
1.52058092,12.85135,1.61191,2.17106,72.1788,0.75762,9.70172,0.2394,0.2601,negative
1.52171992,11.56125,1.88131,1.56116,72.862,0.47196,11.41256,0.0,0.0,negative
1.5196925,14.5604,0.0,0.55964,73.478,0.0,11.21888,0.0,0.0,positive
1.51115,17.38,0.0,0.34136,75.41,0.0,6.64588,0.0,0.0,positive
1.51937358,13.789,2.41113,1.1888,72.7612,0.0,9.76628,0.0,0.0,positive
1.51828014,14.46065,2.24051,1.61894,72.3804,0.0,9.26056,0.0,0.0,positive
1.51853072,14.08825,2.19112,1.66067,72.6716,0.0,9.32512,0.0,0.0,positive
1.51299518,14.4008,1.74212,1.53869,74.5476,0.0,7.59276,0.0,0.0,positive
1.51887242,14.99265,0.78126,1.74092,72.498,0.0,9.9492,0.0,0.0,positive
1.51916856,14.1481,0.0,2.09081,72.7388,0.0,10.88532,0.0,0.0,positive
1.51613882,13.8821,1.77804,1.78907,73.0972,0.0,8.66876,0.75915,0.0,negative
1.51509094,15.15225,0.0,2.25131,73.5004,0.0,8.3352,0.63,0.0,negative
1.51652608,11.94695,0.0,1.1888,75.1804,2.70135,8.927,0.0,0.0,negative
1.52064926,14.3609,0.0,2.02019,73.422,0.0,8.4428,1.64115,0.0,negative
1.51556932,13.8688,0.0,2.54021,73.2316,0.14283,9.4112,0.80955,0.0051,negative
1.5163894,14.36755,0.0,2.73923,72.8508,0.0,9.45424,0.53865,0.0,negative
1.51545542,14.14145,0.0,2.68145,73.3884,0.08073,9.06688,0.6111,0.0255,negative
1.5165033,14.38085,0.0,1.93994,73.6124,0.0,8.47508,1.5687,0.0,negative
1.51682222,14.5604,0.0,1.97846,73.2876,0.0,8.51812,1.5687,0.0357,negative
1.51645774,14.93945,0.0,1.86932,73.1084,0.0,8.66876,1.3797,0.0,negative
1.5151365,14.853,0.0,2.42144,73.7188,0.0,8.389,0.5607,0.0,negative
1.516845,14.9195,0.0,1.9913,73.58,0.0,8.39976,1.59075,0.0,negative
1.51622994,14.2013,0.0,2.79059,73.4612,0.03726,9.04536,0.40005,0.459,negative
1.51531874,14.38085,0.0,2.65898,73.0972,0.03726,9.07764,0.63945,0.0,negative
1.51609326,15.126,0.0,2.51132,73.0524,0.04968,8.83016,0.5292,0.0,negative
1.51727782,14.70005,0.0,2.34119,73.282,0.0,8.94852,0.6615,0.0,negative
1.51837126,14.321,3.25974,2.21921,71.2492,1.45935,5.78508,1.62855,0.0,negative
1.51657164,14.7998,0.0,1.9913,73.1084,0.0,8.2814,1.71045,0.0,negative
1.51732338,14.95275,0.0,1.7987,72.9908,0.0,8.61496,1.5498,0.0,negative
1.5188024413829315,14.807432963779252,1.0699929618378856,1.7244851623654192,72.53355249611668,0.0,9.821391234006363,0.0,0.0,positive
1.516612915290808,14.196533900370687,2.0355625811344162,1.6184096571197686,73.3215459193582,0.0,8.72493859655683,0.0,0.0,positive
1.519255343796039,13.996095019229278,1.02061756971793,1.7089943143831854,72.74828179217283,0.0,10.411636753880067,0.0,0.0,positive
1.5187585747677115,14.691328290659616,1.2509873608255577,1.714182862478366,72.55583884204057,0.0,9.741273360940792,0.0,0.0,positive
1.519258756410867,14.064775028054388,2.0377013081252806,1.3152993216378424,72.70089676618294,0.0,9.808189831040343,0.0,0.0,positive
1.5189101609838231,14.242455667606697,1.47549335082837,1.3010701562956664,72.93497276365146,0.0,9.943627942575151,0.0,0.0,positive
1.5189889409006394,14.025266142710638,2.3511110477640305,1.340110233939632,72.62724608479981,0.0,9.5883830094668,0.0,0.0,positive
1.5193386403001463,13.8729156551378,2.2974992860553747,1.2272925115396358,72.74285031327025,0.0,9.779032753406561,0.0,0.0,positive
1.5178901403364884,13.931287781596705,2.2555367525890633,1.2701747497595144,73.17666729820914,0.0,9.2607792823536,0.0,0.0,positive
1.5192941511947067,13.928122446497087,1.4770105223544336,1.5382565245470288,72.75252179670973,0.0,10.19981824151518,0.0,0.0,positive
1.5154675865029212,14.261201938656747,1.9426624077527457,1.5931714318433852,73.70969898230702,0.0,8.36650531290545,0.0,0.0,positive
1.5189996459202368,14.687087946178519,1.1950234899364571,1.6007572274698494,72.56481670964634,0.0,9.90276340224731,0.0,0.0,positive
1.5196320563105923,14.41419950454955,0.45697225900368166,0.6788822915706563,73.34214763399159,0.0,10.943574270558308,0.0,0.0,positive
1.5187815714056334,14.911047629156876,1.0050913151368928,1.722209742113827,72.47996158118205,0.0,9.843570946132692,0.0,0.0,positive
1.518667586421378,14.450503413796504,1.6264068222300538,1.6928137820181,72.60206528899262,0.0,9.575092479524681,0.0,0.0,positive
1.513773956162572,14.326101759647939,1.8238033438671661,1.495969883431215,74.32948797553952,0.0,7.858137769483511,0.0,0.0,positive
1.51899497552489,14.643138726460815,0.4579408625123162,1.8857195968250846,72.59765344226895,0.0,10.336606895252503,0.0,0.0,positive
1.5189207935520943,13.949757829931157,2.2929400913511984,1.4422897149861829,72.71306666144751,0.0,9.529287771921707,0.0,0.0,positive
1.5191292987339142,13.939050768552882,2.3730124355981643,1.2848959392322445,72.6761269222587,0.0,9.653299020810595,0.0,0.0,positive
1.5195584640288942,14.454924123207032,0.0,0.9513487030538117,73.28889554177695,0.0,11.133547636519374,0.0,0.0,positive
1.5183107163564071,14.415208882887423,2.234483316932894,1.6240319919900856,72.41593290360682,0.0,9.268437761871073,0.0,0.0,positive
1.519057600819287,14.464540116401123,0.2927263102712,1.9597115069236999,72.6485758806117,0.0,10.534569989029164,0.0,0.0,positive
1.51542603311454,14.263548143641005,1.9392919197094498,1.5922557700805315,73.72378146687099,0.0,8.353501084249137,0.0,0.0,positive
1.5189858493519777,14.669165299477209,0.4820170219283218,1.8749370053471308,72.59023268709477,0.0,10.30775840134201,0.0,0.0,positive
1.518715709541798,14.022571096762121,2.239407436930211,1.5571047399470086,72.69126526225602,0.0,9.42194507920609,0.0,0.0,positive
1.5193517057575368,13.841535980406729,2.3399907000494213,1.2128985049658645,72.74971205080958,0.0,9.77426395009845,0.0,0.0,positive
1.5195015119630817,14.482782033060547,0.3602039176540851,0.7406411863588838,73.34543380590918,0.0,10.907559866416902,0.0,0.0,positive
1.5184501194126347,14.356239449356027,2.267033528848172,1.5520730987061733,72.43959681037032,0.0,9.339176100158818,0.0,0.0,positive
1.5183408411252313,14.515173196162351,2.0909555375941493,1.631441389977225,72.39245249599378,0.0,9.331136792866996,0.0,0.0,positive
1.5133831674690494,14.37889328747487,1.7735905292714231,1.5472396106025126,74.41611066166328,0.0,7.714181572580496,0.0,0.0,positive
1.5192208148021593,14.05657381008972,0.6145406356958328,1.8609087508744868,72.74450923601779,0.0,10.600102880653857,0.0,0.0,positive
1.518430625112549,14.237006229893565,2.210848974743403,1.6440008338521523,72.55527933903059,0.0,9.299331325988376,0.0,0.0,positive
1.518404419720032,14.384310672776202,2.259902564596031,1.570050551310885,72.42368149453856,0.0,9.318039825152415,0.0,0.0,positive
1.519633685975498,14.418141319137094,0.4446515078934103,0.6756673161157707,73.34581044536877,0.0,10.950996982341904,0.0,0.0,positive
1.519131939054772,13.937428940648244,2.373424430353006,1.2838572836007383,72.67704643698526,0.0,9.654520178866031,0.0,0.0,positive
1.5191424789862398,14.22247941571987,0.06880547312214402,2.0599952302809474,72.7175927733049,0.0,10.802876025524023,0.0,0.0,positive
1.5176915608457313,14.453984582970735,2.1850049508234735,1.6100026613768008,72.62175825874388,0.0,9.074819272825277,0.0,0.0,positive
1.5193144789084616,13.892517715205528,1.7160738355235166,1.448822317718013,72.75474275460707,0.0,10.088865530558603,0.0,0.0,positive
1.518288238780342,14.448613980367899,2.2389137083522304,1.6202887193857347,72.38981162437396,0.0,9.262646588151043,0.0,0.0,positive
1.519182671510777,13.856780373252896,2.361297552483309,1.2956789464556202,72.7409055256693,0.0,9.666356894020893,0.0,0.0,positive
1.5196034686118196,14.524217443983092,0.16791342187814276,0.6440158967516574,73.41620266192515,0.0,11.073754346536953,0.0,0.0,positive
1.5183264483287562,14.391828778718025,2.231382502365422,1.6266518946404318,72.43421509032575,0.0,9.272490982937606,0.0,0.0,positive
1.5193715232705038,13.793939704800922,2.4044411148059006,1.1910658661693057,72.76011984355618,0.0,9.767030692312703,0.0,0.0,positive
1.5175928406993529,14.141204937624376,2.115046517378516,1.6400030881733438,72.98944822583051,0.0,9.03160851146068,0.0,0.0,positive
1.5192273466115969,14.194360487768437,0.0,1.9190111373844339,72.82173900693289,0.0,10.922745778074315,0.0,0.0,positive
1.5140640299303791,14.34045014330309,1.8288168026137006,1.562242953191134,74.18536569776548,0.0,7.927259048944032,0.0,0.0,positive
1.5187377483774351,14.014746402786413,2.2451601885479078,1.5447664330253117,72.6936080946043,0.0,9.433480390799486,0.0,0.0,positive
1.5195736919897869,14.273028561776075,0.8982238732756702,0.7940224398145769,73.21096882691351,0.0,10.677739539585076,0.0,0.0,positive
1.5183778135506643,14.548382709112975,1.9998634665918997,1.6390558568751894,72.39979354622497,0.0,9.374124384969097,0.0,0.0,positive
1.51872405361318,14.85938377830052,1.1468027331108368,1.7103639591674766,72.46854115099275,0.0,9.776695393024193,0.0,0.0,positive
1.5177118553460025,14.134485082323847,2.124700060907351,1.6426256699988389,72.94911404395948,0.0,9.068854419406366,0.0,0.0,positive
1.5191595312294106,14.173848795168842,0.023819198050571803,2.0801424895605627,72.73145844547196,0.0,10.856779401890407,0.0,0.0,positive
1.5131711721593766,14.390863056284816,1.7563951167113028,1.5425681263617923,74.48795608251581,0.0,7.6478371518619,0.0,0.0,positive
1.5193180551267595,13.922355642261595,2.230552289990524,1.2499708696094978,72.73203935941241,0.0,9.786546202037545,0.0,0.0,positive
1.5196107678516295,14.362707226724902,0.6179193368249772,0.7208798045550437,73.2943000001509,0.0,10.846610720171885,0.0,0.0,positive
1.5184789764115307,14.16514884406541,2.2013188021170533,1.6520529517646363,72.61146857306163,0.0,9.31178866441229,0.0,0.0,positive
1.51932466615518,13.906477750254426,2.252052642955026,1.242687604760914,72.73551134975536,0.0,9.784133221515008,0.0,0.0,positive
1.516769793067819,14.038748658771521,2.1380271065630345,1.3316319029381622,73.49044322332371,0.0,8.879006863659567,0.0,0.0,positive
1.5188968409669141,14.122603975714616,0.9334143480733109,1.9075709041584878,72.7101728850129,0.0,10.22067677376685,0.0,0.0,positive
1.5186934121815394,14.518858162084278,1.5198492974390316,1.6988790944352756,72.5889445633151,0.0,9.622260581372796,0.0,0.0,positive
1.5187631505370833,14.0057275903208,2.251790861665901,1.5305451897900615,72.69630846418465,0.0,9.446776094416293,0.0,0.0,positive
1.5194406407066436,14.693150682315384,0.23993706897794548,0.9224294181735497,73.1770267931311,0.0,10.828941570104808,0.0,0.0,positive
1.517168987904479,14.448066659176808,2.1357245157415132,1.6020676006506078,72.83604939401872,0.0,8.909908440686403,0.0,0.0,positive
1.5189936642561983,14.64687828198729,0.4614001783025159,1.8841703302533506,72.59658721176658,0.0,10.332461879895872,0.0,0.0,positive
1.5134134961180639,14.377180858470748,1.7760505536606441,1.5479079263597446,74.4058322524112,0.0,7.723672993183861,0.0,0.0,positive
1.518765110169678,14.110243370837876,1.385938467664377,1.8187356396358232,72.6962943111162,0.0,9.898454288742762,0.0,0.0,positive
1.518398975969263,14.284041671507612,2.2170871070240628,1.6387301867561421,72.51849974558803,0.0,9.291177168870753,0.0,0.0,positive
1.5192453503638996,13.834526799946632,2.3776584836883594,1.2605885750737418,72.74756858387563,0.0,9.69916353194835,0.0,0.0,positive
1.519610144827687,14.495592889367838,0.0,0.8003159728029267,73.3618093228734,0.0,11.166449585684056,0.0,0.0,positive
1.5183509528044021,14.355411400114182,2.2265526035221255,1.6307327142138432,72.46269183750469,0.0,9.278804371666563,0.0,0.0,positive
1.5189728936889824,14.706113044404457,0.5161959280935731,1.8596298637064994,72.57969806276408,0.0,10.266804611772066,0.0,0.0,positive
1.5146589053532504,14.56834052077528,1.4701203636189326,1.5959371395055921,73.96740053834415,0.0,8.259819533286642,0.0,0.0,positive
1.519255508524992,14.216521721674617,0.0,1.836710345436517,72.86147120218743,0.0,10.94067471618187,0.0,0.0,positive
1.5133042265029677,14.38335048567935,1.7671874513836898,1.545500084008424,74.44286383341692,0.0,7.6894768153208215,0.0,0.0,positive
1.519362592987022,13.808244153547697,2.281917647052468,1.237138677085932,72.7599995849639,0.0,9.826249305446993,0.0,0.0,positive
1.5194465910780468,13.965598349446033,1.8591445471871728,1.044764975969061,72.92529864776111,0.0,10.098827008562754,0.0,0.0,positive
1.5135602708423372,14.407199421549809,1.795410020153868,1.5472706780179135,74.31587357756483,0.0,7.771088408701261,0.0,0.0,positive
1.5188225633881975,14.947867604040491,0.9040959235035974,1.7306520363549982,72.48810073352475,0.0,9.89123205046324,0.0,0.0,positive
1.5149619280203876,14.289752641698522,1.901647320036358,1.5820288474343762,73.88106714390155,0.0,8.2082583254748,0.0,0.0,positive
1.5185544899661951,14.090480390813973,2.1094649637375174,1.6766997461106397,72.67410429845779,0.0,9.383262953182266,0.0,0.0,positive
1.5188905877436722,13.960482135474534,2.285055531743519,1.4592002515166844,72.70985564130821,0.0,9.51347779820904,0.0,0.0,positive
1.5192915399303302,13.818127602269286,2.3897152505421366,1.2347296296835695,72.75247875300475,0.0,9.723339538789913,0.0,0.0,positive
1.5192941970749265,14.398528797127355,0.7512003177767854,0.9371154855424505,73.20153502489357,0.0,10.56962614179371,0.0,0.0,positive
1.5183926874190563,14.391517286719692,2.258071860403314,1.5746658314741442,72.41959561857685,0.0,9.312613593032259,0.0,0.0,positive
1.5190333209823328,14.533782826942751,0.35678001939174037,1.9310248311893914,72.62883324287749,0.0,10.457819664960454,0.0,0.0,positive
1.5165545839052177,14.759239199573795,1.1601990921644396,1.661165558553364,73.30631084996799,0.0,9.0198791474929,0.0,0.0,positive
1.519124030979047,14.275090560700185,0.11747397484178222,2.038198873028964,72.70259216503865,0.0,10.744560537940137,0.0,0.0,positive
1.5192441542623678,13.83495146523314,2.3773462677829804,1.2612582051781516,72.74744143263194,0.0,9.698537482365072,0.0,0.0,positive
1.5185617447166593,14.28767314901201,2.2844515027403722,1.5081616739611787,72.478471294359,0.0,9.390803211615642,0.0,0.0,positive
1.519421727468291,13.905458538316475,2.0471208277275057,1.0938154861716447,72.86941555647556,0.0,9.985579549855473,0.0,0.0,positive
1.519274500158898,13.849860198342837,2.395669615809938,1.2277762610216456,72.72669458270089,0.0,9.720455211038576,0.0,0.0,positive
1.5186152341045427,14.311939072720218,1.8424133701179484,1.6805185715234383,72.62866277861097,0.0,9.479476342882833,0.0,0.0,positive
1.5181756109017046,13.90390616680312,2.285478848229887,1.254515133544857,73.09671548933817,0.0,9.358056966868395,0.0,0.0,positive
1.5191207463597038,14.143613535727253,0.16425031908604432,2.0585659274473005,72.7337625664306,0.0,10.768364585491417,0.0,0.0,positive
1.5187370085311749,14.634247505398427,1.3399700188400843,1.7091179210617249,72.56679552527956,0.0,9.701884842071042,0.0,0.0,positive
1.5183172295891547,14.437867567899595,2.2462974466834975,1.6043496101486365,72.39331677234249,0.0,9.277714070664508,0.0,0.0,positive
1.5191968677782441,14.358973952467727,0.9347636159460223,1.0293553894195886,73.13397804780254,0.0,10.410974478926788,0.0,0.0,positive
1.5184515101316016,14.205967914404594,2.2067324806456576,1.647478892137208,72.5795499015182,0.0,9.304712189704725,0.0,0.0,positive
1.5190925567240774,14.463941467922718,1.4971875330675861,1.498398872819749,72.61361175228907,0.0,9.868851589176607,0.0,0.0,positive
1.5141332053424423,14.413687669300272,1.8494397243535963,1.5559704588362047,74.0809307116533,0.0,7.951892077844516,0.0,0.0,positive
1.5190093206570725,14.602228409094947,0.42009633637975047,1.9026683990785258,72.60931788418677,0.0,10.381952897611791,0.0,0.0,positive
1.5192876864452394,13.819495748122005,2.388709383310535,1.2368869796702786,72.75206910933423,0.0,9.72132259234251,0.0,0.0,positive
1.5192315649869679,14.03774446970947,0.7409677798646728,1.8136120276319678,72.74568377576861,0.0,10.54142623053101,0.0,0.0,positive
1.518615990800344,14.122904244678377,2.0302990562327965,1.579858048251121,72.73078708653742,0.0,9.46411570560653,0.0,0.0,positive
1.5146632238739566,14.419689911343946,1.8994223043393323,1.5640185778671951,73.86358636817712,0.0,8.119152550366458,0.0,0.0,positive
1.518900295427776,14.925700804847647,0.8719163242661608,1.7102100846363006,72.51263966116737,0.0,9.939025657975932,0.0,0.0,positive
1.514444830952474,14.417216701262745,1.8788270967809544,1.5607023688610757,73.95314260690687,0.0,8.050233255906571,0.0,0.0,positive
1.5192652697299995,13.97870938424129,1.1373511427855696,1.6653239812851186,72.74936627622667,0.0,10.357459029076507,0.0,0.0,positive
1.5185975528222675,14.265140852967036,1.9153666409065633,1.676366031568559,72.63764571862552,0.0,9.447183294471104,0.0,0.0,positive
1.5193067794143773,13.906003659628608,1.6255242248946669,1.4826971624104721,72.75390152610504,0.0,10.130890903009739,0.0,0.0,positive
1.5196559604458408,14.472018549861161,0.27624989094277436,0.631724616501622,73.39587422419041,0.0,11.052451565372472,0.0,0.0,positive
1.5182935875648387,14.440664872910942,2.2378594483702243,1.6211794719479762,72.39602746779896,0.0,9.264024661130154,0.0,0.0,positive
1.5190722257354077,14.422831894243993,0.25414367378729774,1.9769908744573668,72.66046782294245,0.0,10.58080040869139,0.0,0.0,positive
1.5144883807160927,14.55116834361358,1.4979991473438445,1.5900695558485671,74.02686846824298,0.0,8.191448822547583,0.0,0.0,positive
1.51883791160239,14.117074497370886,1.1358496127101578,1.8678307234605374,72.70396434792521,0.0,10.076531542156346,0.0,0.0,positive
1.5188638829940802,14.970054541545968,0.8164838313312708,1.7389150403129854,72.5023372087435,0.0,9.93360803437418,0.0,0.0,positive
1.5190739625701137,13.895376522665007,2.3329214828687452,1.3565389799496623,72.72934925169328,0.0,9.609457721841624,0.0,0.0,positive
1.5193760096674944,14.311346741817685,0.0,1.484556025542119,73.03148006682423,0.0,11.017390296387841,0.0,0.0,positive
1.5185514200110042,14.704320165891588,1.5721346436516899,1.6748100880365715,72.43426393140761,0.0,9.575975456841322,0.0,0.0,positive
1.5186625324009362,14.43712660347307,1.647259796359418,1.6916268193594803,72.60463297394635,0.0,9.565861829605787,0.0,0.0,positive
1.5146642928565877,14.419702017132915,1.8995231130972956,1.5640348099401231,73.8631480111871,0.0,8.119489894307009,0.0,0.0,positive
1.5190199166055178,14.572010241135647,0.3921426972821451,1.9151875332769503,72.61793375636083,0.0,10.415447458490435,0.0,0.0,positive
1.5184758148716853,14.169847373231814,2.2019419502253474,1.6515264490199688,72.60779453521722,0.0,9.310974118109973,0.0,0.0,positive
1.5190625310214432,14.536055038390394,1.399538095857308,1.5314777117900589,72.59784280637697,0.0,9.87981076693588,0.0,0.0,positive
1.5195671677874747,14.257247896833313,0.9475487820952729,0.8068932761580927,73.19630512373621,0.0,10.64802344690183,0.0,0.0,positive
1.5175887592536708,14.452820397189797,2.1753104052702312,1.6084416603923355,72.66391403860099,0.0,9.042377684764325,0.0,0.0,positive
1.518866111359977,14.98698342930339,0.7968031264831329,1.7396207362902776,72.49674738963549,0.0,9.941864986382495,0.0,0.0,positive
1.5173053175397018,13.987382505520259,2.194196557668996,1.3022554672384494,73.34045875753742,0.0,9.061493560970264,0.0,0.0,positive
1.519350051021407,14.290919307795086,0.0,1.560417956544745,72.99485634810121,0.0,11.00086404149437,0.0,0.0,positive
1.5189092154730164,13.953868524665832,2.2899178893509453,1.448771631525701,72.71183585694216,0.0,9.523227708131735,0.0,0.0,positive
1.5188764188409272,14.98304587181339,0.7942650101005346,1.7365145405604698,72.50010011759126,0.0,9.947740450190757,0.0,0.0,positive
1.5195564190804771,14.50509640882723,0.2566489562437329,0.6886051868875449,73.38354523790802,0.0,10.997061237277679,0.0,0.0,positive
1.518512685116397,14.115052580627914,2.1946747246434284,1.6576665851514425,72.65064159108795,0.0,9.320473451650543,0.0,0.0,positive
1.5188356803558747,14.895408752862703,0.9328483952775182,1.7322915058792925,72.51666550254649,0.0,9.882098808587523,0.0,0.0,positive
1.5173974465430036,13.97854572447485,2.2038596745163126,1.2972016893372107,73.3146561657435,0.0,9.092887677246523,0.0,0.0,positive
1.5192023884061223,14.088848314122696,0.39783769804885283,1.94197788310168,72.74249601159468,0.0,10.700677820762635,0.0,0.0,positive
1.514573273444752,14.3116970206778,1.8701226802612954,1.5734645366108526,74.01278256532252,0.0,8.086627980350686,0.0,0.0,positive
1.5189806571067732,14.732693910990916,1.1332681674849292,1.6216769012057533,72.55484413461322,0.0,9.909694190336442,0.0,0.0,positive
1.5195274227272915,14.647409378509671,0.15726303540651415,0.7974247047909877,73.28073177341936,0.0,10.963300895995005,0.0,0.0,positive
1.5145136501620975,14.417996050528583,1.885316986181119,1.5617473609844394,73.92492195980714,0.0,8.071950861680351,0.0,0.0,positive
1.5188455562863463,14.921548031523963,0.89210013851794,1.7346109188741685,72.51164805586846,0.0,9.900136182566866,0.0,0.0,positive
1.5156108162607866,14.430421005685583,1.9887835425837512,1.5784073885759065,73.47500779412206,0.0,8.41818879335697,0.0,0.0,positive
1.5187462225695643,14.10847110370692,1.4508215078645814,1.8059984135086755,72.6943043971446,0.0,9.852253934896163,0.0,0.0,positive
1.518347658397091,14.360307390547243,2.227201940169518,1.6301840845662285,72.45886339385778,0.0,9.277955593088802,0.0,0.0,positive
1.5193724867235376,13.790914913557547,2.3982725632804005,1.1936100004958032,72.76108055120109,0.0,9.772247320711326,0.0,0.0,positive
1.5193130246585955,14.760414896500345,0.36151217591639184,1.1062532954029587,73.02452493101136,0.0,10.631361402455617,0.0,0.0,positive
1.514635901467,14.419380496314057,1.896845706899963,1.563603698065214,73.87479044925942,0.0,8.110530288263726,0.0,0.0,positive
1.5191932041213327,14.222213796707255,1.824512485905991,1.3875172362713495,72.66646991127541,0.0,9.832115971996586,0.0,0.0,positive
1.5149104359925607,14.593670166812483,1.4289980459855665,1.6045920593638394,73.8796829705181,0.0,8.360669057841696,0.0,0.0,positive
1.519259422006744,14.219601327213958,0.0,1.8252735285224442,72.86699253232247,0.0,10.943166186527984,0.0,0.0,positive
1.517570104572097,14.142488674454723,2.1132023393691557,1.6395020796352997,72.99715352192308,0.0,9.024493188039088,0.0,0.0,positive
1.5191371537560474,14.356831527921821,1.6422257733444616,1.449267032107503,72.63703329194615,0.0,9.852573975065392,0.0,0.0,positive
1.5188819512113936,14.987626263139026,0.7721799660844328,1.7271908157799185,72.50938984875363,0.0,9.963956595066836,0.0,0.0,positive
1.5191123115521783,13.949485214533404,2.370361761626309,1.2915783967533665,72.67021098832082,0.0,9.645442387115562,0.0,0.0,positive
1.5185303969102535,14.685436716172951,1.6239310233545508,1.6704803827796553,72.43008969515402,0.0,9.551532038017559,0.0,0.0,positive
1.5139407207742646,14.496017875609708,1.5875351424206399,1.5712251203591303,74.21785672408608,0.0,7.971868238238981,0.0,0.0,positive
