@relation ecoli-0-1-3-7_vs_2-6
@attribute Mcg real [0.0, 89.0]
@attribute Gvh real [1.0, 88.0]
@attribute Lip real [1.0, 48.0]
@attribute Chg real [1.0, 5.0]
@attribute Aac real [0.0, 88.0]
@attribute Alm1 real [1.0, 94.0]
@attribute Alm2 real [0.0, 99.0]
@attribute Class {positive, negative}
@data
7.0,4.0,48.0,5.0,54.0,35.0,44.0,negative
56.0,4.0,48.0,5.0,49.0,37.0,46.0,negative
59.0,49.0,48.0,5.0,52.0,45.0,36.0,negative
23.0,32.0,48.0,5.0,55.0,25.0,35.0,negative
67.0,39.0,48.0,5.0,36.0,38.0,46.0,negative
29.0,28.0,48.0,5.0,44.0,23.0,34.0,negative
21.0,34.0,48.0,5.0,51.0,28.0,39.0,negative
2.0,44.0,48.0,5.0,46.0,51.0,57.0,negative
42.0,4.0,48.0,5.0,56.0,18.0,3.0,negative
42.0,24.0,48.0,5.0,57.0,27.0,37.0,negative
39.0,32.0,48.0,5.0,46.0,24.0,35.0,negative
22.0,43.0,48.0,5.0,48.0,16.0,28.0,negative
25.0,4.0,48.0,5.0,46.0,44.0,52.0,negative
44.0,27.0,48.0,5.0,55.0,52.0,58.0,negative
41.0,57.0,48.0,5.0,39.0,21.0,32.0,negative
4.0,45.0,48.0,5.0,38.0,22.0,0.0,negative
31.0,23.0,48.0,5.0,73.0,5.0,14.0,negative
51.0,54.0,48.0,5.0,41.0,34.0,43.0,negative
3.0,16.0,48.0,5.0,56.0,11.0,23.0,negative
36.0,39.0,48.0,5.0,48.0,22.0,23.0,negative
29.0,37.0,48.0,5.0,48.0,44.0,52.0,negative
25.0,4.0,48.0,5.0,47.0,33.0,42.0,negative
21.0,51.0,48.0,5.0,5.0,32.0,41.0,negative
53.0,38.0,48.0,5.0,44.0,26.0,36.0,negative
56.0,51.0,48.0,5.0,34.0,37.0,46.0,negative
24.0,35.0,48.0,5.0,31.0,19.0,31.0,negative
36.0,54.0,48.0,5.0,41.0,38.0,46.0,negative
32.0,42.0,48.0,5.0,35.0,28.0,38.0,negative
38.0,46.0,48.0,5.0,48.0,22.0,29.0,negative
4.0,5.0,48.0,5.0,45.0,39.0,47.0,negative
28.0,38.0,48.0,5.0,5.0,33.0,42.0,negative
61.0,45.0,48.0,5.0,48.0,35.0,41.0,negative
17.0,38.0,48.0,5.0,45.0,42.0,5.0,negative
44.0,35.0,48.0,5.0,55.0,55.0,61.0,negative
43.0,4.0,48.0,5.0,39.0,28.0,39.0,negative
23.0,33.0,48.0,5.0,43.0,33.0,43.0,negative
29.0,3.0,48.0,5.0,45.0,3.0,17.0,negative
22.0,36.0,48.0,5.0,35.0,39.0,47.0,negative
23.0,58.0,48.0,5.0,37.0,53.0,59.0,negative
47.0,47.0,48.0,5.0,22.0,16.0,26.0,negative
54.0,47.0,48.0,5.0,28.0,33.0,42.0,negative
51.0,37.0,48.0,5.0,35.0,36.0,45.0,negative
4.0,35.0,48.0,5.0,45.0,33.0,42.0,negative
44.0,34.0,48.0,5.0,3.0,33.0,43.0,negative
42.0,38.0,48.0,5.0,54.0,34.0,43.0,negative
44.0,56.0,48.0,5.0,5.0,46.0,54.0,negative
52.0,36.0,48.0,5.0,41.0,28.0,38.0,negative
18.0,3.0,48.0,5.0,46.0,24.0,35.0,negative
47.0,29.0,48.0,5.0,51.0,33.0,43.0,negative
24.0,43.0,48.0,5.0,54.0,52.0,59.0,negative
25.0,37.0,48.0,5.0,41.0,33.0,42.0,negative
52.0,57.0,48.0,5.0,42.0,47.0,54.0,negative
25.0,37.0,48.0,5.0,43.0,26.0,36.0,negative
35.0,48.0,48.0,5.0,56.0,4.0,48.0,negative
26.0,26.0,48.0,5.0,34.0,25.0,35.0,negative
37.0,5.0,48.0,5.0,42.0,36.0,45.0,negative
44.0,42.0,48.0,5.0,42.0,25.0,2.0,negative
24.0,43.0,48.0,5.0,37.0,28.0,38.0,negative
42.0,3.0,48.0,5.0,48.0,26.0,36.0,negative
48.0,42.0,48.0,5.0,45.0,25.0,35.0,negative
41.0,48.0,48.0,5.0,51.0,44.0,51.0,negative
29.0,41.0,48.0,5.0,48.0,38.0,46.0,negative
34.0,28.0,48.0,5.0,41.0,35.0,44.0,negative
41.0,43.0,48.0,5.0,45.0,31.0,41.0,negative
29.0,47.0,48.0,5.0,41.0,23.0,34.0,negative
34.0,55.0,48.0,5.0,58.0,31.0,41.0,negative
36.0,56.0,48.0,5.0,43.0,45.0,53.0,negative
4.0,46.0,48.0,5.0,52.0,49.0,56.0,negative
5.0,49.0,48.0,5.0,49.0,46.0,53.0,negative
52.0,44.0,48.0,5.0,37.0,36.0,42.0,negative
5.0,51.0,48.0,5.0,27.0,23.0,34.0,negative
53.0,42.0,48.0,5.0,16.0,29.0,39.0,negative
4.0,42.0,48.0,5.0,37.0,27.0,27.0,negative
3.0,45.0,48.0,5.0,36.0,21.0,32.0,negative
64.0,76.0,48.0,5.0,45.0,35.0,38.0,negative
35.0,37.0,48.0,5.0,3.0,34.0,43.0,negative
65.0,55.0,48.0,5.0,34.0,37.0,28.0,negative
51.0,46.0,48.0,5.0,58.0,31.0,41.0,negative
38.0,4.0,48.0,5.0,63.0,25.0,35.0,negative
38.0,26.0,48.0,5.0,54.0,16.0,28.0,negative
33.0,47.0,48.0,5.0,53.0,18.0,29.0,negative
24.0,34.0,48.0,5.0,38.0,3.0,4.0,negative
26.0,5.0,48.0,5.0,44.0,32.0,41.0,negative
43.0,32.0,48.0,5.0,33.0,45.0,52.0,negative
49.0,43.0,48.0,5.0,49.0,3.0,4.0,negative
32.0,33.0,48.0,5.0,6.0,6.0,2.0,negative
34.0,35.0,48.0,5.0,51.0,49.0,56.0,negative
35.0,34.0,48.0,5.0,46.0,3.0,27.0,negative
38.0,44.0,48.0,5.0,43.0,2.0,31.0,negative
41.0,51.0,48.0,5.0,58.0,2.0,31.0,negative
25.0,51.0,48.0,5.0,37.0,42.0,5.0,negative
29.0,28.0,48.0,5.0,5.0,42.0,5.0,negative
24.0,41.0,48.0,5.0,49.0,23.0,34.0,negative
17.0,39.0,48.0,5.0,53.0,3.0,39.0,negative
4.0,31.0,48.0,5.0,41.0,29.0,39.0,negative
61.0,36.0,48.0,5.0,49.0,35.0,44.0,negative
34.0,51.0,48.0,5.0,44.0,37.0,46.0,negative
4.0,46.0,48.0,5.0,42.0,35.0,44.0,negative
23.0,34.0,48.0,5.0,43.0,26.0,37.0,negative
37.0,44.0,48.0,5.0,42.0,39.0,47.0,negative
0.0,38.0,48.0,5.0,42.0,48.0,55.0,negative
39.0,31.0,48.0,5.0,38.0,34.0,43.0,negative
27.0,3.0,48.0,5.0,71.0,28.0,39.0,negative
17.0,52.0,48.0,5.0,49.0,37.0,46.0,negative
36.0,42.0,48.0,5.0,53.0,32.0,41.0,negative
3.0,37.0,48.0,5.0,43.0,18.0,3.0,negative
4.0,41.0,48.0,5.0,55.0,22.0,33.0,negative
22.0,34.0,48.0,5.0,42.0,29.0,39.0,negative
44.0,35.0,48.0,5.0,44.0,52.0,59.0,negative
27.0,42.0,48.0,5.0,37.0,38.0,43.0,negative
16.0,43.0,48.0,5.0,54.0,27.0,37.0,negative
44.0,52.0,48.0,5.0,43.0,47.0,54.0,negative
63.0,47.0,48.0,5.0,51.0,82.0,84.0,negative
23.0,48.0,48.0,5.0,59.0,88.0,89.0,negative
34.0,49.0,48.0,5.0,58.0,85.0,8.0,negative
43.0,4.0,48.0,5.0,58.0,75.0,78.0,negative
46.0,61.0,48.0,5.0,48.0,86.0,87.0,negative
52.0,39.0,48.0,5.0,65.0,71.0,73.0,negative
12.0,67.0,48.0,5.0,74.0,58.0,63.0,negative
73.0,36.0,48.0,5.0,53.0,91.0,92.0,negative
84.0,44.0,48.0,5.0,48.0,71.0,74.0,negative
48.0,45.0,48.0,5.0,6.0,78.0,8.0,negative
54.0,49.0,48.0,5.0,4.0,87.0,88.0,negative
48.0,41.0,48.0,5.0,51.0,9.0,88.0,negative
5.0,66.0,48.0,5.0,31.0,92.0,92.0,negative
72.0,46.0,48.0,5.0,51.0,66.0,7.0,negative
47.0,55.0,48.0,5.0,58.0,71.0,75.0,negative
33.0,56.0,48.0,5.0,33.0,78.0,8.0,negative
54.0,57.0,48.0,5.0,56.0,81.0,83.0,negative
47.0,59.0,48.0,5.0,52.0,76.0,79.0,negative
63.0,5.0,48.0,5.0,59.0,85.0,86.0,negative
49.0,42.0,48.0,5.0,53.0,79.0,81.0,negative
31.0,5.0,48.0,5.0,57.0,84.0,85.0,negative
74.0,44.0,48.0,5.0,55.0,88.0,89.0,negative
33.0,45.0,48.0,5.0,45.0,88.0,89.0,negative
45.0,4.0,48.0,5.0,61.0,74.0,77.0,negative
71.0,4.0,48.0,5.0,71.0,7.0,74.0,negative
5.0,37.0,48.0,5.0,66.0,64.0,69.0,negative
66.0,53.0,48.0,5.0,59.0,66.0,66.0,negative
6.0,61.0,48.0,5.0,54.0,67.0,71.0,negative
83.0,37.0,48.0,5.0,61.0,71.0,74.0,negative
34.0,51.0,48.0,5.0,67.0,9.0,9.0,negative
63.0,54.0,48.0,5.0,65.0,79.0,81.0,negative
7.0,4.0,48.0,5.0,56.0,86.0,83.0,negative
16.0,51.0,48.0,5.0,33.0,39.0,48.0,negative
2.0,46.0,48.0,5.0,57.0,78.0,81.0,negative
89.0,55.0,48.0,5.0,51.0,72.0,76.0,negative
7.0,46.0,48.0,5.0,56.0,78.0,73.0,negative
12.0,43.0,48.0,5.0,63.0,7.0,74.0,negative
33.0,37.0,48.0,5.0,46.0,65.0,69.0,negative
63.0,65.0,48.0,5.0,66.0,67.0,71.0,negative
41.0,51.0,48.0,5.0,53.0,75.0,78.0,negative
34.0,67.0,48.0,5.0,52.0,76.0,79.0,negative
58.0,34.0,48.0,5.0,56.0,87.0,81.0,negative
59.0,56.0,48.0,5.0,55.0,8.0,82.0,negative
51.0,4.0,48.0,5.0,57.0,62.0,67.0,negative
5.0,57.0,48.0,5.0,71.0,61.0,66.0,negative
6.0,46.0,48.0,5.0,45.0,81.0,83.0,negative
37.0,47.0,48.0,5.0,39.0,76.0,79.0,negative
36.0,47.0,48.0,5.0,51.0,69.0,72.0,negative
39.0,41.0,48.0,5.0,52.0,72.0,75.0,negative
31.0,44.0,48.0,5.0,5.0,79.0,82.0,negative
61.0,66.0,48.0,5.0,46.0,87.0,88.0,negative
48.0,49.0,48.0,5.0,52.0,77.0,71.0,negative
11.0,5.0,48.0,5.0,58.0,72.0,68.0,negative
31.0,36.0,48.0,5.0,58.0,94.0,94.0,negative
68.0,51.0,48.0,5.0,71.0,75.0,78.0,negative
52.0,54.0,48.0,5.0,62.0,76.0,79.0,negative
46.0,59.0,48.0,5.0,36.0,76.0,23.0,negative
36.0,45.0,48.0,5.0,38.0,79.0,17.0,negative
1.0,49.0,48.0,5.0,41.0,67.0,21.0,negative
3.0,51.0,48.0,5.0,42.0,61.0,34.0,negative
61.0,47.0,48.0,5.0,0.0,8.0,32.0,negative
63.0,75.0,48.0,5.0,64.0,73.0,66.0,negative
71.0,52.0,48.0,5.0,64.0,1.0,99.0,negative
74.0,49.0,48.0,5.0,42.0,54.0,36.0,negative
7.0,61.0,48.0,5.0,56.0,52.0,43.0,negative
73.0,78.0,48.0,5.0,58.0,51.0,31.0,negative
65.0,57.0,48.0,5.0,47.0,47.0,51.0,negative
72.0,86.0,48.0,5.0,17.0,55.0,21.0,negative
67.0,7.0,48.0,5.0,46.0,45.0,33.0,negative
67.0,61.0,48.0,5.0,51.0,37.0,38.0,negative
63.0,1.0,48.0,5.0,35.0,51.0,49.0,negative
71.0,71.0,48.0,5.0,4.0,54.0,39.0,negative
66.0,74.0,48.0,5.0,31.0,38.0,43.0,negative
67.0,81.0,48.0,5.0,25.0,42.0,25.0,negative
64.0,72.0,48.0,5.0,49.0,42.0,19.0,negative
68.0,82.0,48.0,5.0,38.0,65.0,56.0,negative
32.0,39.0,48.0,5.0,53.0,28.0,38.0,negative
74.0,82.0,48.0,5.0,49.0,49.0,41.0,negative
63.0,71.0,48.0,5.0,6.0,4.0,39.0,negative
71.0,86.0,48.0,5.0,4.0,54.0,32.0,negative
68.0,78.0,48.0,5.0,43.0,44.0,42.0,negative
75.0,84.0,48.0,5.0,35.0,52.0,33.0,negative
63.0,65.0,48.0,5.0,39.0,44.0,35.0,negative
69.0,67.0,48.0,5.0,3.0,39.0,24.0,negative
7.0,71.0,48.0,5.0,42.0,84.0,85.0,negative
69.0,8.0,48.0,5.0,46.0,57.0,26.0,negative
64.0,66.0,48.0,5.0,41.0,39.0,2.0,negative
63.0,8.0,48.0,5.0,46.0,31.0,29.0,negative
66.0,71.0,48.0,5.0,41.0,5.0,35.0,negative
69.0,59.0,48.0,5.0,46.0,44.0,52.0,negative
68.0,67.0,48.0,5.0,49.0,4.0,34.0,negative
62.0,78.0,48.0,5.0,47.0,49.0,54.0,negative
76.0,73.0,48.0,5.0,44.0,39.0,39.0,negative
64.0,81.0,48.0,5.0,37.0,39.0,44.0,negative
29.0,39.0,48.0,5.0,52.0,4.0,48.0,negative
62.0,83.0,48.0,5.0,46.0,36.0,4.0,negative
56.0,54.0,48.0,5.0,43.0,37.0,3.0,negative
69.0,66.0,48.0,5.0,41.0,5.0,25.0,negative
69.0,65.0,48.0,5.0,63.0,48.0,41.0,negative
74.0,56.0,48.0,5.0,47.0,68.0,3.0,negative
71.0,57.0,48.0,5.0,48.0,35.0,32.0,negative
61.0,6.0,48.0,5.0,44.0,39.0,38.0,negative
59.0,61.0,48.0,5.0,42.0,42.0,37.0,negative
74.0,74.0,48.0,5.0,31.0,53.0,52.0,negative
77.0,57.0,1.0,5.0,37.0,54.0,1.0,positive
66.0,49.0,1.0,5.0,54.0,56.0,36.0,positive
67.0,55.0,1.0,5.0,66.0,58.0,16.0,positive
68.0,49.0,1.0,5.0,62.0,55.0,28.0,positive
64.8086018467939,49.0,44.49864464799273,5.0,53.2558878292127,47.5132329217444,32.12941668067881,positive
75.65449591503283,56.948877501939435,1.0,4.189846256825015,32.19590273489063,50.83957056549657,1.9143883068084278,positive
64.44255536155858,50.28161985547057,48.0,5.0,69.57725680220605,75.61783514449235,78.83075773984177,positive
74.72125093194342,51.37355256158265,48.0,5.0,44.432799504790644,52.181747740339844,35.581292122494574,positive
66.22280306726802,49.0,35.78677158230262,5.0,52.162469443306264,54.444394028560886,36.0,positive
66.57723985347863,50.664465763116205,1.0,5.0,63.41627657133139,57.29739902750724,21.352036904757846,positive
59.87895890131715,49.0,19.29875704753053,5.0,52.86665886394301,52.38762883658071,33.53451422792709,positive
76.36077887083229,56.711332017103786,1.0,4.752750350725447,30.570811867923958,52.323315085998146,1.0672611628704394,positive
62.636894384392384,49.49296612126549,48.0,5.0,58.89692781969819,76.0,79.0,positive
83.40223678915926,54.71842154586128,48.0,5.0,48.58814003144942,38.82997770448956,32.291658284088726,positive
66.14194177332838,49.0,1.0,5.0,61.41754202181462,55.97067944239639,34.59945677461108,positive
67.66093884414626,49.791304499087715,1.0,5.0,63.140132670771635,56.10059310255495,18.12033939764358,positive
71.77055392608595,49.0,7.277200668404285,5.0,59.14284028471614,54.337244516369196,28.460819303522538,positive
74.30991120004354,56.44557786777284,46.369233853909265,5.0,46.119408494861275,61.31518940886442,2.7614555740994406,positive
60.8560803585162,53.14307506448247,48.0,5.0,55.9742668465883,76.0,79.0,positive
82.95716940974883,51.97448054327733,48.0,5.0,52.18186894364478,46.6667091789261,35.94039906757334,positive
67.49621559376783,49.0,1.0,5.0,56.33006882346373,55.541382799205756,29.274997938330948,positive
67.76210642581734,53.09679688939856,1.0,5.0,62.06446913446643,56.7980999000861,27.86885680539839,positive
63.06231210816974,49.0,3.6460814508470962,5.0,56.25067139695934,50.59115506212018,35.508566817928156,positive
65.81059408122508,58.74676558778354,31.839398734416196,5.0,37.09810064381069,47.134262310483955,1.1732942195422387,positive
63.32829315017618,50.54959229140664,48.0,5.0,67.17411813619228,75.46837679250638,78.82100629958389,positive
81.71286537711072,66.22878218331928,48.0,5.0,57.680175958885314,51.09615595453707,31.67626262195163,positive
66.9142784774219,50.00296283796859,1.0,5.0,57.17441647691403,56.737208502318005,27.729270846969005,positive
73.91349487235168,56.579645809076425,1.0,5.0,62.55828739960628,57.45137800063304,14.506693731411314,positive
66.55441698912647,49.0,1.0,5.0,55.32095236828195,55.754208662206636,28.982324356968025,positive
76.66392381585649,56.41791795157528,1.0,2.294132991023034,5.216394599957493,50.93877279009523,1.4819238030389636,positive
63.92515976704378,50.704218228146026,48.0,5.0,63.30859588024435,75.99357035768408,78.22730551324545,positive
73.88351822935213,64.77365937885736,48.0,5.0,56.52490301846188,51.75151570241384,34.99227631737996,positive
66.62337898236791,49.0,1.0,5.0,59.50810153540341,55.775120647844616,35.298206675548826,positive
68.58855885123961,49.74030517516037,35.80944012739102,5.0,63.49891552863046,62.19860863947143,10.447157612651619,positive
66.5141272868125,49.0,1.0,5.0,55.434145673090704,55.78012207041391,32.80156802781907,positive
75.02177331660664,56.74335408562841,24.835034628723996,5.0,39.42996789181471,62.814699980612716,2.8290435875223157,positive
64.40077969999555,49.19763023047452,48.0,5.0,70.37516963675503,75.8479116401521,78.15046503547221,positive
81.17009847706046,49.59388269608726,48.0,5.0,50.110275254485245,52.32031838899351,35.905145871509134,positive
66.12177151423188,51.61042947162328,1.0,5.0,65.35654078191263,56.09931732060457,33.306407647565294,positive
66.03792119827713,50.94111897558693,1.0,5.0,56.90528903661713,56.10199116618985,17.015489934999767,positive
67.40888059857419,49.0,1.0,5.0,54.855782972815774,55.07273046190513,29.736304461391626,positive
76.91224196858703,56.43011103548391,1.0,5.0,46.64164652754103,55.49352190009074,2.4136067886998953,positive
56.44289168217204,51.535646943852285,48.0,5.0,59.29280201116812,76.0,79.0,positive
80.81116048532019,51.40994790458048,48.0,5.0,48.619484147672445,53.65990822973795,35.644830053850725,positive
71.81902707902623,49.0,20.743802460354118,5.0,42.00317078349356,55.053177536231146,36.0,positive
68.11955293617571,56.40120618123507,1.0,5.0,46.181771251518974,55.71776843996049,12.749909138415555,positive
67.02022792446651,49.0,14.429920261914248,5.0,58.45291923119133,52.87156265853393,34.850630739544904,positive
68.04136197865284,59.96419907648355,38.4044851604021,5.0,38.395673696352965,53.20990431016504,1.0440176774638559,positive
54.66674420812284,53.310077441451895,48.0,5.0,55.63845772136963,76.0,79.0,positive
68.62281744540192,49.390554862706345,48.0,5.0,52.21221806221011,47.25153029289101,35.345642176085995,positive
73.2352665414218,49.0,43.74678774344935,5.0,47.45811849947434,54.71989034510817,36.0,positive
71.59449371985986,52.18062705917356,16.501488178005594,5.0,65.35637261318321,58.28257344705737,13.782730105147742,positive
67.34536259906524,49.0,1.0,5.0,58.77779728393867,55.197428040859805,31.753372471910687,positive
66.17724885971509,59.14295692056984,36.375074985356704,5.0,40.99521949149601,45.538330609457596,1.8252417501719558,positive
63.0,47.63789811625653,48.0,5.0,52.15408349124678,78.42845995780476,80.6228644353758,positive
84.82444290418204,57.4073846457835,48.0,5.0,57.87442944536904,51.858298900727405,31.47926070482298,positive
71.80840781078855,49.0,18.196803514296832,5.0,42.96103642460457,55.83461291916429,36.0,positive
70.23591479359054,50.54125764817277,27.510649362846955,5.0,59.05607337672929,62.259547123005966,10.659289317107705,positive
71.2911805734642,49.0,40.059645205010604,5.0,48.90178965753926,54.87781395301041,31.62626952545358,positive
70.4522486176718,65.03458808614603,10.561960363607275,5.0,38.297728824933046,44.388076168046744,1.7336016522898572,positive
63.0,48.70400469438873,48.0,5.0,51.50128435800937,80.74319155448778,82.93041412912443,positive
62.30694465098286,50.53284086922801,48.0,5.0,52.66904922482494,48.690757182480056,35.10443502660157,positive
69.92261802410171,49.0,13.361535795305066,5.0,50.715393701099586,55.004649549846086,36.0,positive
76.32737836868834,55.97196006794251,1.0,5.0,46.07636777029548,57.00495265001803,4.2236094004873515,positive
61.43298687123135,49.0,29.363986559680008,5.0,57.890725466354205,54.9357178007902,30.588583578068867,positive
76.69146231629847,56.36218567460698,1.0,4.192909119097638,29.422506448467992,51.75771282432189,1.3310908293094361,positive
67.81237957141187,50.77915138953402,48.0,5.0,67.56615028188351,75.50179360803673,78.4591068405102,positive
79.73840351411674,55.45773582061795,48.0,5.0,55.962156966058075,51.60538639317394,31.581647560744553,positive
66.4158186177878,49.17151952012422,1.0,5.0,58.650087999524445,56.11384917940253,16.952707606678786,positive
76.0581164072986,55.46883614436396,1.0,5.0,57.84331550742594,57.60145978465107,15.960091900815092,positive
69.49851471390814,49.0,22.060256968006602,5.0,56.33751976692224,54.37375207492351,29.068907174717268,positive
65.02453195235448,61.20647030939186,14.663327242225902,5.0,37.01218974881292,53.331746629132624,1.4231628612864191,positive
63.0,50.83987320949365,48.0,5.0,60.02730089121898,77.53786568702941,80.54612148864443,positive
82.68881456956015,49.12231204011738,48.0,5.0,49.16080258875771,53.09517109726734,35.09215987358556,positive
61.52063396973019,49.0,21.010161950331074,5.0,52.41449756543806,50.88216466203767,36.0,positive
67.702751739093,54.023428149263815,1.0,5.0,62.13073951302335,56.82088234007919,19.534058079335583,positive
72.69694875372781,49.0,29.512871925126003,5.0,61.17190268214929,54.95079195276125,28.689395830478205,positive
67.7515057004933,56.3413064197595,1.0,5.0,55.04894574918614,54.5514311400448,1.1504124635935167,positive
63.0,53.96931282751495,48.0,5.0,60.490510124261505,78.20104996005341,79.72223715399748,positive
72.04417628545791,56.64225951690697,48.0,5.0,50.84455402198074,37.34687066730328,34.76329217292828,positive
70.82480510637521,49.0,42.63482200260135,5.0,52.33399972787963,54.391176611105166,36.0,positive
66.51846359352395,50.67453681379173,1.0,5.0,56.368666909446205,57.531185208554696,31.36614200177915,positive
59.57269816565892,49.0,18.676493045849572,5.0,58.18768061636669,52.78213782672047,34.666562614059266,positive
75.52448604287311,56.79765437122575,7.593944710168066,5.0,38.52954142992215,66.0148038168744,1.0616629715309964,positive
63.0,51.44444599713824,48.0,5.0,54.16753239992265,76.64787989739631,80.98215484232671,positive
78.55721259601076,52.45232509393995,48.0,5.0,51.239177687175996,53.301958082975744,35.15880891612013,positive
66.1798898433106,49.0,1.0,5.0,56.63852020810348,55.26858552026816,32.62381715648975,positive
66.25450400154224,53.46700245579369,1.0,5.0,57.20733728298422,56.142346296533894,25.322758485756403,positive
67.1206132695158,49.0,9.276133573718742,5.0,53.10819364227389,49.27974768707804,32.71440692135753,positive
73.8274173847032,60.033609732623056,3.335761615528535,5.0,40.10937933494989,51.4502511766372,1.3030287184635942,positive
57.4307286547618,49.06603152304197,48.0,5.0,61.75731074404277,76.0,79.0,positive
80.92958385097815,49.97660631219372,48.0,5.0,51.89120740114196,52.08677075803554,35.473725696266605,positive
72.64279226770563,49.0,41.500010179836,5.0,49.82685286195992,54.95901178342832,36.0,positive
73.00068647554986,56.47567226990662,1.0,5.0,58.44483614567311,54.396170637687206,10.270528657423256,positive
63.17749840390935,49.0,9.670556759602446,5.0,59.682820350288644,52.38050324436887,34.614308918916606,positive
76.83633541978676,59.57602060501917,12.547670938112091,5.0,37.74313366955897,47.145544492591156,1.3003564850698388,positive
63.0,52.13697705719957,48.0,5.0,57.872466593219855,78.0788310187308,79.9689405515039,positive
79.79204721931657,61.48938729370565,48.0,5.0,56.791265190546355,51.80680114637127,31.39857730498282,positive
62.77315085009075,49.0,32.05110281311902,5.0,53.32098857402463,47.747189580329675,36.0,positive
66.95790882413772,54.863968011219946,1.0,5.0,55.44268617699214,57.71871936454506,35.474280160828165,positive
71.89420830162004,49.0,8.698649531559994,5.0,58.02723472006025,54.85487957299083,30.15748671887955,positive
70.56268992113377,56.348950226023824,1.0,5.0,40.18143168862757,57.788702609699904,15.708796068024078,positive
56.887691694311876,50.949240162410774,48.0,5.0,55.08477023610677,76.0,79.0,positive
76.27679000957073,52.362264172108674,48.0,5.0,49.66656227192517,52.98608126099367,35.24678209362489,positive
73.33869165781039,49.0,21.657122298876654,5.0,52.75002083183241,55.84138303207987,36.0,positive
67.06887068087404,50.73754918014433,1.0,5.0,65.86584918150434,56.68373315344768,16.030708150850906,positive
67.14270420753338,54.12258646846098,1.0,5.0,64.41800952807678,55.48287162871564,20.260952451513415,positive
64.0129741510513,64.30889099331365,27.402707892668623,5.0,37.97469441804085,51.37086064932778,1.9131768100822737,positive
66.22003326204812,50.84910534860316,48.0,5.0,63.787971015856705,75.52011101967925,78.00159268166686,positive
61.50866844400124,50.35059290672274,48.0,5.0,52.39515107094474,47.910374004023154,35.78457363356129,positive
66.32083624566226,54.667535965494636,1.0,5.0,57.358137863347196,56.550285714477674,18.42285256268923,positive
67.80004705043562,51.90192102448434,1.0,5.0,64.64044682232121,57.18551254030624,25.506961074545217,positive
59.69140937411333,49.0,16.42468290349339,5.0,56.056747579539326,54.05763373014402,30.10469057213256,positive
76.2074493556121,56.43868053011692,9.267448805644765,5.0,38.56283498210163,64.49968626889836,1.6662642740798093,positive
63.0,47.8093600052645,48.0,5.0,51.16793943949438,77.0759468551399,81.09707373011979,positive
80.96808869489341,53.80456046296927,48.0,5.0,51.86694136039059,36.40963567628977,32.76218719413262,positive
72.48790148114855,49.0,20.946532508443905,5.0,46.3514854107638,55.652198432622384,36.0,positive
67.50490972801146,54.02305644993409,1.0,5.0,65.71495105875941,57.70286182998203,19.727256278189845,positive
67.69632238313524,49.0,1.0,5.0,54.63741305396771,55.73726407687494,34.89315929603022,positive
76.8844211035691,56.706653111856596,1.0,1.0864799261030154,8.299254939795517,51.31382353555067,1.1696367477664207,positive
66.21302238127778,49.26961344918113,48.0,5.0,67.057369656592,75.51342109203243,78.96931793100494,positive
73.88476080194093,50.00562374500796,48.0,5.0,52.339112795927605,45.64008176427813,35.58427002084405,positive
67.97883433782192,49.0,23.926606796190544,5.0,45.07481501698043,55.99063781206473,36.0,positive
66.28629421511455,52.79836350928144,1.0,5.0,57.692598591296644,57.99470505040376,34.59037688998818,positive
67.2646336909406,53.683432070457876,1.0,5.0,63.062693372485036,55.348035748036835,16.106433054360476,positive
75.24024668012187,56.99866631259155,42.77923080784193,5.0,46.435067638187036,60.141247852280294,2.2806890926971257,positive
57.35542466854558,53.06783857747111,48.0,5.0,57.48786359647819,76.0,79.0,positive
75.29144225334686,50.69711333416875,48.0,5.0,52.49139601773685,45.7642416613768,35.89224212220059,positive
67.04097886155688,49.0,1.0,5.0,59.25921993473616,55.36486080746173,35.187932363154275,positive
71.52820668415266,56.71270137330224,1.0,5.0,61.1364752516728,57.69337684310146,13.010152086142151,positive
66.17907038941713,49.0,1.0,5.0,54.678219223765616,55.26825595298659,32.77850438870686,positive
67.50391311166554,58.69526681944525,6.329378693357444,5.0,37.57234869491841,51.82460056806705,1.858248919701921,positive
62.558865793278635,52.05183396446128,48.0,5.0,60.132598089495346,76.0,79.0,positive
75.65377557594523,52.094319229157335,48.0,5.0,52.662092456417604,50.65573184393872,35.26616233081137,positive
70.04859576167186,49.0,31.623246627753804,5.0,46.251063742802806,55.31600559022854,36.0,positive
68.27153623763047,49.36759659279885,18.604512473549775,5.0,58.35600448733706,59.02577448081726,12.683784226040778,positive
70.9120491704941,49.0,19.967810986469136,5.0,58.41307411051517,54.53748516252547,28.016165657604752,positive
68.94210820412444,57.445046824812344,21.54924567066879,5.0,40.617944239128946,47.39879761985947,1.258766654775147,positive
63.68905515940949,49.9449347413256,48.0,5.0,67.44831281851583,75.56627880595686,78.36650750422665,positive
66.46404478155621,50.6402456018767,48.0,5.0,52.84535407058665,48.375093155793905,35.01406452616269,positive
59.18104788073286,49.0,32.17766614491452,5.0,52.94886635308981,53.34869326903456,36.0,positive
75.93392464717726,55.5770852058624,1.0,5.0,56.70033154080134,54.352694150160666,6.020489599085529,positive
65.53184912802396,49.0,39.28849741703585,5.0,58.676976299961765,51.45298352233854,30.67935137419142,positive
76.02530593713668,56.03183316841723,1.0,4.121032748390954,35.3682546321635,51.23966600437181,1.451213111314698,positive
67.77059222308682,50.73570410240109,48.0,5.0,61.080411050253836,75.46282865676854,78.15075788643544,positive
63.06812218116582,49.57862071375936,48.0,5.0,52.59517150641479,49.267311010417515,35.819468368929584,positive
62.62098626552626,49.0,38.680315415593356,5.0,52.35332593155221,55.784193666462194,36.0,positive
70.82665336140272,56.668988039951365,1.0,5.0,38.28704294562617,57.87744163005354,8.659824589721087,positive
67.03564834344826,49.0,1.0,5.0,61.7737924817996,55.87885067708728,35.069623144394605,positive
65.02752877600891,63.23385973953829,13.603799307945662,5.0,39.469523399419,51.181008578223626,1.184027819365428,positive
55.66327379833515,50.62828672014636,48.0,5.0,54.407189617591975,76.0,79.0,positive
72.84869427326583,54.96010610473382,48.0,5.0,52.69170628334947,36.28609428727541,32.765586065459544,positive
73.06210477592174,49.0,31.601750393931386,5.0,46.61896516571238,55.04829271252306,36.0,positive
70.75965079835889,51.64544130775188,12.388459918405912,5.0,53.32501947443098,63.54516861104647,13.654968879872104,positive
67.538316158282,49.0,5.357523146509923,5.0,56.78514405148671,51.77156373293433,35.31740967726929,positive
69.78546885532114,62.93721273885753,25.89566103394406,5.0,38.69978241380536,53.724518494809786,1.3120369951511917,positive
63.0,51.53675795638275,48.0,5.0,60.80184660014105,78.25819274330095,79.33358260653345,positive
74.33836304103805,51.968096886385915,48.0,5.0,52.30645877152757,50.805816331124085,35.677134600759096,positive
62.81313823640704,49.0,47.74548176031255,5.0,53.70593361126759,47.3363113683056,36.0,positive
71.74250314424553,48.03390171362569,47.246167107447775,5.0,60.944393483802884,64.09197167672366,15.93942322981985,positive
67.4261236319031,49.0,30.129286179895992,5.0,54.036349760804754,47.72988440527451,31.895156650176034,positive
75.92341026798775,55.25433234111988,1.0,2.580108433348804,33.07092565296314,50.31931080077038,2.2975213325270905,positive
57.150670546267534,51.69035580842392,48.0,5.0,60.577295799018415,76.0,79.0,positive
76.31369698459895,66.13246999693392,48.0,5.0,57.759089983123246,51.22996528864759,33.649630384947685,positive
69.3528907662056,49.0,3.4541272448606213,5.0,49.30962682662548,54.37834321346358,36.0,positive
76.25741890406567,55.84005990174298,1.0,5.0,41.50971907541589,57.55133343740332,3.364136423194532,positive
70.0539071481992,49.0,38.7862517417288,5.0,46.27829319998911,54.78589796228198,35.62879383328207,positive
75.32921660894598,55.603051801768494,1.0,4.063390477807207,21.365431656242315,52.807585005276664,1.8836988606456517,positive
64.56454195262349,49.84982880967716,48.0,5.0,64.63734091534259,75.17167745624256,78.64095196344256,positive
84.58246569809967,53.087946429105365,48.0,5.0,49.80148550288582,40.15156805775909,33.45211731279599,positive
66.7427560298791,52.35738529169934,1.0,5.0,54.83925014073262,56.457529788623845,25.74973044597744,positive
66.59001423989794,51.8962411332209,1.0,5.0,62.57863197193299,56.110875475265836,28.71654990938085,positive
59.06340629080778,49.0,4.117584433884415,5.0,60.648338972345194,52.6010519406214,34.408944182902516,positive
71.67151318444567,55.267712234022184,1.0,5.0,45.980835809472616,57.25999568097711,3.09931761888713,positive
63.0,47.794163937013494,48.0,5.0,53.79554166310415,77.415584012016,83.15121908223806,positive
75.94626780151692,54.89902373073761,48.0,5.0,51.832683471256836,47.079280196323104,32.432860082022586,positive
63.96221167311794,49.0,3.7457075356433687,5.0,53.828916495351194,51.52150971652334,36.0,positive
67.94615158270653,53.68076669818663,1.0,5.0,62.51061356688905,55.5377245479056,22.97351353470399,positive
66.27096957224086,49.0,1.950969858373792,5.0,57.763363080880744,49.69370298001189,31.70432449421797,positive
76.79978042883111,59.32517740502917,39.957020037126846,5.0,39.765170194520415,48.20881131209397,1.2374417986583226,positive
63.0,50.78188977284117,48.0,5.0,63.583727042937504,77.92273098094559,79.56458034231916,positive
76.30152374384787,56.482200402228344,48.0,5.0,48.538484635310795,42.2548440457938,34.02584570889433,positive
66.93361032556375,49.0,1.0,5.0,58.32392726533995,55.83093674140018,29.47948736290259,positive
75.30948191566623,56.88019742516597,1.0,5.0,58.477303505443686,55.37434429494377,7.838471718832762,positive
72.1023304392606,49.0,21.144480226740992,5.0,48.366487256799154,54.9738430240606,32.11307094396113,positive
73.62959809671524,64.70342999948365,13.242728408181494,5.0,40.93403015385398,49.75915953806702,1.1897180344032852,positive
63.0,51.37496883276428,48.0,5.0,58.2189356525295,76.55708836859405,79.97612578321018,positive
84.35636082849993,49.25126036264607,48.0,5.0,52.50150259631065,53.43421050202905,35.543757678890344,positive
62.34840211364341,49.0,45.39211655876382,5.0,52.16652979676514,48.24786063216661,36.0,positive
66.88829747249319,51.46636648661227,1.0,5.0,64.49325478538951,56.1791532297199,19.324305090252476,positive
67.59648693245278,49.0,1.0,5.0,56.24302380842025,55.03019790172839,32.82890530992586,positive
75.57578560314278,65.07689719543006,13.385618702258695,5.0,39.43507674571012,43.883317064619334,1.6517164743630508,positive
63.0,50.07707334905982,48.0,5.0,56.68250388971913,78.22134361750241,80.56262761596236,positive
83.54661566041726,68.72367949456721,48.0,5.0,53.27028430696051,51.9802303564207,34.22959707600349,positive
66.16064649725277,50.38666764885462,1.0,5.0,57.441220977208225,56.565740669230635,25.812011960016704,positive
67.64049342870456,49.60593342933605,1.0,5.0,64.18357402008482,55.895365697751465,26.06228135980169,positive
67.45104643278603,49.0,46.24028072432639,5.0,57.91522907038857,49.59154537229548,35.71698035065372,positive
74.23731788701299,55.87389928073597,1.0,5.0,44.61232442293198,54.96747902497854,11.930411887371214,positive
63.0,49.79152618680042,48.0,5.0,58.2785361420385,78.75788991596465,80.56495233694073,positive
60.31145240419767,51.29319223043211,48.0,5.0,52.616420773613584,48.760158066458686,35.42950296771918,positive
61.868317395308054,49.0,42.022361330118706,5.0,52.498595694028225,49.42433470076723,36.0,positive
67.4421549536441,51.74927065667666,1.0,5.0,63.651367443823716,57.57763207676422,27.457622618537577,positive
62.454524924359404,49.0,25.773136499982808,5.0,59.35304018362132,51.39852924865717,32.39465876002368,positive
75.374058170156,56.33251310090352,1.0,4.255258020292592,20.369139958575527,49.37068054501164,1.1519778333223283,positive
55.77668305937064,49.4481647224572,48.0,5.0,56.98600194730951,76.0,79.0,positive
83.29950533214604,56.0065218801258,48.0,5.0,49.20822664678199,42.97289668136025,34.85600269266959,positive
67.41814986572952,49.0,41.041424750646065,5.0,51.40350896137721,55.64596425161764,36.0,positive
70.52706128254934,46.8245178573451,29.40497814890193,5.0,64.15710040174964,62.153610357315095,9.947845279195,positive
59.011770615374246,49.0,36.79821456447933,5.0,56.20231992378369,47.92643059418272,31.380464279475888,positive
67.21570435464994,56.44147808405983,1.0,5.0,39.19081879442571,54.9018689856126,4.16903847638549,positive
66.12238910073116,50.96078605132227,48.0,5.0,68.39245834392038,75.59344654466378,78.92362721698991,positive
82.72526214848752,70.64736528589161,48.0,5.0,57.23601297789475,51.44171065840063,33.83946994085531,positive
66.08977001284374,51.90252657002619,1.0,5.0,56.46212095328682,56.17927717599696,23.181435024952837,positive
67.04634643451622,53.55431789941801,1.0,5.0,64.06177827910099,57.50835115349125,19.390748848918964,positive
71.96112915844745,49.0,4.933071562776225,5.0,47.417628069473245,54.67583171568754,30.36226736097471,positive
75.23254977863074,56.877302741738454,2.2150749002530765,5.0,45.94581600846795,56.83042764802275,1.714624553610455,positive
63.0,48.06220410650748,48.0,5.0,53.759229488650774,79.09552877080327,82.81798004908629,positive
