@relation ecoli-0-1-3-7_vs_2-6
@attribute Mcg real [0.0, 89.0]
@attribute Gvh real [1.0, 88.0]
@attribute Lip real [1.0, 48.0]
@attribute Chg real [1.0, 5.0]
@attribute Aac real [0.0, 88.0]
@attribute Alm1 real [1.0, 94.0]
@attribute Alm2 real [0.0, 99.0]
@attribute Class {positive, negative}
@data
49.0,29.0,48.0,5.0,56.0,24.0,35.0,negative
56.0,4.0,48.0,5.0,49.0,37.0,46.0,negative
59.0,49.0,48.0,5.0,52.0,45.0,36.0,negative
67.0,39.0,48.0,5.0,36.0,38.0,46.0,negative
21.0,34.0,48.0,5.0,51.0,28.0,39.0,negative
2.0,44.0,48.0,5.0,46.0,51.0,57.0,negative
42.0,4.0,48.0,5.0,56.0,18.0,3.0,negative
42.0,24.0,48.0,5.0,57.0,27.0,37.0,negative
25.0,48.0,48.0,5.0,44.0,17.0,29.0,negative
39.0,32.0,48.0,5.0,46.0,24.0,35.0,negative
51.0,5.0,48.0,5.0,46.0,32.0,35.0,negative
25.0,4.0,48.0,5.0,46.0,44.0,52.0,negative
34.0,45.0,48.0,5.0,38.0,24.0,35.0,negative
44.0,27.0,48.0,5.0,55.0,52.0,58.0,negative
23.0,4.0,48.0,5.0,39.0,28.0,38.0,negative
41.0,57.0,48.0,5.0,39.0,21.0,32.0,negative
4.0,45.0,48.0,5.0,38.0,22.0,0.0,negative
31.0,23.0,48.0,5.0,73.0,5.0,14.0,negative
51.0,54.0,48.0,5.0,41.0,34.0,43.0,negative
3.0,16.0,48.0,5.0,56.0,11.0,23.0,negative
36.0,39.0,48.0,5.0,48.0,22.0,23.0,negative
29.0,37.0,48.0,5.0,48.0,44.0,52.0,negative
21.0,51.0,48.0,5.0,5.0,32.0,41.0,negative
43.0,37.0,48.0,5.0,53.0,35.0,44.0,negative
43.0,39.0,48.0,5.0,47.0,31.0,41.0,negative
53.0,38.0,48.0,5.0,44.0,26.0,36.0,negative
34.0,33.0,48.0,5.0,38.0,35.0,44.0,negative
56.0,51.0,48.0,5.0,34.0,37.0,46.0,negative
4.0,29.0,48.0,5.0,42.0,35.0,44.0,negative
24.0,35.0,48.0,5.0,31.0,19.0,31.0,negative
29.0,52.0,48.0,5.0,42.0,29.0,39.0,negative
65.0,47.0,48.0,5.0,59.0,3.0,4.0,negative
32.0,42.0,48.0,5.0,35.0,28.0,38.0,negative
33.0,45.0,48.0,5.0,52.0,32.0,41.0,negative
3.0,37.0,48.0,5.0,59.0,41.0,49.0,negative
28.0,38.0,48.0,5.0,5.0,33.0,42.0,negative
17.0,38.0,48.0,5.0,45.0,42.0,5.0,negative
44.0,35.0,48.0,5.0,55.0,55.0,61.0,negative
42.0,35.0,48.0,5.0,58.0,15.0,27.0,negative
23.0,33.0,48.0,5.0,43.0,33.0,43.0,negative
37.0,52.0,48.0,5.0,42.0,42.0,36.0,negative
29.0,3.0,48.0,5.0,45.0,3.0,17.0,negative
22.0,36.0,48.0,5.0,35.0,39.0,47.0,negative
23.0,58.0,48.0,5.0,37.0,53.0,59.0,negative
47.0,47.0,48.0,5.0,22.0,16.0,26.0,negative
54.0,47.0,48.0,5.0,28.0,33.0,42.0,negative
51.0,37.0,48.0,5.0,35.0,36.0,45.0,negative
4.0,35.0,48.0,5.0,45.0,33.0,42.0,negative
44.0,34.0,48.0,5.0,3.0,33.0,43.0,negative
42.0,38.0,48.0,5.0,54.0,34.0,43.0,negative
44.0,56.0,48.0,5.0,5.0,46.0,54.0,negative
52.0,36.0,48.0,5.0,41.0,28.0,38.0,negative
36.0,41.0,48.0,5.0,48.0,47.0,54.0,negative
47.0,29.0,48.0,5.0,51.0,33.0,43.0,negative
25.0,37.0,48.0,5.0,41.0,33.0,42.0,negative
25.0,37.0,48.0,5.0,43.0,26.0,36.0,negative
35.0,48.0,48.0,5.0,56.0,4.0,48.0,negative
44.0,51.0,48.0,5.0,47.0,26.0,36.0,negative
44.0,42.0,48.0,5.0,42.0,25.0,2.0,negative
24.0,43.0,48.0,5.0,37.0,28.0,38.0,negative
48.0,42.0,48.0,5.0,45.0,25.0,35.0,negative
44.0,28.0,48.0,5.0,43.0,27.0,37.0,negative
29.0,41.0,48.0,5.0,48.0,38.0,46.0,negative
34.0,28.0,48.0,5.0,41.0,35.0,44.0,negative
41.0,43.0,48.0,5.0,45.0,31.0,41.0,negative
29.0,47.0,48.0,5.0,41.0,23.0,34.0,negative
36.0,56.0,48.0,5.0,43.0,45.0,53.0,negative
4.0,46.0,48.0,5.0,52.0,49.0,56.0,negative
5.0,49.0,48.0,5.0,49.0,46.0,53.0,negative
5.0,51.0,48.0,5.0,27.0,23.0,34.0,negative
53.0,42.0,48.0,5.0,16.0,29.0,39.0,negative
34.0,46.0,48.0,5.0,52.0,35.0,44.0,negative
4.0,42.0,48.0,5.0,37.0,27.0,27.0,negative
41.0,43.0,48.0,5.0,5.0,24.0,25.0,negative
3.0,45.0,48.0,5.0,36.0,21.0,32.0,negative
31.0,47.0,48.0,5.0,29.0,28.0,39.0,negative
57.0,54.0,48.0,5.0,37.0,28.0,33.0,negative
65.0,55.0,48.0,5.0,34.0,37.0,28.0,negative
51.0,46.0,48.0,5.0,58.0,31.0,41.0,negative
38.0,4.0,48.0,5.0,63.0,25.0,35.0,negative
24.0,57.0,48.0,5.0,63.0,34.0,43.0,negative
38.0,26.0,48.0,5.0,54.0,16.0,28.0,negative
33.0,47.0,48.0,5.0,53.0,18.0,29.0,negative
24.0,34.0,48.0,5.0,38.0,3.0,4.0,negative
26.0,5.0,48.0,5.0,44.0,32.0,41.0,negative
44.0,49.0,48.0,5.0,39.0,38.0,4.0,negative
43.0,32.0,48.0,5.0,33.0,45.0,52.0,negative
47.0,28.0,48.0,5.0,56.0,2.0,25.0,negative
32.0,33.0,48.0,5.0,6.0,6.0,2.0,negative
34.0,35.0,48.0,5.0,51.0,49.0,56.0,negative
35.0,34.0,48.0,5.0,46.0,3.0,27.0,negative
38.0,3.0,48.0,5.0,43.0,29.0,39.0,negative
41.0,51.0,48.0,5.0,58.0,2.0,31.0,negative
34.0,42.0,48.0,5.0,41.0,34.0,43.0,negative
51.0,49.0,48.0,5.0,53.0,14.0,26.0,negative
25.0,51.0,48.0,5.0,37.0,42.0,5.0,negative
29.0,28.0,48.0,5.0,5.0,42.0,5.0,negative
25.0,26.0,48.0,5.0,39.0,32.0,42.0,negative
17.0,39.0,48.0,5.0,53.0,3.0,39.0,negative
34.0,51.0,48.0,5.0,44.0,37.0,46.0,negative
28.0,33.0,48.0,5.0,45.0,22.0,33.0,negative
23.0,34.0,48.0,5.0,43.0,26.0,37.0,negative
37.0,44.0,48.0,5.0,42.0,39.0,47.0,negative
0.0,38.0,48.0,5.0,42.0,48.0,55.0,negative
39.0,31.0,48.0,5.0,38.0,34.0,43.0,negative
3.0,44.0,48.0,5.0,49.0,22.0,33.0,negative
17.0,52.0,48.0,5.0,49.0,37.0,46.0,negative
36.0,42.0,48.0,5.0,53.0,32.0,41.0,negative
3.0,37.0,48.0,5.0,43.0,18.0,3.0,negative
26.0,4.0,48.0,5.0,36.0,26.0,37.0,negative
4.0,41.0,48.0,5.0,55.0,22.0,33.0,negative
22.0,34.0,48.0,5.0,42.0,29.0,39.0,negative
16.0,43.0,48.0,5.0,54.0,27.0,37.0,negative
6.0,61.0,48.0,5.0,49.0,92.0,37.0,negative
44.0,52.0,48.0,5.0,43.0,47.0,54.0,negative
23.0,48.0,48.0,5.0,59.0,88.0,89.0,negative
34.0,49.0,48.0,5.0,58.0,85.0,8.0,negative
46.0,61.0,48.0,5.0,48.0,86.0,87.0,negative
27.0,35.0,48.0,5.0,51.0,77.0,79.0,negative
52.0,39.0,48.0,5.0,65.0,71.0,73.0,negative
29.0,47.0,48.0,5.0,71.0,65.0,69.0,negative
55.0,47.0,48.0,5.0,57.0,78.0,8.0,negative
12.0,67.0,48.0,5.0,74.0,58.0,63.0,negative
4.0,5.0,48.0,5.0,65.0,82.0,84.0,negative
73.0,36.0,48.0,5.0,53.0,91.0,92.0,negative
84.0,44.0,48.0,5.0,48.0,71.0,74.0,negative
48.0,45.0,48.0,5.0,6.0,78.0,8.0,negative
54.0,49.0,48.0,5.0,4.0,87.0,88.0,negative
48.0,41.0,48.0,5.0,51.0,9.0,88.0,negative
5.0,66.0,48.0,5.0,31.0,92.0,92.0,negative
47.0,55.0,48.0,5.0,58.0,71.0,75.0,negative
33.0,56.0,48.0,5.0,33.0,78.0,8.0,negative
54.0,57.0,48.0,5.0,56.0,81.0,83.0,negative
47.0,59.0,48.0,5.0,52.0,76.0,79.0,negative
49.0,42.0,48.0,5.0,53.0,79.0,81.0,negative
33.0,45.0,48.0,5.0,45.0,88.0,89.0,negative
45.0,4.0,48.0,5.0,61.0,74.0,77.0,negative
5.0,37.0,48.0,5.0,66.0,64.0,69.0,negative
6.0,61.0,48.0,5.0,54.0,67.0,71.0,negative
83.0,37.0,48.0,5.0,61.0,71.0,74.0,negative
34.0,51.0,48.0,5.0,67.0,9.0,9.0,negative
63.0,54.0,48.0,5.0,65.0,79.0,81.0,negative
7.0,4.0,48.0,5.0,56.0,86.0,83.0,negative
16.0,51.0,48.0,5.0,33.0,39.0,48.0,negative
74.0,7.0,48.0,5.0,66.0,65.0,69.0,negative
2.0,46.0,48.0,5.0,57.0,78.0,81.0,negative
7.0,46.0,48.0,5.0,56.0,78.0,73.0,negative
12.0,43.0,48.0,5.0,63.0,7.0,74.0,negative
61.0,52.0,48.0,5.0,54.0,67.0,52.0,negative
33.0,37.0,48.0,5.0,46.0,65.0,69.0,negative
63.0,65.0,48.0,5.0,66.0,67.0,71.0,negative
41.0,51.0,48.0,5.0,53.0,75.0,78.0,negative
34.0,67.0,48.0,5.0,52.0,76.0,79.0,negative
59.0,56.0,48.0,5.0,55.0,8.0,82.0,negative
51.0,4.0,48.0,5.0,57.0,62.0,67.0,negative
5.0,57.0,48.0,5.0,71.0,61.0,66.0,negative
6.0,46.0,48.0,5.0,45.0,81.0,83.0,negative
37.0,47.0,48.0,5.0,39.0,76.0,79.0,negative
58.0,55.0,48.0,5.0,57.0,7.0,74.0,negative
36.0,47.0,48.0,5.0,51.0,69.0,72.0,negative
39.0,41.0,48.0,5.0,52.0,72.0,75.0,negative
35.0,51.0,48.0,5.0,61.0,71.0,74.0,negative
61.0,66.0,48.0,5.0,46.0,87.0,88.0,negative
48.0,49.0,48.0,5.0,52.0,77.0,71.0,negative
11.0,5.0,48.0,5.0,58.0,72.0,68.0,negative
31.0,36.0,48.0,5.0,58.0,94.0,94.0,negative
52.0,54.0,48.0,5.0,62.0,76.0,79.0,negative
0.0,51.0,48.0,5.0,35.0,67.0,44.0,negative
1.0,49.0,48.0,5.0,41.0,67.0,21.0,negative
3.0,51.0,48.0,5.0,42.0,61.0,34.0,negative
61.0,47.0,48.0,5.0,0.0,8.0,32.0,negative
63.0,75.0,48.0,5.0,64.0,73.0,66.0,negative
71.0,52.0,48.0,5.0,64.0,1.0,99.0,negative
66.0,86.0,48.0,5.0,34.0,41.0,36.0,negative
73.0,78.0,48.0,5.0,58.0,51.0,31.0,negative
65.0,57.0,48.0,5.0,47.0,47.0,51.0,negative
72.0,86.0,48.0,5.0,17.0,55.0,21.0,negative
67.0,7.0,48.0,5.0,46.0,45.0,33.0,negative
67.0,81.0,48.0,5.0,54.0,49.0,23.0,negative
67.0,61.0,48.0,5.0,51.0,37.0,38.0,negative
63.0,1.0,48.0,5.0,35.0,51.0,49.0,negative
57.0,59.0,48.0,5.0,39.0,47.0,33.0,negative
71.0,71.0,48.0,5.0,4.0,54.0,39.0,negative
66.0,74.0,48.0,5.0,31.0,38.0,43.0,negative
67.0,81.0,48.0,5.0,25.0,42.0,25.0,negative
68.0,82.0,48.0,5.0,38.0,65.0,56.0,negative
32.0,39.0,48.0,5.0,53.0,28.0,38.0,negative
7.0,64.0,48.0,5.0,47.0,51.0,47.0,negative
63.0,57.0,48.0,5.0,49.0,7.0,2.0,negative
74.0,82.0,48.0,5.0,49.0,49.0,41.0,negative
63.0,86.0,48.0,5.0,39.0,47.0,34.0,negative
63.0,83.0,48.0,5.0,4.0,39.0,19.0,negative
71.0,86.0,48.0,5.0,4.0,54.0,32.0,negative
68.0,78.0,48.0,5.0,43.0,44.0,42.0,negative
64.0,84.0,48.0,5.0,37.0,45.0,4.0,negative
74.0,47.0,48.0,5.0,5.0,57.0,42.0,negative
75.0,84.0,48.0,5.0,35.0,52.0,33.0,negative
69.0,67.0,48.0,5.0,3.0,39.0,24.0,negative
7.0,71.0,48.0,5.0,42.0,84.0,85.0,negative
69.0,8.0,48.0,5.0,46.0,57.0,26.0,negative
63.0,8.0,48.0,5.0,46.0,31.0,29.0,negative
68.0,67.0,48.0,5.0,49.0,4.0,34.0,negative
64.0,78.0,48.0,5.0,5.0,36.0,38.0,negative
62.0,78.0,48.0,5.0,47.0,49.0,54.0,negative
76.0,73.0,48.0,5.0,44.0,39.0,39.0,negative
64.0,81.0,48.0,5.0,37.0,39.0,44.0,negative
29.0,39.0,48.0,5.0,52.0,4.0,48.0,negative
62.0,83.0,48.0,5.0,46.0,36.0,4.0,negative
56.0,54.0,48.0,5.0,43.0,37.0,3.0,negative
69.0,66.0,48.0,5.0,41.0,5.0,25.0,negative
43.0,59.0,48.0,5.0,52.0,49.0,56.0,negative
74.0,56.0,48.0,5.0,47.0,68.0,3.0,negative
61.0,6.0,48.0,5.0,44.0,39.0,38.0,negative
59.0,61.0,48.0,5.0,42.0,42.0,37.0,negative
85.0,53.0,48.0,5.0,53.0,52.0,35.0,positive
63.0,49.0,48.0,5.0,54.0,76.0,79.0,positive
77.0,57.0,1.0,5.0,37.0,54.0,1.0,positive
71.0,46.0,1.0,5.0,52.0,59.0,3.0,positive
68.0,49.0,1.0,5.0,62.0,55.0,28.0,positive
70.81751691153801,46.6515657071669,1.0,5.0,60.542624340220236,56.4242352191534,7.045482738551577,positive
74.68432738324674,50.160748256498124,1.0,1.9782570906043642,25.42831085741021,58.13335576935913,3.0,positive
66.17122531240861,50.85052872872032,48.0,5.0,52.96369889179013,49.80959578893571,35.43044014793566,positive
70.64743879664817,50.986450321958515,1.0,5.0,48.27410571009257,54.42348307610166,7.125164410460447,positive
68.31492244282194,46.12027821225516,48.0,5.0,55.524216413416106,76.0,79.0,positive
72.73164445299378,50.90011721558572,7.115879468899172,5.0,58.59548495150262,52.77571157649732,32.03715474995515,positive
73.42524869975738,47.54336506518067,27.916008712733152,5.0,48.71102669250975,64.63973469985277,3.0,positive
77.32807501931848,49.94415603087591,48.0,5.0,52.85785215909991,46.92633084040103,35.002756586762764,positive
75.4406367250315,50.72966208106738,1.0,5.0,52.7398933190337,54.93516055377166,14.01428256527298,positive
63.210062428671094,52.55805612311416,48.0,5.0,50.386081107116084,76.34824655974012,78.1422908559115,positive
70.55856502572755,46.48726084027307,1.0,5.0,60.31420174664242,56.64420689303001,9.472509993350876,positive
73.01113349756362,46.196351621436186,32.76341741242604,5.0,48.90319892208913,63.89077788715752,3.0,positive
83.30108499935086,53.95547674006593,48.0,5.0,52.14984967862167,41.244501995962885,37.931987952794,positive
72.02959302242519,49.37566837172779,1.0,5.0,61.07645104696763,54.32586219845392,2.370875991873991,positive
65.34630579347682,45.012170256576304,48.0,5.0,55.680059082169336,76.0,79.0,positive
60.64330211963905,49.0,28.376196857733806,5.0,61.53490111298155,50.27297578318822,31.309641059398515,positive
71.87492582687953,55.989600182836014,1.0,5.0,38.00929605858134,54.492985270266054,2.1698039468521113,positive
84.12198894545901,54.62553363259745,48.0,5.0,52.34059201201735,49.66131390121587,35.47128601143513,positive
72.82630487856693,51.04189401143653,1.0,5.0,49.787226972556766,55.916237539456446,1.6858405689382923,positive
63.0,51.343135448890976,48.0,5.0,59.955060007651866,78.04132535778442,79.2665978141325,positive
71.00584371615199,49.0,38.570968707984726,5.0,43.46621765831139,54.47551799506013,31.833242005649872,positive
73.0716124468085,52.02724029974131,28.813619517924234,5.0,49.35819667519751,59.751583626804894,3.0,positive
72.00808244752896,53.08552374029316,48.0,5.0,51.08694843317604,45.02110060583429,36.577597520603284,positive
76.15825595820763,52.94188108490864,1.0,5.0,48.7834324086179,54.46876194279718,5.432787426974388,positive
63.0,53.275153364836605,48.0,5.0,56.90867535980427,77.25715354214833,80.08844086490382,positive
77.39422229240095,52.92004624318862,43.12688012512617,5.0,53.184212661531994,54.44031445451064,33.30016423786215,positive
68.04989541625314,48.086333974653975,1.0,5.0,61.91694775349359,57.090312053078385,13.257481677002145,positive
81.9948586554684,50.40471606256843,48.0,5.0,52.80139308485454,51.88368160104066,35.19969950634292,positive
75.83569544873116,51.10097341694319,1.0,5.0,38.374426693065665,54.87715113138463,2.614361874876253,positive
63.0,53.862747350305966,48.0,5.0,59.900377545625524,77.0342459699403,80.33477752193595,positive
70.19950214531195,47.91888561098316,1.0,5.0,59.2279202311557,55.875719772052314,16.82201762684992,positive
71.58759017289574,51.01998661234634,20.20958262701959,5.0,50.31121517612999,60.55235433783108,3.0,positive
75.55086256749361,56.02910914908001,48.0,5.0,51.39739594808543,51.38262591050979,35.98941461022299,positive
75.60737632382616,56.51796137379381,1.0,1.5281701815769417,31.297121712358354,53.9968031491314,1.6685932506198082,positive
65.78980777687286,43.28856010714859,48.0,5.0,55.036751623819605,76.0,79.0,positive
68.48767302455985,46.6333981680052,1.0,5.0,57.99451681786038,55.28156560694875,22.479252633366553,positive
74.94342516168366,53.6071862070043,1.0,4.62058288233249,41.47905106192791,51.220369219559025,3.0,positive
74.03304135434642,56.77491040521406,48.0,5.0,57.616959701581095,51.40919214401542,33.50389620565422,positive
76.89028869672273,56.71469166618531,32.916226326016734,5.0,46.2363613727534,58.33567456637291,2.99259897157259,positive
63.2153468265985,44.28927441654387,48.0,5.0,56.64739325975266,76.0,79.0,positive
79.65455304064221,52.23697143001999,29.92081472091646,5.0,59.99472116619783,52.504391970885,29.092760193554366,positive
74.44235810148112,46.05839712911978,1.0,5.0,50.134334230105864,54.77078998217774,1.0058451172163516,positive
82.21154185708738,50.32461107020632,48.0,5.0,52.74166774382886,46.99301727418747,35.17218139370831,positive
69.35833744450063,52.812563062322766,1.0,5.0,43.39154201617082,54.85796491981016,5.305340753439811,positive
63.55772285039595,56.38754079569276,48.0,5.0,53.52922105381998,76.92170614153495,76.65265407658426,positive
62.475849078500275,49.0,25.227231910186955,5.0,53.76369083022017,51.805833123591746,32.12673216701816,positive
73.31200823800718,47.51873289627725,1.0,5.0,50.964986335742246,56.45734549193907,1.6742212246740733,positive
61.685568930062246,52.41734087419037,48.0,5.0,52.133169934678484,47.50189586954266,35.10280251211816,positive
75.65614803767546,50.3562011635132,1.0,5.0,44.92650232249951,57.26269468664556,2.0716115020864705,positive
67.20122243074408,41.267077722335294,48.0,5.0,56.89954605994561,76.0,79.0,positive
73.28670504682192,49.0,9.512574908991898,5.0,60.90005971192126,54.5287374583984,33.97256397777893,positive
72.26758121818389,55.369096884664536,44.78965592502926,5.0,51.810858455306736,62.87184616337379,3.0,positive
81.23056462907343,52.808793945730315,48.0,5.0,43.0007837841635,52.54617933802306,35.149988371772295,positive
76.0068751270113,47.31480796443587,1.0,5.0,38.7984381224399,55.71684506933382,2.965195870582546,positive
63.0,52.45623651529677,48.0,5.0,54.14793293188632,76.92809696058802,79.50003184594844,positive
66.52648597962295,49.0,16.122883082647107,5.0,52.22171403503123,45.81445114098349,28.778457604177095,positive
72.30134320398734,54.04290793349358,22.818065038947474,5.0,49.04572717951972,64.14937277794304,3.0,positive
74.28232035127797,49.19404221641089,48.0,5.0,52.90002551907518,50.8659197165849,35.99479945164235,positive
72.35503789517551,48.280674337937114,1.0,5.0,43.86445082182448,56.44518803013367,1.6278955209615789,positive
63.0,49.34557480223358,48.0,5.0,54.31581248384542,77.37789773137703,79.36961177054388,positive
65.15104975283992,49.0,43.26059818915523,5.0,54.06711671461063,46.1381212271106,29.73423831522437,positive
74.39631199211865,48.12955948818765,1.0,3.5862354927535853,47.00472998458534,54.43262880658919,3.0,positive
75.5071504952441,72.65881038242324,48.0,5.0,55.676373468209306,51.81415749541139,33.999321281618045,positive
75.0617586458044,56.44154274743319,45.41744056769675,5.0,40.04553939695591,63.60397544324165,1.9314998672053179,positive
63.504433185345505,50.42185024865552,48.0,5.0,48.15816154676628,77.41968261585144,75.47368409161241,positive
69.47568178412955,49.787532270615245,16.603339044001213,5.0,59.05488149347696,53.76208233763105,32.87314332414251,positive
72.65535817672351,55.63307762183453,2.8106215028082735,5.0,50.87928761178333,66.7619305967176,3.0,positive
78.1613650243874,59.52531827255981,48.0,5.0,51.907203089554244,48.631281249169675,36.4935806426833,positive
76.27780251964613,55.2014503695223,1.0,2.3173262646780213,26.60635461345477,51.398612952137604,1.380692915890989,positive
58.60796573340018,52.71613690471878,48.0,5.0,58.658475280990984,76.0,79.0,positive
67.03250290743264,49.0,14.712802978885259,5.0,57.25166311715439,50.407859735667046,35.99544058266398,positive
72.58026732322988,46.11633553724224,10.950752158473437,5.0,49.57512779659947,63.176223278468456,3.0,positive
82.28517824604347,55.76797981587222,48.0,5.0,51.89668704603913,45.61563307186148,36.49556820879621,positive
76.11931952982584,55.13599995975517,1.0,1.1619498239620438,18.838921560527186,53.381266366810344,2.185796823663858,positive
63.0,52.55767456549098,48.0,5.0,62.473450375223265,78.90356080361394,80.44444102411114,positive
62.97574592674696,49.0,19.084020405654268,5.0,52.51622669777979,47.6281090104796,33.72506773863247,positive
72.37896293558602,47.811534098110734,3.8277043409622373,5.0,47.33055446220743,66.51248887413871,3.0,positive
81.13935580209412,63.87275553409138,48.0,5.0,53.871851566122274,51.66761430470316,33.29163114912704,positive
75.078234209573,55.71203787554457,1.0,4.531383632372359,27.157211757090668,52.66984841492827,1.7743970452430393,positive
63.28988323021008,50.52027657762069,48.0,5.0,50.565283667757235,77.57993359370745,78.0480517223996,positive
71.65813425774256,49.13671385154114,25.798254074136864,5.0,55.68020181770424,52.80328004326181,33.364440916910624,positive
74.34015740873109,53.684429602199046,1.0,4.666320642186362,49.53341373357584,54.33883180888681,3.0,positive
84.4004223363226,50.53492884464483,48.0,5.0,46.37837928968152,53.83209283026908,35.304001648519474,positive
76.88691254823868,56.805028440966815,1.0,5.0,58.796882837021926,54.585863093202406,13.653906662735302,positive
62.42229060390441,50.504219682410486,48.0,5.0,59.08231598435821,76.0,79.0,positive
69.06516343402005,46.099478590185676,1.0,5.0,52.83151065747497,58.0975000081211,18.682060657762875,positive
71.04285609721109,47.86514478882097,42.91408698243825,5.0,49.65218906801552,67.18701583769082,3.0,positive
80.83397386506662,49.13108596778735,48.0,5.0,52.47935221391171,50.2795702284527,35.96923451979333,positive
75.78294586844264,53.92129631963418,1.0,5.0,43.89628529015029,54.500856183258236,10.397017134624653,positive
58.30328244134879,51.04072537221292,48.0,5.0,56.421699464232674,76.0,79.0,positive
69.70808097593319,46.864953384788556,1.0,5.0,60.7054007726163,58.40604023294364,17.569410801336154,positive
71.54794302872402,50.39110824881443,14.161478808288193,5.0,47.29205903634271,60.702311274368036,3.0,positive
72.01553445434186,60.12337954546081,48.0,5.0,51.97681722944709,40.970728799013145,35.684599286727654,positive
75.213543050348,56.206273877836644,1.0,3.9127183441543023,32.34933878715562,47.179335861268754,2.793233876477286,positive
63.0,52.5115877445063,48.0,5.0,54.791013423506946,76.96213166001836,80.08412444787844,positive
73.034685609308,51.03818133030866,11.97105570888152,5.0,53.64501958491545,52.6437181732423,33.963577033541526,positive
69.86004541722853,46.19869018842053,1.0,5.0,55.95135565465821,55.742623872425106,15.273625415178302,positive
79.89731949924648,56.616079511574505,48.0,5.0,51.02272193902489,37.61460332085486,35.761658707691645,positive
75.3876105047583,56.7938163714816,1.0,2.6120822409183635,25.905428328298722,52.490107482435306,1.540649762914167,positive
63.92079726149714,43.896497251576534,48.0,5.0,55.8139288606295,76.0,79.0,positive
82.38467031411555,51.58297109907718,39.94992718601007,5.0,59.29958690882852,52.405270350873586,34.72626994038585,positive
69.61368824749901,47.109558812998834,1.0,5.0,55.57559394294691,56.1822044923908,3.7207453704919264,positive
80.21808831716686,50.73279859413426,48.0,5.0,52.513974189868065,49.19399508149492,35.1984796039602,positive
74.00142987603662,56.0836614900773,16.752628176727924,5.0,42.65489046336198,62.17071964547692,2.611938541235296,positive
52.1285078669773,49.41128434088886,48.0,5.0,61.803646532138515,76.0,79.0,positive
65.68817283880998,49.0,43.43844910630706,5.0,52.815927804797774,53.67661318198222,30.575109995517845,positive
76.47130472461788,54.99024484767001,1.0,5.0,37.075393159224895,56.34637622505255,1.6186987220110065,positive
67.4271647714429,53.52719422444048,48.0,5.0,52.729323726909286,37.73169575769934,35.314303900922646,positive
76.29281618384506,56.056893507249534,36.03826353847247,5.0,43.4480819472157,56.88079473284531,2.630007593540406,positive
66.58547874072113,41.76754674644561,48.0,5.0,54.99134837256818,76.0,79.0,positive
70.82689499715276,49.0,8.112072681687902,5.0,43.853564054669874,54.33811949333906,29.224204587045215,positive
72.69917040976574,46.00113417678694,1.0,1.6614382823055371,7.251421292655948,52.49379259310024,3.0,positive
75.44228949386965,50.21093065298058,48.0,5.0,44.54377128702444,53.37474673466213,35.119173936211276,positive
71.46180597972365,49.424782455345664,1.0,5.0,48.07411579524745,55.73366938845321,1.6076080530663,positive
63.0,53.17019936636004,48.0,5.0,64.5805637261615,76.89992133845179,80.89049119695137,positive
70.79790689623329,49.0,20.557901342179658,5.0,49.67294474055099,54.092744641837314,33.16488241242797,positive
72.97135055921086,46.488747714277224,1.0,4.758066530581501,45.73279212003747,47.38046541607724,3.0,positive
81.0689661493209,59.188924828009014,48.0,5.0,51.50559661677158,42.09047136438919,35.7460999472797,positive
76.53802500877666,55.10811816976237,1.0,3.0389815004959604,35.13897115017644,48.379756484141886,1.5314932552110707,positive
63.05204125275437,51.7063523367232,48.0,5.0,52.83656923212174,76.91054181072857,77.18653139061172,positive
69.89834803020084,48.776953590491324,1.0,5.0,55.59733167897839,57.57935343307779,13.515057538658324,positive
72.13696057547435,56.325006975440644,1.0,5.0,40.02993291070196,54.51746811390214,2.988845833342394,positive
79.57154970207417,50.73358384673371,48.0,5.0,47.647974092812916,52.686662101850544,35.36781768659096,positive
75.2054747683552,49.91808556285389,1.0,5.0,37.22935616479439,54.01499628810841,2.0151825805066035,positive
63.644349663068496,55.92186645299869,48.0,5.0,53.651097512281375,76.12454068192505,77.40647073282477,positive
71.82661561625659,49.0,9.698154264723092,5.0,44.43989362806002,54.5508594616785,31.384778922337823,positive
74.92888750745657,54.03475614213639,1.0,2.127803297565895,11.613585689549545,48.43176833451426,3.0,positive
74.23857747466676,54.88292338262892,48.0,5.0,54.08696185681592,51.99020136262386,33.94685924824539,positive
74.78642208347203,54.75971823608296,1.0,5.0,60.25535240911934,54.8676917568218,13.983383258073825,positive
63.0,50.80138153465502,48.0,5.0,54.37951977758659,77.46911447789813,80.73483847072131,positive
69.25896932924641,49.0,37.168515483972556,5.0,58.08764668264078,54.13194481103836,35.32941841175638,positive
73.80197554819895,49.957508978966715,45.54220994751902,5.0,47.0320861731131,63.53871347174093,3.0,positive
69.48469872506536,60.83915969477459,48.0,5.0,52.06516569658686,44.46789592420462,37.83416349609,positive
71.91683178301992,54.5600557974954,1.0,5.0,41.05725967992778,54.244626290166956,25.678273551901334,positive
63.0,50.507394977647984,48.0,5.0,61.806989245269214,76.82626427314214,79.05594595660281,positive
65.06265963062718,49.0,36.96167535120078,5.0,56.35520074468375,48.46898787085846,35.810675823365806,positive
76.60142325840465,52.47165174479491,1.0,5.0,43.22156188189409,54.005819350660786,1.2028642749978131,positive
75.60251445804934,57.42441037430047,48.0,5.0,51.51469649161373,51.945961852733625,37.787036626810576,positive
76.6555235182564,56.46826868325337,1.0,2.36329685552148,13.107569684196108,47.20882796632635,2.1883724298053755,positive
63.14568435073263,44.90466335956244,48.0,5.0,55.96113971020094,76.0,79.0,positive
73.57943267137175,49.0,35.08315101338286,5.0,50.38216936307795,54.776120428782065,30.79462499467568,positive
73.64596339972262,53.28863282759187,1.0,3.4892172729135402,29.79091471835197,55.43593111173034,3.0,positive
75.40812927626357,49.906317492066655,48.0,5.0,52.649729103588086,53.475648156487495,35.01964598231638,positive
71.22734271159501,56.61756976604308,1.0,5.0,41.25610546736215,54.97265356003973,1.328141259625412,positive
63.892623264982326,54.86265484910622,48.0,5.0,49.30813619207222,77.82804124168545,74.9424446333228,positive
72.37317417567166,49.0,6.486640612156258,5.0,46.71758860708893,54.68497182794471,31.697400274449855,positive
68.39944189573026,46.01532284050867,1.0,5.0,56.538261397868624,56.4839849652105,6.03112885120802,positive
72.82450637432433,52.05839304009864,48.0,5.0,52.32095240967616,46.09366043237734,35.33897747558431,positive
75.18196125632562,56.584589748952226,19.15825773218176,5.0,44.79696366119371,59.51251174211886,1.005341021755794,positive
63.0,51.20549337263469,48.0,5.0,60.04438258985327,78.3290988481711,79.34699608810374,positive
68.6529819195573,49.0,6.396114835332167,5.0,50.44159978502561,54.516182183222654,33.99801319558586,positive
76.7439733343213,50.46797851718885,1.0,5.0,39.39743025516085,58.86102022535766,1.7639525430847576,positive
84.95282172615487,56.67546909762166,48.0,5.0,52.63052180872519,37.04598098469306,36.00977295908916,positive
73.96248502552505,49.472144365170806,1.0,5.0,37.51462551779917,54.529801398499956,13.2340056943877,positive
65.00482476434541,42.965641505142194,48.0,5.0,55.759304120178555,76.0,79.0,positive
72.49013107056744,49.0,2.693345010467007,5.0,52.52202807168491,54.64316439940475,32.31833808980134,positive
71.9088514879121,48.51142166650868,1.0,2.301516105122374,27.924313242651884,54.27992703687774,3.0,positive
70.1196067275216,54.932351097636534,48.0,5.0,52.69019251966821,49.814830661189426,37.521200042044065,positive
75.89855018552207,56.09317411582495,1.0,1.6717736279815307,27.44068428611463,52.18368276757883,1.9225216872889437,positive
63.614526588105775,56.498969496930634,48.0,5.0,50.51513165342157,76.73760102505335,73.72945406279331,positive
84.84379396852809,49.0742698484294,33.641751853686166,5.0,55.66367308746944,53.25575840565677,32.46155528806127,positive
72.28308733616258,50.65087153270483,18.497893396607868,5.0,47.779748895757805,65.29971966972093,3.0,positive
81.64682459083049,49.05885601125228,48.0,5.0,52.31406038127312,49.53565706170008,35.251356945863876,positive
75.34582027001609,56.11953538819437,44.1169166161887,5.0,37.67209553085045,65.43168479058646,1.1953730747933464,positive
63.49927624435427,50.21123030254972,48.0,5.0,51.43122512440075,76.483675668536,76.94727148049729,positive
64.23322645667638,49.0,17.900160377116713,5.0,55.8257146489762,48.29558219800505,31.35274786108878,positive
72.06432076086084,56.007554247771495,1.0,5.0,41.10891299054667,57.859950582339344,1.3323903217940405,positive
83.98022916264986,51.80974995222531,48.0,5.0,51.908227102605544,52.41201719149979,35.825577362603035,positive
71.49382758459036,48.272039428579916,1.0,5.0,51.45085808543307,57.43177036563642,1.1018587948765182,positive
63.0,49.74829910731724,48.0,5.0,58.139249678771215,78.4553829268697,79.36314172511945,positive
69.74830841085128,49.0,39.782345632910555,5.0,55.066875385973766,54.877503997912875,35.082437341977055,positive
73.30978906465846,48.60801953515593,1.0,5.0,38.849701553184,56.42608158378109,1.219788897865305,positive
84.34228889281323,50.142512770202934,48.0,5.0,52.84952202879447,45.44248519700959,35.97275322465397,positive
76.45856259122955,56.445578677967724,1.0,4.0696036190366085,19.316514217672115,52.72453608910532,1.270548125684697,positive
63.565960765228404,49.21341234666932,48.0,5.0,48.965612456197796,77.48577906322728,73.81705671842082,positive
70.85634433557534,47.81465959682771,1.0,5.0,57.48741724588256,55.99818616460107,20.79324678168629,positive
72.08741578030128,52.54624838862428,35.82729224795032,5.0,50.016199497363054,67.54756762027847,3.0,positive
68.4421063730837,54.44962038827639,48.0,5.0,51.47227406673135,40.00670898730678,36.62689372648157,positive
71.81874925456447,54.644439550162254,1.0,5.0,50.88798203880792,54.14022508995943,22.04765455507554,positive
63.0,49.75969778126636,48.0,5.0,54.51974212387033,78.93314686794623,79.03266866751233,positive
62.8589532783411,49.0,11.608537804067979,5.0,53.09304386772806,50.561477084670145,32.39885803842531,positive
73.17476516034417,52.1425240356718,1.0,2.599619120893038,49.54614286897848,55.99057704832628,3.0,positive
74.68019893305008,57.073365751746,48.0,5.0,51.31242194915341,48.439939093657955,36.78424438264488,positive
75.20355818786871,55.16349885164077,1.0,2.075451594837117,14.324293211120253,52.61193215837942,1.3791254823279868,positive
54.578006628711265,49.708402271406186,48.0,5.0,60.60938803777275,76.0,79.0,positive
61.97489284839353,49.0,15.393160444048393,5.0,54.2184140817906,50.0743203460538,30.498909488870904,positive
73.15123464104254,56.536837630980735,1.0,5.0,51.4903353889535,57.096732510016224,1.1797833564235851,positive
76.90655354140546,55.425914202136305,48.0,5.0,52.09584967501598,39.532590453505904,36.55535595460344,positive
76.0607746448475,52.67500816760233,1.0,5.0,58.97080533280551,54.250431991173556,22.404402382844072,positive
67.90711607102861,42.354847753207146,48.0,5.0,55.50363376776083,76.0,79.0,positive
69.99292598761737,48.37760266833437,1.0,5.0,57.633051090997746,56.09315130686779,6.6666000788471145,positive
69.21421828296893,48.79311481056092,1.0,5.0,55.2931120121706,57.78200775307452,13.796997711253988,positive
76.04675925045751,56.45419339476448,48.0,5.0,52.12331696225289,40.60406289960807,35.68858986891608,positive
75.661757544546,56.70412416573173,18.237599859121786,5.0,41.77118696561976,67.00713446729364,1.565516261827223,positive
58.08128165574491,49.716127983012115,48.0,5.0,59.77211074463493,76.0,79.0,positive
78.81942139336996,50.61867312088767,30.913924050279473,5.0,58.60236707795741,54.68102397859064,32.48621364192438,positive
71.3348512685733,52.593338588214316,1.0,3.159054973127347,44.24978227066172,48.749138040099496,3.0,positive
84.57894495626677,72.81889310716917,48.0,5.0,55.16201668779727,51.20183780002939,34.51637277767609,positive
74.33881662539223,48.00232397493221,1.0,5.0,45.881956018889944,54.24235420712395,1.8845456949935553,positive
68.09275466916819,43.37011626225516,48.0,5.0,56.796909543461354,76.0,79.0,positive
68.59603990905009,51.89262742703683,42.85424932700522,5.0,59.49909103231206,54.437168719041246,33.752741921890795,positive
69.4259089979773,46.01568720144422,1.0,5.0,56.047691334472745,58.92081140301884,12.639708370026238,positive
83.08742260807877,49.18936345986795,48.0,5.0,52.74773794608243,49.42926012339771,35.62686127437932,positive
76.0712776277211,54.06698568875374,1.0,5.0,51.53946749525849,57.49545271497263,2.532062555702287,positive
63.80208823561057,56.62830725875867,48.0,5.0,51.2109168585664,77.36347076118011,77.01890796273196,positive
68.57982299661099,49.0,34.59734971028019,5.0,60.82459316771595,54.69544115861736,35.23695825026934,positive
73.53271335512117,47.980249260492506,1.0,3.7111573520201357,51.67691580348334,55.0892071880108,3.0,positive
83.9931107927059,52.74876514647774,48.0,5.0,47.292052941090404,53.816033667470435,35.95182088926571,positive
70.27846363599899,49.15424229778906,1.0,5.0,37.765404157842866,54.560460594440805,26.284740575345523,positive
64.37765673723266,45.203740598855056,48.0,5.0,56.5255792089724,76.0,79.0,positive
62.46432146553959,49.0,9.8669474402317,5.0,61.39725669131811,48.86325593211636,31.21258102209004,positive
72.81941805912881,55.40021372761596,1.0,5.0,48.56214239194376,56.38108976372882,1.0189086593230305,positive
78.94086032159429,60.035359978251726,48.0,5.0,53.30988230305887,51.45160081240002,32.071034563711045,positive
76.33933527762069,56.36915115774218,23.419810615476162,5.0,38.82164323375262,58.42558629829256,2.1373401982236575,positive
