@relation ecoli4
@attribute Mcg real [0.0, 0.89]
@attribute Gvh real [0.16, 1.0]
@attribute Lip real [0.48, 1.0]
@attribute Chg real [0.5, 1.0]
@attribute Aac real [0.0, 0.88]
@attribute Alm1 real [0.03, 1.0]
@attribute Alm2 real [0.0, 0.99]
@attribute Class {positive, negative}
@data
0.49,0.29,0.48,0.5,0.56,0.24,0.35,negative
0.07,0.4,0.48,0.5,0.54,0.35,0.44,negative
0.59,0.49,0.48,0.5,0.52,0.45,0.36,negative
0.23,0.32,0.48,0.5,0.55,0.25,0.35,negative
0.67,0.39,0.48,0.5,0.36,0.38,0.46,negative
0.29,0.28,0.48,0.5,0.44,0.23,0.34,negative
0.21,0.34,0.48,0.5,0.51,0.28,0.39,negative
0.2,0.44,0.48,0.5,0.46,0.51,0.57,negative
0.42,0.4,0.48,0.5,0.56,0.18,0.3,negative
0.42,0.24,0.48,0.5,0.57,0.27,0.37,negative
0.25,0.48,0.48,0.5,0.44,0.17,0.29,negative
0.39,0.32,0.48,0.5,0.46,0.24,0.35,negative
0.51,0.5,0.48,0.5,0.46,0.32,0.35,negative
0.22,0.43,0.48,0.5,0.48,0.16,0.28,negative
0.34,0.45,0.48,0.5,0.38,0.24,0.35,negative
0.41,0.57,0.48,0.5,0.39,0.21,0.32,negative
0.31,0.23,0.48,0.5,0.73,0.05,0.14,negative
0.51,0.54,0.48,0.5,0.41,0.34,0.43,negative
0.36,0.39,0.48,0.5,0.48,0.22,0.23,negative
0.29,0.37,0.48,0.5,0.48,0.44,0.52,negative
0.25,0.4,0.48,0.5,0.47,0.33,0.42,negative
0.21,0.51,0.48,0.5,0.5,0.32,0.41,negative
0.43,0.37,0.48,0.5,0.53,0.35,0.44,negative
0.43,0.39,0.48,0.5,0.47,0.31,0.41,negative
0.53,0.38,0.48,0.5,0.44,0.26,0.36,negative
0.34,0.33,0.48,0.5,0.38,0.35,0.44,negative
0.56,0.51,0.48,0.5,0.34,0.37,0.46,negative
0.4,0.29,0.48,0.5,0.42,0.35,0.44,negative
0.36,0.54,0.48,0.5,0.41,0.38,0.46,negative
0.29,0.52,0.48,0.5,0.42,0.29,0.39,negative
0.32,0.42,0.48,0.5,0.35,0.28,0.38,negative
0.33,0.45,0.48,0.5,0.52,0.32,0.41,negative
0.3,0.37,0.48,0.5,0.59,0.41,0.49,negative
0.4,0.5,0.48,0.5,0.45,0.39,0.47,negative
0.61,0.45,0.48,0.5,0.48,0.35,0.41,negative
0.17,0.38,0.48,0.5,0.45,0.42,0.5,negative
0.44,0.35,0.48,0.5,0.55,0.55,0.61,negative
0.43,0.4,0.48,0.5,0.39,0.28,0.39,negative
0.42,0.35,0.48,0.5,0.58,0.15,0.27,negative
0.37,0.52,0.48,0.5,0.42,0.42,0.36,negative
0.29,0.3,0.48,0.5,0.45,0.03,0.17,negative
0.22,0.36,0.48,0.5,0.35,0.39,0.47,negative
0.23,0.58,0.48,0.5,0.37,0.53,0.59,negative
0.47,0.47,0.48,0.5,0.22,0.16,0.26,negative
0.4,0.35,0.48,0.5,0.45,0.33,0.42,negative
0.44,0.34,0.48,0.5,0.3,0.33,0.43,negative
0.42,0.38,0.48,0.5,0.54,0.34,0.43,negative
0.44,0.56,0.48,0.5,0.5,0.46,0.54,negative
0.52,0.36,0.48,0.5,0.41,0.28,0.38,negative
0.36,0.41,0.48,0.5,0.48,0.47,0.54,negative
0.18,0.3,0.48,0.5,0.46,0.24,0.35,negative
0.47,0.29,0.48,0.5,0.51,0.33,0.43,negative
0.24,0.43,0.48,0.5,0.54,0.52,0.59,negative
0.25,0.37,0.48,0.5,0.41,0.33,0.42,negative
0.52,0.57,0.48,0.5,0.42,0.47,0.54,negative
0.35,0.48,0.48,0.5,0.56,0.4,0.48,negative
0.44,0.51,0.48,0.5,0.47,0.26,0.36,negative
0.37,0.5,0.48,0.5,0.42,0.36,0.45,negative
0.44,0.42,0.48,0.5,0.42,0.25,0.2,negative
0.24,0.43,0.48,0.5,0.37,0.28,0.38,negative
0.42,0.3,0.48,0.5,0.48,0.26,0.36,negative
0.48,0.42,0.48,0.5,0.45,0.25,0.35,negative
0.29,0.41,0.48,0.5,0.48,0.38,0.46,negative
0.34,0.28,0.48,0.5,0.41,0.35,0.44,negative
0.41,0.43,0.48,0.5,0.45,0.31,0.41,negative
0.29,0.47,0.48,0.5,0.41,0.23,0.34,negative
0.34,0.55,0.48,0.5,0.58,0.31,0.41,negative
0.36,0.56,0.48,0.5,0.43,0.45,0.53,negative
0.52,0.44,0.48,0.5,0.37,0.36,0.42,negative
0.5,0.51,0.48,0.5,0.27,0.23,0.34,negative
0.53,0.42,0.48,0.5,0.16,0.29,0.39,negative
0.34,0.46,0.48,0.5,0.52,0.35,0.44,negative
0.4,0.42,0.48,0.5,0.37,0.27,0.27,negative
0.41,0.43,0.48,0.5,0.5,0.24,0.25,negative
0.3,0.45,0.48,0.5,0.36,0.21,0.32,negative
0.31,0.47,0.48,0.5,0.29,0.28,0.39,negative
0.64,0.76,0.48,0.5,0.45,0.35,0.38,negative
0.35,0.37,0.48,0.5,0.3,0.34,0.43,negative
0.57,0.54,0.48,0.5,0.37,0.28,0.33,negative
0.65,0.55,0.48,0.5,0.34,0.37,0.28,negative
0.51,0.46,0.48,0.5,0.58,0.31,0.41,negative
0.38,0.4,0.48,0.5,0.63,0.25,0.35,negative
0.24,0.57,0.48,0.5,0.63,0.34,0.43,negative
0.38,0.26,0.48,0.5,0.54,0.16,0.28,negative
0.33,0.47,0.48,0.5,0.53,0.18,0.29,negative
0.24,0.34,0.48,0.5,0.38,0.3,0.4,negative
0.26,0.5,0.48,0.5,0.44,0.32,0.41,negative
0.49,0.43,0.48,0.5,0.49,0.3,0.4,negative
0.47,0.28,0.48,0.5,0.56,0.2,0.25,negative
0.34,0.35,0.48,0.5,0.51,0.49,0.56,negative
0.35,0.34,0.48,0.5,0.46,0.3,0.27,negative
0.41,0.51,0.48,0.5,0.58,0.2,0.31,negative
0.34,0.42,0.48,0.5,0.41,0.34,0.43,negative
0.25,0.26,0.48,0.5,0.39,0.32,0.42,negative
0.24,0.41,0.48,0.5,0.49,0.23,0.34,negative
0.04,0.31,0.48,0.5,0.41,0.29,0.39,negative
0.61,0.36,0.48,0.5,0.49,0.35,0.44,negative
0.34,0.51,0.48,0.5,0.44,0.37,0.46,negative
0.28,0.33,0.48,0.5,0.45,0.22,0.33,negative
0.4,0.46,0.48,0.5,0.42,0.35,0.44,negative
0.23,0.34,0.48,0.5,0.43,0.26,0.37,negative
0.37,0.44,0.48,0.5,0.42,0.39,0.47,negative
0.0,0.38,0.48,0.5,0.42,0.48,0.55,negative
0.3,0.44,0.48,0.5,0.49,0.22,0.33,negative
0.27,0.3,0.48,0.5,0.71,0.28,0.39,negative
0.17,0.52,0.48,0.5,0.49,0.37,0.46,negative
0.36,0.42,0.48,0.5,0.53,0.32,0.41,negative
0.4,0.41,0.48,0.5,0.55,0.22,0.33,negative
0.22,0.34,0.48,0.5,0.42,0.29,0.39,negative
0.44,0.35,0.48,0.5,0.44,0.52,0.59,negative
0.16,0.43,0.48,0.5,0.54,0.27,0.37,negative
0.06,0.61,0.48,0.5,0.49,0.92,0.37,negative
0.44,0.52,0.48,0.5,0.43,0.47,0.54,negative
0.63,0.47,0.48,0.5,0.51,0.82,0.84,negative
0.23,0.48,0.48,0.5,0.59,0.88,0.89,negative
0.43,0.4,0.48,0.5,0.58,0.75,0.78,negative
0.46,0.61,0.48,0.5,0.48,0.86,0.87,negative
0.27,0.35,0.48,0.5,0.51,0.77,0.79,negative
0.52,0.39,0.48,0.5,0.65,0.71,0.73,negative
0.29,0.47,0.48,0.5,0.71,0.65,0.69,negative
0.55,0.47,0.48,0.5,0.57,0.78,0.8,negative
0.12,0.67,0.48,0.5,0.74,0.58,0.63,negative
0.4,0.5,0.48,0.5,0.65,0.82,0.84,negative
0.73,0.36,0.48,0.5,0.53,0.91,0.92,negative
0.84,0.44,0.48,0.5,0.48,0.71,0.74,negative
0.48,0.45,0.48,0.5,0.6,0.78,0.8,negative
0.54,0.49,0.48,0.5,0.4,0.87,0.88,negative
0.48,0.41,0.48,0.5,0.51,0.9,0.88,negative
0.5,0.66,0.48,0.5,0.31,0.92,0.92,negative
0.72,0.46,0.48,0.5,0.51,0.66,0.7,negative
0.47,0.55,0.48,0.5,0.58,0.71,0.75,negative
0.33,0.56,0.48,0.5,0.33,0.78,0.8,negative
0.64,0.58,0.48,0.5,0.48,0.78,0.73,negative
0.54,0.57,0.48,0.5,0.56,0.81,0.83,negative
0.47,0.59,0.48,0.5,0.52,0.76,0.79,negative
0.63,0.5,0.48,0.5,0.59,0.85,0.86,negative
0.31,0.5,0.48,0.5,0.57,0.84,0.85,negative
0.33,0.45,0.48,0.5,0.45,0.88,0.89,negative
0.71,0.4,0.48,0.5,0.71,0.7,0.74,negative
0.5,0.37,0.48,0.5,0.66,0.64,0.69,negative
0.66,0.53,0.48,0.5,0.59,0.66,0.66,negative
0.6,0.61,0.48,0.5,0.54,0.67,0.71,negative
0.83,0.37,0.48,0.5,0.61,0.71,0.74,negative
0.63,0.54,0.48,0.5,0.65,0.79,0.81,negative
0.6,0.5,1.0,0.5,0.54,0.77,0.8,negative
0.16,0.51,0.48,0.5,0.33,0.39,0.48,negative
0.74,0.7,0.48,0.5,0.66,0.65,0.69,negative
0.2,0.46,0.48,0.5,0.57,0.78,0.81,negative
0.89,0.55,0.48,0.5,0.51,0.72,0.76,negative
0.7,0.46,0.48,0.5,0.56,0.78,0.73,negative
0.61,0.52,0.48,0.5,0.54,0.67,0.52,negative
0.33,0.37,0.48,0.5,0.46,0.65,0.69,negative
0.63,0.65,0.48,0.5,0.66,0.67,0.71,negative
0.41,0.51,0.48,0.5,0.53,0.75,0.78,negative
0.58,0.34,0.48,0.5,0.56,0.87,0.81,negative
0.59,0.56,0.48,0.5,0.55,0.8,0.82,negative
0.5,0.57,0.48,0.5,0.71,0.61,0.66,negative
0.6,0.46,0.48,0.5,0.45,0.81,0.83,negative
0.58,0.55,0.48,0.5,0.57,0.7,0.74,negative
0.36,0.47,0.48,0.5,0.51,0.69,0.72,negative
0.39,0.41,0.48,0.5,0.52,0.72,0.75,negative
0.48,0.49,0.48,0.5,0.52,0.77,0.71,negative
0.11,0.5,0.48,0.5,0.58,0.72,0.68,negative
0.31,0.36,0.48,0.5,0.58,0.94,0.94,negative
0.68,0.51,0.48,0.5,0.71,0.75,0.78,negative
0.69,0.39,0.48,0.5,0.57,0.76,0.79,negative
0.46,0.59,0.48,0.5,0.36,0.76,0.23,negative
0.36,0.45,0.48,0.5,0.38,0.79,0.17,negative
0.0,0.51,0.48,0.5,0.35,0.67,0.44,negative
0.3,0.51,0.48,0.5,0.42,0.61,0.34,negative
0.61,0.47,0.48,0.5,0.0,0.8,0.32,negative
0.85,0.53,0.48,0.5,0.53,0.52,0.35,negative
0.75,0.55,1.0,1.0,0.4,0.47,0.3,negative
0.7,0.39,1.0,0.5,0.51,0.82,0.84,negative
0.72,0.42,0.48,0.5,0.65,0.77,0.79,negative
0.79,0.41,0.48,0.5,0.66,0.81,0.83,negative
0.83,0.48,0.48,0.5,0.65,0.76,0.79,negative
0.69,0.43,0.48,0.5,0.59,0.74,0.77,negative
0.79,0.36,0.48,0.5,0.46,0.82,0.7,negative
0.75,0.37,0.48,0.5,0.64,0.7,0.74,negative
0.59,0.29,0.48,0.5,0.64,0.75,0.77,negative
0.67,0.37,0.48,0.5,0.54,0.64,0.68,negative
0.66,0.48,0.48,0.5,0.54,0.7,0.74,negative
0.76,0.71,0.48,0.5,0.5,0.71,0.75,negative
0.84,0.49,0.48,0.5,0.55,0.78,0.74,negative
0.77,0.55,0.48,0.5,0.51,0.78,0.74,negative
0.81,0.44,0.48,0.5,0.42,0.67,0.68,negative
0.63,0.42,0.48,0.5,0.48,0.77,0.8,negative
0.62,0.42,0.48,0.5,0.58,0.79,0.81,negative
0.86,0.39,0.48,0.5,0.59,0.89,0.9,negative
0.81,0.53,0.48,0.5,0.57,0.87,0.88,negative
0.87,0.49,0.48,0.5,0.61,0.76,0.79,negative
0.47,0.46,0.48,0.5,0.62,0.74,0.77,negative
0.76,0.41,0.48,0.5,0.5,0.59,0.62,negative
0.7,0.53,0.48,0.5,0.7,0.86,0.87,negative
0.64,0.45,0.48,0.5,0.67,0.61,0.66,negative
0.81,0.52,0.48,0.5,0.57,0.78,0.8,negative
0.73,0.26,0.48,0.5,0.57,0.75,0.78,negative
0.49,0.61,1.0,0.5,0.56,0.71,0.74,negative
0.88,0.42,0.48,0.5,0.52,0.73,0.75,negative
0.84,0.54,0.48,0.5,0.75,0.92,0.7,negative
0.63,0.51,0.48,0.5,0.64,0.72,0.76,negative
0.86,0.55,0.48,0.5,0.63,0.81,0.83,negative
0.79,0.54,0.48,0.5,0.5,0.66,0.68,negative
0.57,0.38,0.48,0.5,0.06,0.49,0.33,negative
0.78,0.44,0.48,0.5,0.45,0.73,0.68,negative
0.78,0.68,0.48,0.5,0.83,0.4,0.29,positive
0.67,0.88,0.48,0.5,0.73,0.5,0.25,positive
0.61,0.75,0.48,0.5,0.51,0.33,0.33,positive
0.67,0.84,0.48,0.5,0.74,0.54,0.37,positive
0.74,0.9,0.48,0.5,0.57,0.53,0.29,positive
0.73,0.84,0.48,0.5,0.86,0.58,0.29,positive
0.75,0.76,0.48,0.5,0.83,0.57,0.3,positive
0.77,0.57,0.48,0.5,0.88,0.53,0.2,positive
0.74,0.78,0.48,0.5,0.75,0.54,0.15,positive
0.56,0.68,0.48,0.5,0.77,0.36,0.45,positive
0.52,0.81,0.48,0.5,0.72,0.38,0.38,positive
0.64,0.57,0.48,0.5,0.7,0.33,0.26,positive
0.6,0.76,1.0,0.5,0.77,0.59,0.52,positive
0.69,0.59,0.48,0.5,0.77,0.39,0.21,positive
0.63,0.49,0.48,0.5,0.79,0.45,0.28,positive
0.68,0.63,0.48,0.5,0.73,0.4,0.3,positive
0.77,0.57,1.0,0.5,0.37,0.54,0.01,negative
0.66,0.49,1.0,0.5,0.54,0.56,0.36,negative
0.71,0.46,1.0,0.5,0.52,0.59,0.3,negative
0.67,0.55,1.0,0.5,0.66,0.58,0.16,negative
0.74,0.49,0.48,0.5,0.42,0.54,0.36,negative
0.7,0.61,0.48,0.5,0.56,0.52,0.43,negative
0.66,0.86,0.48,0.5,0.34,0.41,0.36,negative
0.73,0.78,0.48,0.5,0.58,0.51,0.31,negative
0.65,0.57,0.48,0.5,0.47,0.47,0.51,negative
0.72,0.86,0.48,0.5,0.17,0.55,0.21,negative
0.67,0.7,0.48,0.5,0.46,0.45,0.33,negative
0.67,0.81,0.48,0.5,0.54,0.49,0.23,negative
0.67,0.61,0.48,0.5,0.51,0.37,0.38,negative
0.63,1.0,0.48,0.5,0.35,0.51,0.49,negative
0.71,0.71,0.48,0.5,0.4,0.54,0.39,negative
0.66,0.74,0.48,0.5,0.31,0.38,0.43,negative
0.67,0.81,0.48,0.5,0.25,0.42,0.25,negative
0.64,0.72,0.48,0.5,0.49,0.42,0.19,negative
0.32,0.39,0.48,0.5,0.53,0.28,0.38,negative
0.7,0.64,0.48,0.5,0.47,0.51,0.47,negative
0.63,0.57,0.48,0.5,0.49,0.7,0.2,negative
0.74,0.82,0.48,0.5,0.49,0.49,0.41,negative
0.63,0.86,0.48,0.5,0.39,0.47,0.34,negative
0.63,0.71,0.48,0.5,0.6,0.4,0.39,negative
0.75,0.84,0.48,0.5,0.35,0.52,0.33,negative
0.63,0.65,0.48,0.5,0.39,0.44,0.35,negative
0.69,0.67,0.48,0.5,0.3,0.39,0.24,negative
0.7,0.71,0.48,0.5,0.42,0.84,0.85,negative
0.69,0.8,0.48,0.5,0.46,0.57,0.26,negative
0.64,0.66,0.48,0.5,0.41,0.39,0.2,negative
0.63,0.8,0.48,0.5,0.46,0.31,0.29,negative
0.69,0.59,0.48,0.5,0.46,0.44,0.52,negative
0.68,0.67,0.48,0.5,0.49,0.4,0.34,negative
0.64,0.78,0.48,0.5,0.5,0.36,0.38,negative
0.62,0.78,0.48,0.5,0.47,0.49,0.54,negative
0.76,0.73,0.48,0.5,0.44,0.39,0.39,negative
0.64,0.81,0.48,0.5,0.37,0.39,0.44,negative
0.29,0.39,0.48,0.5,0.52,0.4,0.48,negative
0.62,0.83,0.48,0.5,0.46,0.36,0.4,negative
0.56,0.54,0.48,0.5,0.43,0.37,0.3,negative
0.69,0.65,0.48,0.5,0.63,0.48,0.41,negative
0.43,0.59,0.48,0.5,0.52,0.49,0.56,negative
0.74,0.56,0.48,0.5,0.47,0.68,0.3,negative
0.71,0.57,0.48,0.5,0.48,0.35,0.32,negative
0.61,0.6,0.48,0.5,0.44,0.39,0.38,negative
0.59,0.61,0.48,0.5,0.42,0.42,0.37,negative
0.74,0.74,0.48,0.5,0.31,0.53,0.52,negative
0.61216450478445,0.7739022911822285,0.9096351073155142,0.5,0.7647866408066643,0.5813110680111071,0.4939332040333214,positive
0.7679028504015742,0.5899229211850445,0.48,0.5,0.8747571260039356,0.5341942991968515,0.21048574799212877,positive
0.6394320790398816,0.7801419802400297,0.48,0.5,0.5010411884268837,0.36009465349335307,0.38,positive
0.6506077168279185,0.5742430867311674,0.48,0.5,0.7148508035590859,0.34272926019350225,0.24939228317208148,positive
0.7303017289526808,0.6303017289526808,0.48,0.5,0.7968678193017872,0.3944779698836312,0.2458237590690496,positive
0.7478792922204256,0.7642414155591487,0.48,0.5,0.8130343377634051,0.5636378766612768,0.26818938330638453,positive
0.6249414834486956,0.49,0.48,0.5,0.7558550132786951,0.45,0.2901170331026089,positive
0.67,0.8539700592668406,0.48,0.5,0.6593473037242814,0.49628143703812005,0.24256287407624016,positive
0.6231406529048575,0.7828516322621439,0.48,0.5,0.47714836773785607,0.3168593470951424,0.30371869419028485,positive
0.5913464095512598,0.7191830119390747,0.48,0.5,0.6642058677644982,0.36,0.4225718916426477,positive
0.6773263749059876,0.8326736250940124,0.48,0.5,0.7204630002507,0.5363368125470063,0.3626736250940125,positive
0.738169226849189,0.8994769219569112,0.48,0.5,0.5741846243447108,0.5292153829353667,0.28895384391382223,positive
0.7304326874995242,0.8425961249971453,0.48,0.5,0.8474520625137977,0.5778365625023789,0.29,positive
0.68,0.6615476398028098,0.48,0.5,0.5407141611831414,0.4,0.33154763980280977,positive
0.6892524398766521,0.5887540664610867,0.48,0.5,0.7702491867077826,0.39074756012334794,0.21087215347723923,positive
0.7341380159686522,0.7758619840313478,0.48,0.5,0.6317251996081531,0.5224140479059568,0.30793099201567387,positive
0.6332717839472349,0.6102769722374429,1.0,0.5,0.6424581615355995,0.5733641080263826,0.43127524280737356,positive
0.7414103148535337,0.770127796025264,0.48,0.5,0.7561113643653128,0.5395298950488221,0.1523505247558895,positive
0.5444754069144581,0.7304549275280116,0.48,0.5,0.7505942586430725,0.367762296542771,0.4228319621003015,positive
0.6466192950117842,0.5799289425176762,0.48,0.5,0.7049644712588381,0.3415837662706223,0.26661929501178416,positive
0.7047660180013352,0.6423830090006676,0.48,0.5,0.7547660180013351,0.4,0.29752339819986645,positive
0.6920249513925462,0.8485357837249341,0.48,0.5,0.7362928432550132,0.5125856865100263,0.2185357837249341,positive
0.5955708733343343,0.49,0.48,0.5,0.5576033950067572,0.45,0.34885825333133125,positive
0.67,0.8608301844204157,0.48,0.5,0.734792453894896,0.5191698155795843,0.30750944673875275,positive
0.6197306191216833,0.827844952973466,0.48,0.5,0.4613469043915837,0.35919185736504977,0.39811433385178285,positive
0.5253531740313515,0.7926021843981077,0.48,0.5,0.7266914675391893,0.37732341298432426,0.3893680545548651,positive
0.7265217240066952,0.7834782759933048,0.48,0.5,0.5892754026488127,0.5117391379966524,0.3134782759933048,positive
0.7496878950812023,0.8418726295127862,0.48,0.5,0.3568663082135496,0.5203121049187978,0.32875158032480917,positive
0.730711269878377,0.8442676192702617,0.48,0.5,0.8393731735270683,0.5764436506081152,0.29,positive
0.6599953602086183,0.5999930403129272,0.48,0.5,0.7149965201564636,0.36499188036508184,0.2799953602086182,positive
0.6524900726204255,0.5749960290481702,0.48,0.5,0.7174861016685956,0.3449880871445105,0.24750992737957458,positive
0.775887009999213,0.690967973335432,0.48,0.5,0.83,0.4233069433377929,0.29137099666692895,positive
0.6020679705409672,0.7103687070167872,0.8924655318697057,0.5,0.7224366775577544,0.6065437643277376,0.52,positive
0.7493064148895103,0.7148550957734279,0.48,0.5,0.7903277978545447,0.5368978617034966,0.16551069148251718,positive
0.6138322759939471,0.8287664551987893,0.48,0.5,0.4760360824157377,0.36123354480121056,0.39876645519878945,positive
0.6752187014624491,0.5840874805849796,0.48,0.5,0.7493061820474287,0.37226244175493894,0.22478129853755088,positive
0.7791799599469481,0.6709795594164287,0.48,0.5,0.8341002002652597,0.41066052068967523,0.2826196395225325,positive
0.7358375118581093,0.7859464116312723,0.48,0.5,0.7488107176737455,0.5376214353474911,0.15594641163127235,positive
0.614168158292817,0.49,0.48,0.5,0.6831350684765146,0.45,0.31166368341436607,positive
0.67,0.8240622028631573,0.48,0.5,0.5781688363428555,0.4920088861233082,0.23401777224661638,positive
0.6249190158773484,0.7872975396933712,0.48,0.5,0.4727024603066289,0.3150809841226515,0.30016196824530306,positive
0.6103680468735021,0.6590133138027074,0.48,0.5,0.753210651042166,0.376789348957834,0.38703994140812237,positive
0.67,0.8504583875221902,0.48,0.5,0.7373854031194524,0.5295416124778098,0.3386248374334293,positive
0.6853681351653317,0.829759030926855,0.48,0.5,0.546586343642285,0.49878179152304664,0.24317268728456995,positive
0.7412162394330588,0.7951350422677649,0.48,0.5,0.8431756408504119,0.5743918802834705,0.2956081197165294,positive
0.6478625651073043,0.5817938476609565,0.48,0.5,0.7058969238304782,0.34375948893778263,0.2678625651073044,positive
0.6734273863847057,0.5833709545538822,0.48,0.5,0.746798340938588,0.37011286366164686,0.2265726136152943,positive
0.7463824346618267,0.7672351306763465,0.48,0.5,0.8010594772946139,0.5591473039854802,0.2457365199274011,positive
0.6429369248159208,0.8090707712181952,0.6810399870817316,0.5,0.7515984607931768,0.559330767988628,0.4279923039658841,positive
0.7745242367585599,0.6197666043441582,0.48,0.5,0.8573788162072008,0.4711849221387221,0.24071813082703855,positive
0.530435536352165,0.8005131487707592,0.48,0.5,0.708615778524911,0.3818973702458482,0.38094868512292407,positive
0.6476434265686617,0.5814651398529924,0.48,0.5,0.7057325699264961,0.3433759964951579,0.26764342656866164,positive
0.756305004061377,0.656305004061377,0.48,0.5,0.814203336040918,0.39736722267348634,0.26893778138789065,positive
0.743700741369263,0.7725985172614741,0.48,0.5,0.7796059309541037,0.5511022241077889,0.20551112053894446,positive
0.6232101921412602,0.49,0.48,0.5,0.744168796953506,0.45,0.2935796157174797,positive
0.6821291890942203,0.8834654825983487,0.48,0.5,0.7022761392132107,0.505198223897523,0.2569309651966973,positive
0.6111446417131151,0.7528616042827879,0.48,0.5,0.5071383957172121,0.32885535828688484,0.32771071657376966,positive
0.5302703858832495,0.7766212458794394,0.48,0.5,0.7328379823540618,0.37486480705837527,0.39797317529568654,positive
0.67,0.8485329557312865,0.48,0.5,0.7378667610671784,0.5314670442687135,0.34440113280614054,positive
0.7371571367784168,0.8658856413410013,0.48,0.5,0.5728428632215832,0.5243142735568336,0.29568572644316643,positive
0.7301096530964678,0.8406579185788068,0.48,0.5,0.8568200602024338,0.579451734517661,0.29,positive
0.68,0.6491645613052872,0.48,0.5,0.6150126321682767,0.4,0.3191645613052872,positive
0.6815678237661211,0.6237287049355156,0.48,0.5,0.7362712950644844,0.39843217623387894,0.2858895861049101,positive
0.7486547903105317,0.7626904193789364,0.48,0.5,0.8192383224842541,0.5659643709315952,0.2798218546579765,positive
0.6241025157859136,0.7875457323267584,0.8209527398760706,0.5,0.7596703503774657,0.572783917295776,0.4683517518873281,positive
0.7096754454982792,0.5850811386254301,0.48,0.5,0.7970537375601341,0.4244320296219888,0.20754056931271508,positive
0.579451095503039,0.8218902191006078,0.48,0.5,0.5654271516920988,0.3681097808993922,0.3918902191006078,positive
0.6447001617156525,0.5770502425734787,0.48,0.5,0.7035251212867393,0.33822528300239185,0.26470016171565247,positive
0.7748798924140811,0.6236788165548911,0.48,0.5,0.855600537929595,0.46656139861694695,0.24391903172672905,positive
0.7477125094273751,0.7645749811452498,0.48,0.5,0.8117000754190008,0.5631375282821253,0.2656876414106265,positive
0.6032101634358518,0.49,0.48,0.5,0.6091686031919996,0.45,0.3335796731282964,positive
0.6903371682132347,0.8664418878578436,0.48,0.5,0.7740638644620084,0.5271162242843128,0.2635581121421564,positive
0.6109746465050019,0.7524366162625048,0.48,0.5,0.5075633837374952,0.32902535349499806,0.32805070698999617,positive
0.5734670130667033,0.6857715770285872,0.48,0.5,0.7372943968380063,0.36769543603811616,0.43845684594282575,positive
0.67,0.8769481820979079,0.48,0.5,0.730762954475523,0.5030518179020921,0.25915545370627613,positive
0.7448387477955045,0.8709675132269725,0.48,0.5,0.4635475484988994,0.5251612522044955,0.30935499118201826,positive
0.7250504743299516,0.8432996837800322,0.48,0.5,0.8492760277148952,0.5734006324399354,0.2867003162199677,positive
0.713025085815582,0.646512542907791,0.48,0.5,0.7630250858155819,0.4,0.29669749141844176,positive
0.7799302958705819,0.679930295870582,0.48,0.5,0.8299535305803879,0.39999225509673136,0.28993804077385055,positive
0.7410442037688764,0.7779115924622474,0.48,0.5,0.7583536301510106,0.543132611306629,0.16566305653314503,positive
0.6122528241825812,0.7048622911783847,1.0,0.5,0.7230308406334388,0.5838735879087094,0.48732580217978355,positive
0.770680910375068,0.5774900141257475,0.48,0.5,0.8765954481246602,0.5211481651241165,0.2061281933756116,positive
0.5385996606213352,0.7495511029806605,0.48,0.5,0.7432495757766691,0.3707001696893324,0.41254940608733665,positive
0.6780375931915867,0.5852150372766347,0.48,0.5,0.7532526304682214,0.3756451118299041,0.22196240680841325,positive
0.757604546808307,0.657604546808307,0.48,0.5,0.8150696978722046,0.39751161631203413,0.27009293049627286,positive
0.7157269266103161,0.8146758191281199,0.48,0.5,0.743064836174376,0.5261296723487521,0.1846758191281199,positive
0.6747298533864123,0.5645497556440207,0.48,0.5,0.7750900488711959,0.4052701466135876,0.22781517104918556,positive
0.7031145564494885,0.889461301842711,0.48,0.5,0.654309585258312,0.5141919527640665,0.268922603685422,positive
0.6121809501852365,0.7674476014818921,0.48,0.5,0.49909524907381747,0.33654285055570954,0.34526665129665557,positive
0.5957292823045327,0.6953125495590854,0.48,0.5,0.6832288858318493,0.38041673274544724,0.41937490088182916,positive
0.7274688563775729,0.7825311436224271,0.48,0.5,0.5867497163264723,0.5112655718112136,0.3125311436224271,positive
0.6881823474708152,0.8333773038910481,0.48,0.5,0.5477924346303493,0.5003899128404659,0.24558486926069872,positive
0.7378457225398761,0.8870743352392569,0.48,0.5,0.6324740463435914,0.5407713873006192,0.29,positive
0.68,0.6479612471149354,0.48,0.5,0.6222325173103879,0.4,0.31796124711493534,positive
0.6505856779174676,0.574234271166987,0.48,0.5,0.7148199490844547,0.34270281350096116,0.2494143220825324,positive
0.7450500926315193,0.7649499073684807,0.48,0.5,0.7681261578939915,0.555150277894558,0.3024749536842403,positive
0.612654604058025,0.7030542817388874,1.0,0.5,0.7214906844442375,0.5836726979709875,0.4862543891786,positive
0.7742227286049642,0.6164500146546059,0.48,0.5,0.8588863569751791,0.4751045281354657,0.2380045574446776,positive
0.5447760799164745,0.7294777402714582,0.48,0.5,0.750970099895593,0.3676119600417628,0.42335813985383025,positive
0.6705636822434006,0.5822254728973603,0.48,0.5,0.7427891551407609,0.3666764186920808,0.22943631775659937,positive
0.7545296117808609,0.6545296117808609,0.48,0.5,0.8130197411872405,0.3971699568645401,0.26735965491632074,positive
0.7376182553792724,0.7834024923153252,0.48,0.5,0.7493195015369349,0.53863900307387,0.15340249231532513,positive
0.6336683986621273,0.5002715162539566,0.48,0.5,0.7855979216054472,0.44633160133787264,0.28146735946485096,positive
0.7096478204864644,0.8913279487104184,0.48,0.5,0.6393764103166528,0.5169919230656276,0.2726558974208368,positive
0.6189207704543982,0.7589207704543982,0.48,0.5,0.507026409848534,0.33892077045439817,0.3448679507573303,positive
0.5828376650335152,0.6704843062360354,0.48,0.5,0.7623874449888283,0.3676125550111717,0.42145291870810614,positive
0.7265637313714302,0.7834362686285699,0.48,0.5,0.8036341977928589,0.5612113992642863,0.3205067350499986,positive
0.7465597565800208,0.860641460519875,0.48,0.5,0.42568535523954154,0.5234402434199792,0.3162390263200833,positive
0.7485542898394534,0.7657828406421865,0.48,0.5,0.83216856524082,0.5707228550802733,0.2992771449197267,positive
0.6722990882194907,0.618448632329236,0.48,0.5,0.724224316164618,0.38652340438410865,0.29229908821949063,positive
0.6595271123276796,0.5778108449310718,0.48,0.5,0.7273379572587514,0.3534325347932155,0.24047288767232042,positive
0.7485827894070743,0.7656688423717024,0.48,0.5,0.8321258158893884,0.5707086052964627,0.29929139470353716,positive
0.6419296533440965,0.5713165599515662,1.0,0.5,0.6092696621809639,0.5690351733279518,0.4081875910824096,positive
0.7441553584494746,0.750912490853678,0.48,0.5,0.7680065532810565,0.5386148805168418,0.15692559741579098,positive
0.5261038063922105,0.790162629225316,0.48,0.5,0.7276297579902631,0.37694809680389474,0.3906816611863684,positive
0.6568978179281307,0.57,0.48,0.5,0.6468925722258749,0.3348279479794659,0.27448384393839775,positive
0.7572037423445824,0.6572037423445825,0.48,0.5,0.8148024948963882,0.3974670824827314,0.26973665986185097,positive
0.7372266837065612,0.78,0.48,0.5,0.7028536230115413,0.5316800511196837,0.19437306069501997,positive
0.6323631110873538,0.5089048886988297,0.48,0.5,0.7687320002138166,0.4216426669517555,0.2752737778252926,positive
0.7052999829545333,0.8564666780303111,0.48,0.5,0.8064832964014889,0.5470666439393778,0.2735333219696889,positive
0.6135108941321432,0.758777235330358,0.48,0.5,0.501222764669642,0.32648910586785684,0.3229782117357136,positive
0.6143919496544877,0.7479899370681097,0.48,0.5,0.5864271699161041,0.36,0.4024070440523233,positive
0.7144648072400789,0.7955351927599211,0.48,0.5,0.621427180693123,0.5177675963799606,0.3255351927599211,positive
0.7477804889894396,0.853317066063362,0.48,0.5,0.3988292422323274,0.5222195110105604,0.32112195595775866,positive
0.7431596085091485,0.787361565963406,0.48,0.5,0.8402605872362773,0.5734201957454257,0.29657980425457425,positive
0.6622197907315616,0.6033296860973423,0.48,0.5,0.7166648430486712,0.36888463378023273,0.28221979073156156,positive
0.7402843834627213,0.6402843834627213,0.48,0.5,0.8035229223084809,0.3955871537180802,0.2546972297446411,positive
0.7341033017149887,0.7758966982850113,0.48,0.5,0.6312912714373595,0.5223099051449663,0.30794834914250563,positive
0.6006240307280035,0.7607131779748613,0.995364343163402,0.5,0.7697325582594271,0.5895542637657117,0.5186627912971352,positive
0.7643683480751337,0.6235006932862305,0.48,0.5,0.865920870187834,0.5412633038497328,0.22815825962433187,positive
0.5861111376077355,0.8232222275215471,0.48,0.5,0.5481110422198879,0.3667777724784529,0.3932222275215471,positive
0.6624477971016194,0.57,0.48,0.5,0.6294497805377677,0.3364136563147484,0.27924096894424516,positive
0.7235951584406254,0.6517975792203127,0.48,0.5,0.7735951584406253,0.4,0.29564048415593747,positive
0.7389948713852719,0.78,0.48,0.5,0.7329128135496212,0.5369846141558156,0.16608205783565064,positive
0.6102322425269042,0.49,0.48,0.5,0.6565676370566034,0.45,0.3195355149461916,positive
0.7175881443329611,0.8482745704446926,0.48,0.5,0.8331076460547493,0.5634508591106149,0.28172542955530744,positive
0.6107969605715079,0.7507969605715079,0.48,0.5,0.509734346476164,0.3307969605715079,0.3313282676191799,positive
0.5463333235534067,0.7244166984514283,0.48,0.5,0.7529166544417584,0.36683333822329667,0.42608331621846174,positive
0.6971051879668259,0.8128948120331742,0.48,0.5,0.667719498755131,0.5264474060165871,0.3428948120331741,positive
0.6797756496953454,0.8827930427700987,0.48,0.5,0.7076556578392106,0.504189564155148,0.25558608554019735,positive
0.7123330018937194,0.8517779987375204,0.48,0.5,0.8217215041030588,0.5564440025249593,0.27822200126247965,positive
0.6812690000862862,0.630634500043143,0.48,0.5,0.7312690000862861,0.4,0.29987309999137135,positive
0.635232381914497,0.4987206365241617,0.48,0.5,0.7882558726951677,0.44476761808550297,0.2738955544330868,positive
0.7427594197791794,0.7744811604416413,0.48,0.5,0.7720753582334348,0.548278259337538,0.1913912966876902,positive
0.6020639653617239,0.7104648313186257,0.8926738011903557,0.5,0.7225287966803496,0.6065117228937914,0.52,positive
0.7569545466809375,0.6939318065310931,0.48,0.5,0.8473863667023439,0.5560909066381249,0.26522726659531215,positive
0.6108979624264538,0.7273654887032238,0.48,0.5,0.6208385864438686,0.3965269022593553,0.38826345112967764,positive
0.6899965077405064,0.5899986030962026,0.48,0.5,0.769995110836709,0.3899958092886078,0.21000349225949352,positive
0.6895896916358406,0.6347948458179202,0.48,0.5,0.7395896916358405,0.4,0.2990410308364159,positive
0.7334791183725242,0.8191252897648544,0.48,0.5,0.8217296979022332,0.566083526509903,0.24129234278466039,positive
0.6258203100017892,0.49,0.48,0.5,0.7617870925120773,0.45,0.2883593799964216,positive
0.7124730997975959,0.8516846001349361,0.48,0.5,0.8220250495614577,0.5566307997301279,0.27831539986506393,positive
0.6200272514809061,0.7750681287022652,0.48,0.5,0.48493187129773485,0.31997274851909396,0.30994549703818786,positive
0.5346838001968867,0.7622776493601187,0.48,0.5,0.7383547502461082,0.3726580999015567,0.40569665034455155,positive
0.7169955268008656,0.7930044731991344,0.48,0.5,0.6146785951976916,0.5165022365995672,0.3230044731991344,positive
0.7499404684373756,0.8403571893757461,0.48,0.5,0.35130969437773574,0.5200595315626244,0.3297618737495026,positive
0.7326029681423025,0.855617808853815,0.48,0.5,0.7845139238732272,0.5669851592884875,0.29,positive
0.6832959496283624,0.6316479748141812,0.48,0.5,0.7332959496283623,0.4,0.29967040503716375,positive
0.6855556754955824,0.6077772980176706,0.48,0.5,0.7522227019823294,0.39444432450441763,0.24999892053975875,positive
0.7459440031821111,0.7681119936357779,0.48,0.5,0.7975520254568886,0.5578320095463333,0.2391600477316662,positive
0.6043911176005883,0.6546131775858812,0.7716618847694092,0.5,0.6690042951864695,0.6251289408047063,0.52,positive
0.7469838117968424,0.5757540470507894,0.48,0.5,0.8483527412206583,0.48972167064447414,0.20287702352539472,positive
0.6208354543089426,0.7847911364227644,0.48,0.5,0.5351350004336052,0.3631940909485096,0.38,positive
0.6356512397632464,0.5352099181059715,0.48,0.5,0.7391388421307821,0.3821851228410428,0.26869752047350715,positive
0.7750113090318986,0.6251243993508848,0.48,0.5,0.8549434548405069,0.464852982585318,0.24510178128708754,positive
0.7327959500428727,0.78,0.48,0.5,0.6275311507288364,0.5183878501286182,0.2652647993140363,positive
0.637131131200495,0.509967167361386,0.48,0.5,0.781442642559406,0.44286886879950504,0.282852452480198,positive
0.7157323646372911,0.8930663898963689,0.48,0.5,0.6254688808290491,0.5195995848445533,0.2761327797927377,positive
0.611950926475077,0.7548773161876925,0.48,0.5,0.5051226838123075,0.328049073524923,0.326098147049846,positive
0.5263571661210902,0.789339210106457,0.48,0.5,0.7279464576513627,0.3768214169394549,0.3911250407119078,positive
0.6890487372740638,0.8209512627259362,0.48,0.5,0.6892033672691633,0.5304756313629682,0.35095126272593624,positive
0.7332942971578491,0.8913783820600918,0.48,0.5,0.5671261273533639,0.5261681698044852,0.2842522547067278,positive
0.730459114739818,0.8427546884389079,0.48,0.5,0.8466856725452786,0.57770442630091,0.29,positive
0.68,0.6362433762086438,0.48,0.5,0.6925397427481376,0.4,0.3062433762086437,positive
0.6875324852796644,0.5998700588813426,0.48,0.5,0.7601299411186574,0.39246751472033564,0.2322076324830208,positive
0.7491688010420601,0.7608311989579399,0.48,0.5,0.8196100130257504,0.5675064031261801,0.30041559947896995,positive
0.6352314980091661,0.6014582589587526,1.0,0.5,0.6349459242981967,0.572384250995417,0.4260493386422238,positive
0.7691967086903531,0.5756230391675289,0.48,0.5,0.8765190709915297,0.5302677637698824,0.19866118115058837,positive
0.5219960564368568,0.8035128165802156,0.48,0.5,0.722495070546071,0.37900197178157163,0.3834930987644994,positive
0.6551928237800828,0.5927892356701242,0.48,0.5,0.7113946178350621,0.356587441615145,0.2751928237800828,positive
0.7659746954793689,0.7174008120550162,0.48,0.5,0.83,0.4794767256169093,0.294675101506877,positive
0.6957626305318462,0.8431962420973627,0.48,0.5,0.7373607515805275,0.5147215031610549,0.2131962420973627,positive
0.6887549382242099,0.5879248970403498,0.48,0.5,0.77041502059193,0.39124506177579016,0.21145257207175516,positive
0.67,0.8401382914790758,0.48,0.5,0.7399654271302311,0.5398617085209242,0.3695851255627723,positive
0.6122716691563639,0.7681733532509107,0.48,0.5,0.4986416542181808,0.33681500746909154,0.3459016840945469,positive
0.6332552503025819,0.649476979040591,0.48,0.5,0.7455815832324727,0.38441841676752725,0.35843093712177276,positive
0.67,0.8611146094207419,0.48,0.5,0.7347213476448146,0.5188853905792581,0.3066561717377743,positive
0.739333946642659,0.8920073597119071,0.48,0.5,0.570666053357341,0.5286678932853178,0.2913321067146821,positive
0.7455216563257893,0.7779133746968427,0.48,0.5,0.836717515511316,0.5722391718371053,0.2977608281628946,positive
0.6531351716140119,0.5897027574210179,0.48,0.5,0.709851378710509,0.3529865503245209,0.2731351716140119,positive
0.6834751349727988,0.5791252249546647,0.48,0.5,0.7721749550090671,0.39652486502720125,0.21761234253173475,positive
0.7341177047414891,0.7758822952585109,0.48,0.5,0.6314713092686128,0.5223531142244671,0.3079411476292555,positive
0.6115871227736731,0.7715871227736731,0.6987348078844995,0.5,0.5961931583949036,0.5320643861316345,0.5315871227736731,positive
0.7264310700607732,0.5808922324848066,0.48,0.5,0.8200927213335633,0.45375437260635326,0.20544611624240333,positive
0.6197241897978556,0.8299448379595711,0.48,0.5,0.46071710652557557,0.36005516204042887,0.39994483795957114,positive
0.6422714820791888,0.5734072231187832,0.48,0.5,0.7017036115593916,0.3339750936385805,0.2622714820791889,positive
0.7188771415486376,0.6494385707743188,0.48,0.5,0.7688771415486375,0.4,0.2961122858451362,positive
0.7392744985837539,0.7843530084974762,0.48,0.5,0.7579805155787063,0.5429020056649841,0.1601570198274444,positive
0.6191773534292103,0.49,0.48,0.5,0.7169471356471695,0.45,0.30164529314157945,positive
0.7297433541620932,0.8401710972252711,0.48,0.5,0.8594439340178688,0.5796578055494577,0.28982890277472884,positive
0.624608896756826,0.7865222418920649,0.48,0.5,0.4734777581079352,0.31539110324317404,0.3007822064863481,positive
0.6200546030270647,0.7550682537838309,0.48,0.5,0.5673157147836566,0.36,0.3974522223513184,positive
0.67,0.8565049370304226,0.48,0.5,0.7358737657423943,0.5234950629695774,0.3204851889087319,positive
0.7202002563898684,0.8943429303971052,0.48,0.5,0.6152565568231579,0.5215143955956579,0.2786858607942105,positive
0.7050443962882893,0.8566370691411405,0.48,0.5,0.8059295252912935,0.5467258617177191,0.27336293085885954,positive
0.6807135308776979,0.6271458764892086,0.48,0.5,0.7328541235107914,0.39928646912230215,0.29357822210071927,positive
0.6655571891057422,0.5802228756422969,0.48,0.5,0.7357800647480391,0.3606686269268907,0.23444281089425775,positive
0.7493677221674986,0.7612645556650027,0.48,0.5,0.8249417773399891,0.5681031665024958,0.2905158325124795,positive
0.608621239635926,0.5530902487377768,0.5516955389318496,0.5,0.5717114883737028,0.6589699170874077,0.52,positive
0.7686775627173467,0.5792570609785738,0.48,0.5,0.8742694384418352,0.5304408124275511,0.19779593786224436,positive
0.5340352172959703,0.797240711549118,0.48,0.5,0.7046888538589415,0.3825518576901764,0.3812759288450882,positive
0.6346384997743241,0.5271079981945925,0.48,0.5,0.7482535020310834,0.3943380027081112,0.2707230004513519,positive
0.7204619892277287,0.6204619892277288,0.48,0.5,0.7903079928184858,0.39338466546974765,0.23707732375798107,positive
0.7390177584351311,0.7858934493892135,0.48,0.5,0.760804657213558,0.5439289662594756,0.16375138190816477,positive
0.624221957127233,0.49,0.48,0.5,0.750998210608823,0.45,0.291556085745534,positive
0.67,0.8748567584084389,0.48,0.5,0.7312858103978902,0.5051432415915611,0.26542972477468313,positive
0.6114373080303251,0.7504791026767751,0.48,0.5,0.5071253839393496,0.33095820535355014,0.33239551338387535,positive
0.6787697151054604,0.6305126187060582,0.48,0.5,0.7304100949648465,0.39958990503515346,0.30153785611817463,positive
0.7496932039162504,0.7603067960837496,0.48,0.5,0.8296548544057817,0.5698849514685939,0.3002684465732809,positive
0.7411683210431882,0.892990073740871,0.48,0.5,0.5442969370498604,0.5288316789568118,0.2946732841727526,positive
0.7332380224800754,0.8594281348804524,0.48,0.5,0.7660973480778128,0.5638098875996229,0.29,positive
0.6884617602449503,0.5961529590201985,0.48,0.5,0.7638470409798015,0.39153823975504964,0.2238441577954466,positive
0.6783125216485049,0.5705208694141748,0.48,0.5,0.773895826117165,0.4016874783514951,0.2236353914100776,positive
0.7410448161683809,0.7779103676632382,0.48,0.5,0.7583585293470473,0.5431344485051428,0.1656722425257137,positive
0.6007880522033943,0.741086747118538,0.959021285423499,0.5,0.7518747993219322,0.596304417627154,0.52,positive
0.7670987110424465,0.5975622450967584,0.48,0.5,0.8727467776061162,0.535802577915107,0.21450644478776756,positive
0.5418397774102646,0.7390207234166404,0.48,0.5,0.7472997217628307,0.36908011129486773,0.4182196104679629,positive
0.6655568842441879,0.5802227536976752,0.48,0.5,0.7357796379418631,0.3606682610930255,0.2344431157558121,positive
0.7045115831468685,0.6422557915734343,0.48,0.5,0.7545115831468684,0.4,0.29754884168531315,positive
0.7464083348450118,0.7671833303099765,0.48,0.5,0.8012666787600938,0.5592250045350352,0.24612502267517605,positive
0.6514252157974705,0.5257086929957842,0.48,0.5,0.7828582614008432,0.4285747842025295,0.2550039149029511,positive
0.67,0.8684324560776603,0.48,0.5,0.6986023807822208,0.49834749372538006,0.2466949874507601,positive
0.6367588713978717,0.7589196237992906,0.48,0.5,0.4564822572042566,0.3478392475985811,0.37459811899645284,positive
0.6040357325783523,0.6988724568192939,0.48,0.5,0.6630560780240016,0.38516327575905845,0.41225508636141234,positive
0.687652612299997,0.822347387700003,0.48,0.5,0.7598591888374966,0.5466197296124988,0.3545539642375027,positive
0.7203749652143153,0.8943928472040901,0.48,0.5,0.6148572223672792,0.5215892708061352,0.27878569440818013,positive
0.7475932502758897,0.7696269988964409,0.48,0.5,0.8336101245861653,0.5712033748620551,0.29879662513794486,positive
