@relation ecoli4
@attribute Mcg real [0.0, 0.89]
@attribute Gvh real [0.16, 1.0]
@attribute Lip real [0.48, 1.0]
@attribute Chg real [0.5, 1.0]
@attribute Aac real [0.0, 0.88]
@attribute Alm1 real [0.03, 1.0]
@attribute Alm2 real [0.0, 0.99]
@attribute Class {positive, negative}
@data
0.07,0.4,0.48,0.5,0.54,0.35,0.44,negative
0.56,0.4,0.48,0.5,0.49,0.37,0.46,negative
0.59,0.49,0.48,0.5,0.52,0.45,0.36,negative
0.23,0.32,0.48,0.5,0.55,0.25,0.35,negative
0.67,0.39,0.48,0.5,0.36,0.38,0.46,negative
0.29,0.28,0.48,0.5,0.44,0.23,0.34,negative
0.21,0.34,0.48,0.5,0.51,0.28,0.39,negative
0.42,0.4,0.48,0.5,0.56,0.18,0.3,negative
0.39,0.32,0.48,0.5,0.46,0.24,0.35,negative
0.51,0.5,0.48,0.5,0.46,0.32,0.35,negative
0.22,0.43,0.48,0.5,0.48,0.16,0.28,negative
0.25,0.4,0.48,0.5,0.46,0.44,0.52,negative
0.34,0.45,0.48,0.5,0.38,0.24,0.35,negative
0.44,0.27,0.48,0.5,0.55,0.52,0.58,negative
0.23,0.4,0.48,0.5,0.39,0.28,0.38,negative
0.41,0.57,0.48,0.5,0.39,0.21,0.32,negative
0.4,0.45,0.48,0.5,0.38,0.22,0.0,negative
0.51,0.54,0.48,0.5,0.41,0.34,0.43,negative
0.3,0.16,0.48,0.5,0.56,0.11,0.23,negative
0.36,0.39,0.48,0.5,0.48,0.22,0.23,negative
0.29,0.37,0.48,0.5,0.48,0.44,0.52,negative
0.25,0.4,0.48,0.5,0.47,0.33,0.42,negative
0.21,0.51,0.48,0.5,0.5,0.32,0.41,negative
0.53,0.38,0.48,0.5,0.44,0.26,0.36,negative
0.34,0.33,0.48,0.5,0.38,0.35,0.44,negative
0.56,0.51,0.48,0.5,0.34,0.37,0.46,negative
0.4,0.29,0.48,0.5,0.42,0.35,0.44,negative
0.24,0.35,0.48,0.5,0.31,0.19,0.31,negative
0.29,0.52,0.48,0.5,0.42,0.29,0.39,negative
0.65,0.47,0.48,0.5,0.59,0.3,0.4,negative
0.32,0.42,0.48,0.5,0.35,0.28,0.38,negative
0.38,0.46,0.48,0.5,0.48,0.22,0.29,negative
0.33,0.45,0.48,0.5,0.52,0.32,0.41,negative
0.3,0.37,0.48,0.5,0.59,0.41,0.49,negative
0.4,0.5,0.48,0.5,0.45,0.39,0.47,negative
0.28,0.38,0.48,0.5,0.5,0.33,0.42,negative
0.17,0.38,0.48,0.5,0.45,0.42,0.5,negative
0.43,0.4,0.48,0.5,0.39,0.28,0.39,negative
0.42,0.35,0.48,0.5,0.58,0.15,0.27,negative
0.23,0.33,0.48,0.5,0.43,0.33,0.43,negative
0.29,0.3,0.48,0.5,0.45,0.03,0.17,negative
0.22,0.36,0.48,0.5,0.35,0.39,0.47,negative
0.23,0.58,0.48,0.5,0.37,0.53,0.59,negative
0.47,0.47,0.48,0.5,0.22,0.16,0.26,negative
0.54,0.47,0.48,0.5,0.28,0.33,0.42,negative
0.51,0.37,0.48,0.5,0.35,0.36,0.45,negative
0.4,0.35,0.48,0.5,0.45,0.33,0.42,negative
0.44,0.34,0.48,0.5,0.3,0.33,0.43,negative
0.42,0.38,0.48,0.5,0.54,0.34,0.43,negative
0.52,0.36,0.48,0.5,0.41,0.28,0.38,negative
0.18,0.3,0.48,0.5,0.46,0.24,0.35,negative
0.47,0.29,0.48,0.5,0.51,0.33,0.43,negative
0.25,0.37,0.48,0.5,0.41,0.33,0.42,negative
0.25,0.37,0.48,0.5,0.43,0.26,0.36,negative
0.35,0.48,0.48,0.5,0.56,0.4,0.48,negative
0.26,0.26,0.48,0.5,0.34,0.25,0.35,negative
0.44,0.51,0.48,0.5,0.47,0.26,0.36,negative
0.37,0.5,0.48,0.5,0.42,0.36,0.45,negative
0.44,0.42,0.48,0.5,0.42,0.25,0.2,negative
0.24,0.43,0.48,0.5,0.37,0.28,0.38,negative
0.42,0.3,0.48,0.5,0.48,0.26,0.36,negative
0.48,0.42,0.48,0.5,0.45,0.25,0.35,negative
0.41,0.48,0.48,0.5,0.51,0.44,0.51,negative
0.44,0.28,0.48,0.5,0.43,0.27,0.37,negative
0.29,0.41,0.48,0.5,0.48,0.38,0.46,negative
0.34,0.28,0.48,0.5,0.41,0.35,0.44,negative
0.41,0.43,0.48,0.5,0.45,0.31,0.41,negative
0.29,0.47,0.48,0.5,0.41,0.23,0.34,negative
0.36,0.56,0.48,0.5,0.43,0.45,0.53,negative
0.4,0.46,0.48,0.5,0.52,0.49,0.56,negative
0.5,0.49,0.48,0.5,0.49,0.46,0.53,negative
0.52,0.44,0.48,0.5,0.37,0.36,0.42,negative
0.5,0.51,0.48,0.5,0.27,0.23,0.34,negative
0.53,0.42,0.48,0.5,0.16,0.29,0.39,negative
0.34,0.46,0.48,0.5,0.52,0.35,0.44,negative
0.41,0.43,0.48,0.5,0.5,0.24,0.25,negative
0.3,0.45,0.48,0.5,0.36,0.21,0.32,negative
0.31,0.47,0.48,0.5,0.29,0.28,0.39,negative
0.57,0.54,0.48,0.5,0.37,0.28,0.33,negative
0.38,0.4,0.48,0.5,0.63,0.25,0.35,negative
0.24,0.57,0.48,0.5,0.63,0.34,0.43,negative
0.38,0.26,0.48,0.5,0.54,0.16,0.28,negative
0.24,0.34,0.48,0.5,0.38,0.3,0.4,negative
0.44,0.49,0.48,0.5,0.39,0.38,0.4,negative
0.43,0.32,0.48,0.5,0.33,0.45,0.52,negative
0.49,0.43,0.48,0.5,0.49,0.3,0.4,negative
0.47,0.28,0.48,0.5,0.56,0.2,0.25,negative
0.32,0.33,0.48,0.5,0.6,0.06,0.2,negative
0.34,0.35,0.48,0.5,0.51,0.49,0.56,negative
0.38,0.3,0.48,0.5,0.43,0.29,0.39,negative
0.38,0.44,0.48,0.5,0.43,0.2,0.31,negative
0.41,0.51,0.48,0.5,0.58,0.2,0.31,negative
0.51,0.49,0.48,0.5,0.53,0.14,0.26,negative
0.25,0.51,0.48,0.5,0.37,0.42,0.5,negative
0.29,0.28,0.48,0.5,0.5,0.42,0.5,negative
0.25,0.26,0.48,0.5,0.39,0.32,0.42,negative
0.17,0.39,0.48,0.5,0.53,0.3,0.39,negative
0.04,0.31,0.48,0.5,0.41,0.29,0.39,negative
0.61,0.36,0.48,0.5,0.49,0.35,0.44,negative
0.34,0.51,0.48,0.5,0.44,0.37,0.46,negative
0.28,0.33,0.48,0.5,0.45,0.22,0.33,negative
0.4,0.46,0.48,0.5,0.42,0.35,0.44,negative
0.23,0.34,0.48,0.5,0.43,0.26,0.37,negative
0.37,0.44,0.48,0.5,0.42,0.39,0.47,negative
0.0,0.38,0.48,0.5,0.42,0.48,0.55,negative
0.39,0.31,0.48,0.5,0.38,0.34,0.43,negative
0.3,0.44,0.48,0.5,0.49,0.22,0.33,negative
0.17,0.52,0.48,0.5,0.49,0.37,0.46,negative
0.3,0.37,0.48,0.5,0.43,0.18,0.3,negative
0.26,0.4,0.48,0.5,0.36,0.26,0.37,negative
0.4,0.41,0.48,0.5,0.55,0.22,0.33,negative
0.44,0.35,0.48,0.5,0.44,0.52,0.59,negative
0.27,0.42,0.48,0.5,0.37,0.38,0.43,negative
0.16,0.43,0.48,0.5,0.54,0.27,0.37,negative
0.44,0.52,0.48,0.5,0.43,0.47,0.54,negative
0.23,0.48,0.48,0.5,0.59,0.88,0.89,negative
0.34,0.49,0.48,0.5,0.58,0.85,0.8,negative
0.43,0.4,0.48,0.5,0.58,0.75,0.78,negative
0.46,0.61,0.48,0.5,0.48,0.86,0.87,negative
0.55,0.47,0.48,0.5,0.57,0.78,0.8,negative
0.12,0.67,0.48,0.5,0.74,0.58,0.63,negative
0.73,0.36,0.48,0.5,0.53,0.91,0.92,negative
0.48,0.45,0.48,0.5,0.6,0.78,0.8,negative
0.54,0.49,0.48,0.5,0.4,0.87,0.88,negative
0.48,0.41,0.48,0.5,0.51,0.9,0.88,negative
0.5,0.66,0.48,0.5,0.31,0.92,0.92,negative
0.72,0.46,0.48,0.5,0.51,0.66,0.7,negative
0.47,0.55,0.48,0.5,0.58,0.71,0.75,negative
0.33,0.56,0.48,0.5,0.33,0.78,0.8,negative
0.47,0.59,0.48,0.5,0.52,0.76,0.79,negative
0.63,0.5,0.48,0.5,0.59,0.85,0.86,negative
0.49,0.42,0.48,0.5,0.53,0.79,0.81,negative
0.31,0.5,0.48,0.5,0.57,0.84,0.85,negative
0.74,0.44,0.48,0.5,0.55,0.88,0.89,negative
0.33,0.45,0.48,0.5,0.45,0.88,0.89,negative
0.45,0.4,0.48,0.5,0.61,0.74,0.77,negative
0.71,0.4,0.48,0.5,0.71,0.7,0.74,negative
0.5,0.37,0.48,0.5,0.66,0.64,0.69,negative
0.6,0.61,0.48,0.5,0.54,0.67,0.71,negative
0.83,0.37,0.48,0.5,0.61,0.71,0.74,negative
0.34,0.51,0.48,0.5,0.67,0.9,0.9,negative
0.63,0.54,0.48,0.5,0.65,0.79,0.81,negative
0.7,0.4,0.48,0.5,0.56,0.86,0.83,negative
0.6,0.5,1.0,0.5,0.54,0.77,0.8,negative
0.74,0.7,0.48,0.5,0.66,0.65,0.69,negative
0.2,0.46,0.48,0.5,0.57,0.78,0.81,negative
0.89,0.55,0.48,0.5,0.51,0.72,0.76,negative
0.7,0.46,0.48,0.5,0.56,0.78,0.73,negative
0.12,0.43,0.48,0.5,0.63,0.7,0.74,negative
0.61,0.52,0.48,0.5,0.54,0.67,0.52,negative
0.33,0.37,0.48,0.5,0.46,0.65,0.69,negative
0.41,0.51,0.48,0.5,0.53,0.75,0.78,negative
0.34,0.67,0.48,0.5,0.52,0.76,0.79,negative
0.58,0.34,0.48,0.5,0.56,0.87,0.81,negative
0.59,0.56,0.48,0.5,0.55,0.8,0.82,negative
0.51,0.4,0.48,0.5,0.57,0.62,0.67,negative
0.6,0.46,0.48,0.5,0.45,0.81,0.83,negative
0.37,0.47,0.48,0.5,0.39,0.76,0.79,negative
0.36,0.47,0.48,0.5,0.51,0.69,0.72,negative
0.39,0.41,0.48,0.5,0.52,0.72,0.75,negative
0.35,0.51,0.48,0.5,0.61,0.71,0.74,negative
0.31,0.44,0.48,0.5,0.5,0.79,0.82,negative
0.61,0.66,0.48,0.5,0.46,0.87,0.88,negative
0.48,0.49,0.48,0.5,0.52,0.77,0.71,negative
0.11,0.5,0.48,0.5,0.58,0.72,0.68,negative
0.31,0.36,0.48,0.5,0.58,0.94,0.94,negative
0.68,0.51,0.48,0.5,0.71,0.75,0.78,negative
0.69,0.39,0.48,0.5,0.57,0.76,0.79,negative
0.52,0.54,0.48,0.5,0.62,0.76,0.79,negative
0.46,0.59,0.48,0.5,0.36,0.76,0.23,negative
0.0,0.51,0.48,0.5,0.35,0.67,0.44,negative
0.1,0.49,0.48,0.5,0.41,0.67,0.21,negative
0.3,0.51,0.48,0.5,0.42,0.61,0.34,negative
0.61,0.47,0.48,0.5,0.0,0.8,0.32,negative
0.63,0.75,0.48,0.5,0.64,0.73,0.66,negative
0.71,0.52,0.48,0.5,0.64,1.0,0.99,negative
0.85,0.53,0.48,0.5,0.53,0.52,0.35,negative
0.63,0.49,0.48,0.5,0.54,0.76,0.79,negative
0.7,0.39,1.0,0.5,0.51,0.82,0.84,negative
0.72,0.42,0.48,0.5,0.65,0.77,0.79,negative
0.79,0.41,0.48,0.5,0.66,0.81,0.83,negative
0.83,0.48,0.48,0.5,0.65,0.76,0.79,negative
0.69,0.43,0.48,0.5,0.59,0.74,0.77,negative
0.79,0.36,0.48,0.5,0.46,0.82,0.7,negative
0.78,0.33,0.48,0.5,0.57,0.77,0.79,negative
0.75,0.37,0.48,0.5,0.64,0.7,0.74,negative
0.59,0.29,0.48,0.5,0.64,0.75,0.77,negative
0.67,0.37,0.48,0.5,0.54,0.64,0.68,negative
0.66,0.48,0.48,0.5,0.54,0.7,0.74,negative
0.64,0.46,0.48,0.5,0.48,0.73,0.76,negative
0.76,0.71,0.48,0.5,0.5,0.71,0.75,negative
0.84,0.49,0.48,0.5,0.55,0.78,0.74,negative
0.77,0.55,0.48,0.5,0.51,0.78,0.74,negative
0.81,0.44,0.48,0.5,0.42,0.67,0.68,negative
0.58,0.6,0.48,0.5,0.59,0.73,0.76,negative
0.62,0.42,0.48,0.5,0.58,0.79,0.81,negative
0.87,0.49,0.48,0.5,0.61,0.76,0.79,negative
0.7,0.53,0.48,0.5,0.7,0.86,0.87,negative
0.88,0.42,0.48,0.5,0.52,0.73,0.75,negative
0.84,0.54,0.48,0.5,0.75,0.92,0.7,negative
0.63,0.51,0.48,0.5,0.64,0.72,0.76,negative
0.86,0.55,0.48,0.5,0.63,0.81,0.83,negative
0.79,0.54,0.48,0.5,0.5,0.66,0.68,negative
0.78,0.44,0.48,0.5,0.45,0.73,0.68,negative
0.78,0.68,0.48,0.5,0.83,0.4,0.29,positive
0.63,0.69,0.48,0.5,0.65,0.41,0.28,positive
0.61,0.75,0.48,0.5,0.51,0.33,0.33,positive
0.67,0.84,0.48,0.5,0.74,0.54,0.37,positive
0.74,0.9,0.48,0.5,0.57,0.53,0.29,positive
0.73,0.84,0.48,0.5,0.86,0.58,0.29,positive
0.74,0.78,0.48,0.5,0.75,0.54,0.15,positive
0.68,0.76,0.48,0.5,0.84,0.45,0.27,positive
0.65,0.51,0.48,0.5,0.66,0.54,0.33,positive
0.52,0.81,0.48,0.5,0.72,0.38,0.38,positive
0.64,0.57,0.48,0.5,0.7,0.33,0.26,positive
0.6,0.76,1.0,0.5,0.77,0.59,0.52,positive
0.69,0.59,0.48,0.5,0.77,0.39,0.21,positive
0.63,0.49,0.48,0.5,0.79,0.45,0.28,positive
0.71,0.71,0.48,0.5,0.68,0.43,0.36,positive
0.68,0.63,0.48,0.5,0.73,0.4,0.3,positive
0.66,0.49,1.0,0.5,0.54,0.56,0.36,negative
0.71,0.46,1.0,0.5,0.52,0.59,0.3,negative
0.67,0.55,1.0,0.5,0.66,0.58,0.16,negative
0.68,0.49,1.0,0.5,0.62,0.55,0.28,negative
0.74,0.49,0.48,0.5,0.42,0.54,0.36,negative
0.7,0.61,0.48,0.5,0.56,0.52,0.43,negative
0.66,0.86,0.48,0.5,0.34,0.41,0.36,negative
0.65,0.57,0.48,0.5,0.47,0.47,0.51,negative
0.72,0.86,0.48,0.5,0.17,0.55,0.21,negative
0.67,0.7,0.48,0.5,0.46,0.45,0.33,negative
0.63,1.0,0.48,0.5,0.35,0.51,0.49,negative
0.57,0.59,0.48,0.5,0.39,0.47,0.33,negative
0.71,0.71,0.48,0.5,0.4,0.54,0.39,negative
0.66,0.74,0.48,0.5,0.31,0.38,0.43,negative
0.67,0.81,0.48,0.5,0.25,0.42,0.25,negative
0.64,0.72,0.48,0.5,0.49,0.42,0.19,negative
0.68,0.82,0.48,0.5,0.38,0.65,0.56,negative
0.32,0.39,0.48,0.5,0.53,0.28,0.38,negative
0.7,0.64,0.48,0.5,0.47,0.51,0.47,negative
0.63,0.57,0.48,0.5,0.49,0.7,0.2,negative
0.74,0.82,0.48,0.5,0.49,0.49,0.41,negative
0.63,0.83,0.48,0.5,0.4,0.39,0.19,negative
0.63,0.71,0.48,0.5,0.6,0.4,0.39,negative
0.71,0.86,0.48,0.5,0.4,0.54,0.32,negative
0.68,0.78,0.48,0.5,0.43,0.44,0.42,negative
0.64,0.84,0.48,0.5,0.37,0.45,0.4,negative
0.74,0.47,0.48,0.5,0.5,0.57,0.42,negative
0.75,0.84,0.48,0.5,0.35,0.52,0.33,negative
0.63,0.65,0.48,0.5,0.39,0.44,0.35,negative
0.69,0.67,0.48,0.5,0.3,0.39,0.24,negative
0.7,0.71,0.48,0.5,0.42,0.84,0.85,negative
0.69,0.8,0.48,0.5,0.46,0.57,0.26,negative
0.64,0.66,0.48,0.5,0.41,0.39,0.2,negative
0.63,0.8,0.48,0.5,0.46,0.31,0.29,negative
0.66,0.71,0.48,0.5,0.41,0.5,0.35,negative
0.69,0.59,0.48,0.5,0.46,0.44,0.52,negative
0.68,0.67,0.48,0.5,0.49,0.4,0.34,negative
0.64,0.78,0.48,0.5,0.5,0.36,0.38,negative
0.62,0.78,0.48,0.5,0.47,0.49,0.54,negative
0.76,0.73,0.48,0.5,0.44,0.39,0.39,negative
0.64,0.81,0.48,0.5,0.37,0.39,0.44,negative
0.62,0.83,0.48,0.5,0.46,0.36,0.4,negative
0.56,0.54,0.48,0.5,0.43,0.37,0.3,negative
0.69,0.66,0.48,0.5,0.41,0.5,0.25,negative
0.69,0.65,0.48,0.5,0.63,0.48,0.41,negative
0.74,0.56,0.48,0.5,0.47,0.68,0.3,negative
0.61,0.6,0.48,0.5,0.44,0.39,0.38,negative
0.59,0.61,0.48,0.5,0.42,0.42,0.37,negative
0.74,0.74,0.48,0.5,0.31,0.53,0.52,negative
0.6795732816133285,0.5726221360222142,0.48,0.5,0.7734755727955571,0.40042671838667143,0.22216450478445002,positive
0.6747571260039357,0.7526599764055099,0.48,0.5,0.8200770788149554,0.4458057008031485,0.2710485747992129,positive
0.6300473267466765,0.6894320790398816,0.48,0.5,0.6502366337333827,0.4096213860265877,0.27990534650664695,positive
0.614850803559086,0.7769723469246697,0.8896797449896474,0.5,0.7636353699032489,0.5793922831720815,0.48817684951624446,positive
0.697169548254468,0.6855220301163688,0.48,0.5,0.7306034579053616,0.4055220301163688,0.2844779698836312,positive
0.6342414155591487,0.49424141555914874,0.48,0.5,0.7624307988655333,0.46908637001616926,0.2906035388978718,positive
0.699882966897391,0.7074707417243478,0.48,0.5,0.6762061125865217,0.4274707417243478,0.3498829668973911,positive
0.63,0.6974371259237598,0.48,0.5,0.6314071851906004,0.4062814370381201,0.3209041925806792,positive
0.6165703264524288,0.8025626116194303,0.48,0.5,0.47714836773785607,0.34971097935728634,0.37599228516700156,positive
0.594447722684242,0.7708169880609252,0.48,0.5,0.7043267952243701,0.39959150596953735,0.37216339761218503,positive
0.674884249937325,0.8424421249686624,0.48,0.5,0.6984838755327375,0.54,0.36389468757834376,positive
0.7386923048922778,0.8973846097845557,0.48,0.5,0.5671230707630112,0.5310461560861778,0.2892153829353667,positive
0.7278365625023789,0.8365385000038063,0.48,0.5,0.8591346250009515,0.5743750625061852,0.28913462500095155,positive
0.7036607298521073,0.6930952796056196,0.48,0.5,0.6905654502464879,0.42366072985210734,0.34732145970421463,positive
0.6301245933538914,0.49099674683113054,0.48,0.5,0.7888786598149782,0.44850487975330416,0.2797508132922174,positive
0.6924140479059568,0.7641380159686523,0.48,0.5,0.8213789281410648,0.46862107185893515,0.2451719041880865,positive
0.6622735133773042,0.5789094053509216,0.48,0.5,0.7311829187282259,0.3567282160527651,0.23772648662269574,positive
0.68,0.6361113643653128,0.48,0.5,0.7351711544629569,0.40235052475588956,0.2985896851464663,positive
0.664475406914458,0.606713110371687,0.48,0.5,0.7183565551858435,0.37283196210030156,0.284475406914458,positive
0.6033096475058921,0.7633096475058921,0.9139491648468058,0.5,0.7203552874116187,0.5734517624705395,0.5233096475058922,positive
0.7047660180013352,0.6423830090006676,0.48,0.5,0.7547660180013351,0.4,0.29752339819986645,positive
0.7116822053524406,0.49629284325501316,0.48,0.5,0.4955141190601582,0.54,0.3505607351174802,positive
0.6411417466686687,0.6927854366671672,0.48,0.5,0.6541781550007508,0.41278543666716716,0.29114174666866877,positive
0.6539622694744803,0.6612452766306236,0.48,0.5,0.6883396311591685,0.40520754610510396,0.2895849077897921,positive
0.6781143338517829,0.672155047026534,0.48,0.5,0.49053876175663347,0.39811433385178285,0.3397306191216833,positive
0.6152787714137834,0.7233829350783787,0.48,0.5,0.6160595220940545,0.3973234129843243,0.38866170649216214,positive
0.7076811493377968,0.8588405746688984,0.48,0.5,0.4197102306287272,0.54,0.322898563327754,positive
0.7496878950812023,0.8418726295127862,0.48,0.5,0.3568663082135496,0.5203121049187978,0.32875158032480917,positive
0.7264436506081152,0.8343098409729843,0.48,0.5,0.8585774602432461,0.5707534915810996,0.2885774602432461,positive
0.7300115994784546,0.6550057997392273,0.48,0.5,0.7800115994784546,0.4,0.29499884005215454,positive
0.6675099273795746,0.5950277966628088,0.48,0.5,0.7449880871445105,0.4124900726204255,0.29500397095182984,positive
0.74,0.883548039996852,0.48,0.5,0.5946779400047219,0.531370996666929,0.27080604666299407,positive
0.7086117348687048,0.6086117348687048,0.48,0.5,0.7824078232458032,0.3920679705409672,0.2265437643277376,positive
0.68,0.6703277978545447,0.48,0.5,0.7641235212615377,0.4155106914825172,0.2906935851104897,positive
0.6306167724006053,0.4949341792048424,0.48,0.5,0.7844490483945523,0.44259873119273646,0.27876645519878945,positive
0.6493061820474287,0.8163499223399185,0.6337255047905292,0.5,0.7488687791225306,0.5547812985375509,0.41434389561265267,positive
0.7726196395225325,0.6726196395225326,0.48,0.5,0.8250797596816883,0.3991799599469481,0.28343967957558447,positive
0.6553517704681451,0.5088107176737455,0.48,0.5,0.6457286120849464,0.54,0.33178392348938174,positive
0.678336316585634,0.7020840791464085,0.48,0.5,0.6681261187196128,0.4220840791464085,0.32833631658563395,positive
0.63,0.7059822277533836,0.48,0.5,0.6100444306165409,0.4020088861233082,0.36790225264361,positive
0.6174595079386742,0.8096760635093938,0.48,0.5,0.4727024603066289,0.3523785238160227,0.38221655557071965,positive
0.5619733723945851,0.818394674478917,0.48,0.5,0.6108692317740788,0.371605325521083,0.388394674478917,positive
0.6856875812832853,0.84,0.48,0.5,0.7713751625665707,0.5504583875221902,0.34908322495561955,positive
0.74,0.8375635830460932,0.48,0.5,0.5075635830460933,0.49878179152304664,0.38365462543086004,positive
0.6963512817008237,0.84,0.48,0.5,0.7927025634016474,0.5575675211338824,0.3348649577322351,positive
0.7603435872317391,0.6701717936158695,0.48,0.5,0.810343587231739,0.4,0.29196564127682606,positive
0.6465726136152943,0.536403318122824,0.48,0.5,0.7701128636616469,0.43342738638470574,0.2866290454461177,positive
0.7146770426327872,0.8017053920290396,0.48,0.5,0.7463824346618267,0.54,0.22958643743981172,positive
0.6531969215863537,0.5286615359772561,0.48,0.5,0.7822676928045488,0.42680307841364634,0.2529369248159208,positive
0.6935727102756796,0.7373788162072008,0.48,0.5,0.7676122118630426,0.44095152648288033,0.31071813082703853,positive
0.6447434256146204,0.5718973702458481,0.48,0.5,0.7066407958604686,0.3356921107375445,0.2552565743853796,positive
0.6038217132843308,0.7638217132843308,0.9006354546073988,0.5,0.7126743007350378,0.5708914335783459,0.5238217132843308,positive
0.740508340102295,0.6826327773265137,0.48,0.5,0.7826100081227539,0.4026327773265137,0.2873672226734863,positive
0.6425985172614741,0.5025985172614741,0.48,0.5,0.7081096378004186,0.5066933276766333,0.3114962931536852,positive
0.6964203842825203,0.70660509607063,0.48,0.5,0.6749076441059452,0.4266050960706301,0.3464203842825203,positive
0.6438619303933946,0.6934654825983486,0.48,0.5,0.655198223897523,0.41346548259834864,0.29386193039339464,positive
0.6105723208565575,0.7545785668524607,0.48,0.5,0.5071383957172121,0.33171696256967276,0.3340062459959031,positive
0.601756438821064,0.7356759647081236,0.48,0.5,0.6308111576497484,0.3948648070583753,0.3874324035291877,positive
0.6827994335969297,0.84,0.48,0.5,0.7655988671938594,0.5485329557312865,0.352934088537427,positive
0.7314714103352503,0.8886285471136671,0.48,0.5,0.5216713252330851,0.5328428632215833,0.29852858966474966,positive
0.729451734517661,0.8391227752282576,0.48,0.5,0.8597806938070643,0.5785745097459185,0.2897806938070644,positive
0.6943734209789654,0.6683291226105744,0.48,0.5,0.706044298368391,0.4143734209789654,0.3287468419579308,positive
0.6468643524677579,0.5068643524677579,0.48,0.5,0.6803817089595744,0.5258895861049101,0.3221608811693945,positive
0.7305835321737224,0.7880712581368094,0.48,0.5,0.7486547903105317,0.54,0.1795946131683011,positive
0.6693407007549312,0.555567834591552,0.48,0.5,0.7768864330816896,0.4106592992450688,0.23410251578591357,positive
0.7554056931271509,0.6996754454982793,0.48,0.5,0.8324594306872849,0.4122971534364246,0.28508113862543016,positive
0.6340548904496961,0.5224391235975688,0.48,0.5,0.7535059859527351,0.40134131460364675,0.2718902191006078,positive
0.6023500808578263,0.7623500808578263,0.9388978976965179,0.5,0.7347487871326065,0.5782495957108688,0.5223500808578263,positive
0.733919031726729,0.633919031726729,0.48,0.5,0.7992793544844861,0.394879892414081,0.24903913931264804,positive
0.6345749811452498,0.4945749811452498,0.48,0.5,0.7602626225558763,0.4705874151536241,0.2914374528631245,positive
0.6564203268717036,0.6966050817179259,0.48,0.5,0.6599076225768888,0.4166050817179259,0.3064203268717036,positive
0.6333895280355392,0.7001685841066173,0.48,0.5,0.5957675514313743,0.4133895280355391,0.24949424768014808,positive
0.610487323252501,0.7538985860200077,0.48,0.5,0.5075633837374952,0.3314619697575029,0.33341126276750677,positive
0.5430863081143485,0.804228422971413,0.48,0.5,0.6776751017903611,0.3761522819809419,0.38,positive
0.7254222731468619,0.84,0.48,0.5,0.8508445462937239,0.5769481820979079,0.2961036358041841,positive
0.7448387477955045,0.8709675132269725,0.48,0.5,0.4635475484988994,0.5251612522044955,0.30935499118201826,positive
0.7308249209450081,0.8350504743299516,0.48,0.5,0.8509258696049113,0.5767003162199678,0.27845110676988716,positive
0.663487457092209,0.6498150514893491,0.48,0.5,0.7035799313475344,0.4033025085815582,0.2933949828368836,positive
0.63,0.6898451019346263,0.48,0.5,0.6501084286457615,0.41003097961307466,0.28,positive
0.6773094263821344,0.833734777386742,0.48,0.5,0.7410442037688764,0.54,0.34702751708472057,positive
0.6797893131811823,0.5859157252724729,0.48,0.5,0.7557050384536553,0.37774717581741885,0.22021068681881764,positive
0.6820427311252039,0.7565954481246602,0.48,0.5,0.8291054339989127,0.4486381792498641,0.2761281933756116,positive
0.6585996606213352,0.5978994909320028,0.48,0.5,0.7139497454660014,0.36254940608733666,0.27859966062133523,positive
0.6532526304682215,0.8208601491065388,0.6044090308074979,0.5,0.7471774440850479,0.5519624068084132,0.4058872204252398,positive
0.7426742446805117,0.6824883836879659,0.48,0.5,0.785209093616614,0.4024883836879659,0.2875116163120341,positive
0.6812082372153079,0.503064836174376,0.48,0.5,0.5767780340925123,0.54,0.340402745738436,positive
0.6876350733067939,0.6503601954847835,0.48,0.5,0.7172748778220103,0.4076350733067938,0.3152701466135876,positive
0.667845207370844,0.6994613018427109,0.48,0.5,0.6641919527640665,0.41946130184271097,0.317845207370844,positive
0.6252666512966556,0.7325523985181079,0.48,0.5,0.505638099629527,0.34526665129665557,0.3321809501852365,positive
0.5812501982363417,0.7946874504409146,0.48,0.5,0.6077079699000403,0.3697916336272764,0.38,positive
0.7083125709183818,0.859156285459191,0.48,0.5,0.41434314719375387,0.54,0.32210928635202263,positive
0.74,0.8407798256809316,0.48,0.5,0.5107798256809316,0.5003899128404659,0.37883026147860255,positive
0.6907713873006193,0.7772342196809907,0.48,0.5,0.8443085549202477,0.47800560698160993,0.2743085549202477,positive
0.6934709353362015,0.6659224942298707,0.48,0.5,0.7075484411063309,0.4134709353362015,0.326941870672403,positive
0.6694143220825324,0.6003601018310907,0.48,0.5,0.7427028135009611,0.41058567791746764,0.29576572883301294,positive
0.725150277894558,0.7750500926315194,0.48,0.5,0.772274583158163,0.517725416841837,0.17969944421088407,positive
0.6794544966183125,0.5857817986473249,0.48,0.5,0.7552362952656375,0.37734539594197497,0.22054550338168752,positive
0.6926681858148925,0.7388863569751791,0.48,0.5,0.7724363423205731,0.44155454279007167,0.3080045574446776,positive
0.6647760799164745,0.6071641198747116,0.48,0.5,0.7185820599373558,0.37335813985383026,0.2847760799164744,positive
0.642789155140761,0.808901891589441,0.6821377046686333,0.5,0.7516617906539597,0.5594363177565994,0.42830895326979807,positive
0.7375493529681014,0.6828300431354599,0.48,0.5,0.7790592235617217,0.4028300431354599,0.2871699568645401,positive
0.6530622430837927,0.509319501536935,0.48,0.5,0.6518340184432196,0.54,0.33102074769459755,positive
0.7041305621405962,0.71,0.48,0.5,0.6741305621405963,0.42779896080272356,0.3622010391972764,positive
0.6753117948416736,0.7013279487104184,0.48,0.5,0.6669919230656276,0.4213279487104184,0.32531179484167355,positive
0.6189207704543982,0.7589207704543982,0.48,0.5,0.507026409848534,0.33892077045439817,0.3448679507573303,positive
0.5390313875279292,0.8138062775055859,0.48,0.5,0.6705183924273839,0.37619372249441413,0.3838062775055859,positive
0.7194932649500014,0.8824227985285726,0.48,0.5,0.6198020708357109,0.5329295335785713,0.3134362686285698,positive
0.7465597565800208,0.860641460519875,0.48,0.5,0.42568535523954154,0.5234402434199792,0.3162390263200833,positive
0.6743371304816399,0.84,0.48,0.5,0.7486742609632798,0.5428914203210933,0.36421715935781346,positive
0.6992522794512734,0.6396261397256366,0.48,0.5,0.7492522794512734,0.4,0.29807477205487265,positive
0.6604728876723205,0.5753240854824971,0.48,0.5,0.7534325347932155,0.4195271123276796,0.2921891550689282,positive
0.7392913947035372,0.7842516317787768,0.48,0.5,0.7577946582610908,0.5428344211858512,0.1599204741504792,positive
0.655058622213253,0.5760234488853011,0.48,0.5,0.7210820710985542,0.34807034665590364,0.24494137778674702,positive
0.68,0.6480065532810565,0.48,0.5,0.7452363143147401,0.406925597415791,0.2958446415505254,positive
0.6461038063922105,0.5791557095883156,0.48,0.5,0.7045778547941578,0.3406816611863684,0.2661038063922105,positive
0.6072419219691988,0.757586026010267,0.8744733525338864,0.5,0.7386183381334716,0.6237956358562613,0.5537956358562613,positive
0.7420062372409707,0.6825329175172686,0.48,0.5,0.7844074846891648,0.40253291751726866,0.28746708248273134,positive
0.6638665814671938,0.5377331629343874,0.48,0.5,0.6322668370656126,0.5344533674131225,0.3577331629343875,positive
0.7052737778252925,0.6958213334758777,0.48,0.5,0.6681844445632314,0.44181555543676854,0.37181555543676853,positive
0.6358833304924222,0.7076499914772666,0.48,0.5,0.5558667121212445,0.4158833304924222,0.22705002556820003,positive
0.6117554470660715,0.7640435765285727,0.48,0.5,0.501222764669642,0.3352663411982148,0.3422881294625012,positive
0.6491808804294082,0.7420100629318904,0.48,0.5,0.6928040251727562,0.4139949685340548,0.36640201258637806,positive
0.6996432048267193,0.8548216024133596,0.48,0.5,0.48803275897288634,0.54,0.33294599396660096,positive
0.7477804889894396,0.853317066063362,0.48,0.5,0.3988292422323274,0.5222195110105604,0.32112195595775866,positive
0.6905211744725546,0.84,0.48,0.5,0.781042348945109,0.5536807829817031,0.34263843403659394,positive
0.7244505231710962,0.652225261585548,0.48,0.5,0.7744505231710961,0.4,0.29555494768289037,positive
0.63,0.6017430743616028,0.48,0.5,0.7117798479468781,0.4276513851276794,0.28,positive
0.6923099051449664,0.7641033017149887,0.48,0.5,0.8215351422825505,0.4684648577174495,0.24538018971006742,positive
0.689465116518854,0.5891085275314234,0.48,0.5,0.7701782944937153,0.39053488348114596,0.21062403072800356,positive
0.6659208701878341,0.7402892182629677,0.48,0.5,0.7864993067137694,0.4387366961502672,0.2728158259624332,positive
0.6333888862392265,0.5171110899138116,0.48,0.5,0.7595000238469619,0.40933336512928253,0.2732222275215471,positive
0.6096204844721226,0.7567931718426258,0.8332449358165419,0.5,0.7283112339541356,0.6348955942032387,0.5648955942032388,positive
0.7235951584406254,0.6517975792203127,0.48,0.5,0.7735951584406253,0.4,0.29564048415593747,positive
0.6550256430736409,0.5200512861472817,0.48,0.5,0.6499487138527184,0.5379897427705437,0.3400512861472817,positive
0.6704644850538084,0.700116121263452,0.48,0.5,0.6651741818951782,0.4201161212634521,0.3204644850538084,positive
0.6379313573888269,0.7137940721664806,0.48,0.5,0.5230982817787702,0.41793135738882686,0.2086177835005582,positive
0.6107969605715079,0.7507969605715079,0.48,0.5,0.509734346476164,0.3307969605715079,0.3313282676191799,positive
0.5575833602281316,0.7758333088835168,0.48,0.5,0.6789999706602201,0.3868333382232967,0.38341666911164834,positive
0.6880701253112173,0.8490350626556086,0.48,0.5,0.5864039348546535,0.54,0.3474123433609784,positive
0.6969826069252466,0.8139652138504934,0.48,0.5,0.4753617352355427,0.5644139144598026,0.264189564155148,positive
0.73294449968438,0.8223330018937194,0.48,0.5,0.827610503471819,0.5682220012624796,0.2487770044186787,positive
0.679365499956857,0.6307614000517717,0.48,0.5,0.7289847999309711,0.40012690000862866,0.29974619998274277,positive
0.6391279363475838,0.5630234907806706,0.48,0.5,0.7078485728717455,0.3404647638289941,0.2617441273048324,positive
0.6893159384542554,0.8234434813249238,0.48,0.5,0.7427594197791794,0.54,0.30929276485805435,positive
0.7085756882555153,0.6085756882555153,0.48,0.5,0.7823837921703436,0.39206396536172394,0.22651172289379143,positive
0.647386366702344,0.7143409133832814,0.48,0.5,0.7160681934689069,0.42390909336187516,0.27652272665953126,positive
0.6813172556483881,0.5865269022593552,0.48,0.5,0.7578441579077433,0.3795807067780657,0.21868274435161192,positive
0.669995110836709,0.8399944123848103,0.4800363194987328,0.5,0.7400020953556962,0.5400034922594936,0.37001047677848065,positive
0.6895896916358406,0.6347948458179202,0.48,0.5,0.7395896916358405,0.4,0.2990410308364159,positive
0.6108747102351455,0.4969582367450485,0.48,0.5,0.5687076572153396,0.4813120653527183,0.3495626448824272,positive
0.7016406200035784,0.7079101550008946,0.48,0.5,0.676865232501342,0.4279101550008946,0.35164062000357843,positive
0.637078849966266,0.7112365498987979,0.48,0.5,0.5367384005397443,0.417078849966266,0.21629035030360622,positive
0.615013625740453,0.7901090059236242,0.48,0.5,0.48493187129773485,0.34504087722135907,0.3650953801831712,positive
0.5896195494585619,0.7467095004922165,0.48,0.5,0.6440514005906598,0.3926580999015567,0.3863290499507784,positive
0.7013303512005771,0.8556651756002885,0.48,0.5,0.4736920147950949,0.54,0.3308370609992787,positive
0.7499404684373756,0.8403571893757461,0.48,0.5,0.35130969437773574,0.5200595315626244,0.3297618737495026,positive
0.7169851592884875,0.8191762548615799,0.48,0.5,0.854794063715395,0.5461614141500674,0.28479406371539495,positive
0.6783520251858188,0.6319775697770174,0.48,0.5,0.7273632402973101,0.40032959496283627,0.2993408100743275,positive
0.6388886490088352,0.4988886490088353,0.48,0.5,0.7322237814425707,0.4899989205397588,0.30222162252208823,positive
0.7116080222747776,0.8043359809073335,0.48,0.5,0.7459440031821111,0.54,0.23923192999355625,positive
0.7295200584052945,0.6295200584052946,0.48,0.5,0.7963467056035297,0.3943911176005883,0.24512894080470626,positive
0.7087702352539471,0.7369838117968424,0.48,0.5,0.8371229764746052,0.4356148823730265,0.27575404705078943,positive
0.6315970454742548,0.6708354543089425,0.48,0.5,0.657985227371274,0.39722363620596174,0.27680590905149044,positive
0.6260925614205214,0.6425834736076538,1.0,0.5,0.6699785145546681,0.5769537192897393,0.450419836211943,positive
0.7351017812870876,0.6351017812870876,0.48,0.5,0.8000678541913917,0.3950113090318986,0.25009047225518893,positive
0.6860202497856364,0.5820404995712727,0.48,0.5,0.5879595004287274,0.5255919000857455,0.4020404995712727,positive
0.698590190079208,0.71,0.48,0.5,0.6685901900792081,0.425721321279703,0.364278678720297,positive
0.6822655595854754,0.7030663898963688,0.48,0.5,0.6695995848445533,0.42306638989636886,0.33226555958547543,positive
0.6109754632375385,0.757803705900308,0.48,0.5,0.5051226838123075,0.3329263897126155,0.33682824266276956,positive
0.6125177931670021,0.7258929153027254,0.48,0.5,0.6190714983632705,0.39682141693945494,0.3884107084697275,positive
0.6826991581827092,0.8463495790913546,0.48,0.5,0.6320571554469719,0.54,0.35412605227161353,positive
0.74,0.8923363396089704,0.48,0.5,0.5623363396089703,0.5261681698044852,0.30149549058654435,positive
0.72770442630091,0.8363270820814561,0.48,0.5,0.859081770520364,0.5740315083823663,0.28908177052036405,positive
0.6846825321564828,0.6424867524172875,0.48,0.5,0.7221957797391954,0.4046825321564828,0.30936506431296557,positive
0.6349350294406713,0.4949350294406713,0.48,0.5,0.7579223086356367,0.4722076324830208,0.2923375736016782,positive
0.7375064031261801,0.7791688010420601,0.48,0.5,0.7537403953107298,0.5362596046892703,0.15498719374763978,positive
0.6606404183256949,0.578256167330278,0.48,0.5,0.7288965856559729,0.35476850199083393,0.23935958167430507,positive
0.68,0.7565190709915297,0.48,0.5,0.8370545985312944,0.4486611811505884,0.270803291309647,positive
0.6419960564368568,0.5729940846552851,0.48,0.5,0.7014970423276425,0.3334930987644994,0.2619960564368568,positive
0.6075964118900414,0.7675964118900415,0.8024932908589232,0.5,0.6560538216493788,0.5520179405497929,0.5275964118900415,positive
0.7332489849312298,0.7174008120550162,0.48,0.5,0.834675101506877,0.42337550753438513,0.280649796986246,positive
0.7068766178876265,0.49736075158052745,0.48,0.5,0.5083290189663295,0.54,0.3489588726292088,positive
0.6806225308878951,0.6316600823677202,0.48,0.5,0.7289624485201749,0.40062253088789507,0.30124506177579013,positive
0.6798271356511552,0.6302074372186138,0.48,0.5,0.7297234170418482,0.400034572869769,0.29993085426046207,positive
0.6259016840945469,0.7318266467490893,0.48,0.5,0.5054566616872723,0.3459016840945469,0.33227166915636386,positive
0.5810460419188181,0.8222092083837637,0.48,0.5,0.5612802910110728,0.36779079161623635,0.39220920838376366,positive
0.7016719141311129,0.84,0.48,0.5,0.8033438282622256,0.5611146094207419,0.3277707811585162,positive
0.7380018399279767,0.8973357865706357,0.48,0.5,0.5586770929252016,0.5306660533573411,0.2919981600720232,positive
0.683435031022632,0.84,0.48,0.5,0.7668700620452641,0.5489566873484214,0.35208662530315726,positive
0.7471620709649702,0.6635810354824851,0.48,0.5,0.7971620709649702,0.4,0.293283792903503,positive
0.6310874775045335,0.4986998200362683,0.48,0.5,0.7802127024591982,0.4369502699455976,0.27782504499093297,positive
0.6923531142244671,0.7641177047414891,0.48,0.5,0.8214703286632993,0.46852967133670065,0.2452937715510658,positive
0.6842064386131634,0.6131742455473462,0.48,0.5,0.7468257544526538,0.3957935613868366,0.26214205248152894,positive
0.7344611624240335,0.7164310700607733,0.48,0.5,0.8345538837575966,0.4227694187879833,0.28089223248480666,positive
0.6300275810202145,0.49022064816171557,0.48,0.5,0.78975177081807,0.4496690277574267,0.27994483795957115,positive
0.6011357410395944,0.7611357410395945,0.9704707329705449,0.5,0.7529638844060836,0.5843212948020279,0.5211357410395945,positive
0.7188771415486376,0.6494385707743188,0.48,0.5,0.7688771415486375,0.4,0.2961122858451362,positive
0.6456469915025238,0.5085489971675079,0.48,0.5,0.6498429801725556,0.5334704872537858,0.3321765042487381,positive
0.6883547068584206,0.7045886767146051,0.48,0.5,0.6718830150719077,0.42458867671460515,0.33835470685842056,positive
0.6399572256936822,0.7198716770810466,0.48,0.5,0.49068438890108457,0.4199572256936822,0.19038496875686006,positive
0.6173044483784129,0.8084355870273037,0.48,0.5,0.4734777581079352,0.3519133451352389,0.3811311386488908,positive
0.6626296821892786,0.7349317462161691,0.48,0.5,0.6899726984864677,0.41753412689191544,0.3649863492432338,positive
0.694757405545634,0.84,0.48,0.5,0.7895148110912681,0.5565049370304227,0.3369901259391546,positive
0.7258573259927631,0.8717146519855263,0.48,0.5,0.5388861171840789,0.5413141392057895,0.2815143955956579,positive
0.7341592672852851,0.8150443962882893,0.48,0.5,0.8142480598618637,0.5633629308588595,0.2317702580060083,positive
0.6807135308776979,0.6271458764892086,0.48,0.5,0.7328541235107914,0.39928646912230215,0.29357822210071927,positive
0.6544428108942578,0.5584398705039217,0.48,0.5,0.7606686269268907,0.42555718910574225,0.2897771243577031,positive
0.7355740551724904,0.7837936669950082,0.48,0.5,0.7493677221674986,0.54,0.16391011231503005,positive
0.7675911567233338,0.6675911567233337,0.48,0.5,0.8217274378155558,0.398621239635926,0.2789699170874077,positive
0.68,0.7542694384418352,0.48,0.5,0.8351510632969376,0.44779593786224436,0.27132243728265343,positive
0.646379644225441,0.5725518576901764,0.48,0.5,0.7089315019156174,0.33765557307052924,0.253620355774559,positive
0.6321690013540556,0.6152394939067498,1.0,0.5,0.6466854948094536,0.5739154993229723,0.43421599638918507,positive
0.6807699820462145,0.6866153345302524,0.48,0.5,0.7109239784554575,0.40661533453025234,0.28338466546974767,positive
0.6441065506107866,0.5080355168702622,0.48,0.5,0.6462486180918353,0.5311598259161798,0.33294672469460673,positive
0.6984439142544661,0.7071109785636165,0.48,0.5,0.6756664678454248,0.4271109785636165,0.348443914254466,positive
0.6364290519894513,0.6822851376126584,0.48,0.5,0.6602864831831221,0.4087141896021097,0.2825716207957805,positive
0.6109582053535502,0.7523955133838753,0.48,0.5,0.5076044866161247,0.3290417946464499,0.32808358929289977,positive
0.6189747625878835,0.8297949525175766,0.48,0.5,0.46266561727150274,0.36020504748242327,0.39979495251757674,positive
0.7397315534267191,0.8997699029371878,0.48,0.5,0.5706519416779678,0.5300383495104687,0.29030679608374954,positive
0.7411683210431882,0.892990073740871,0.48,0.5,0.5442969370498604,0.5288316789568118,0.2946732841727526,positive
0.7138098875996229,0.8140958201593966,0.48,0.5,0.8535239550398491,0.5379057077590196,0.2835239550398492,positive
0.6884617602449503,0.5961529590201985,0.48,0.5,0.7638470409798015,0.39153823975504964,0.2238441577954466,positive
0.6319479130585826,0.5055833044686601,0.48,0.5,0.7724687824727574,0.42662504329700984,0.276104173882835,positive
0.6773137131786664,0.8337311029897145,0.48,0.5,0.7410448161683809,0.54,0.3470140442956199,positive
0.6970924698305482,0.5970924698305482,0.48,0.5,0.7747283132203655,0.39078805220339424,0.216304417627154,positive
0.6727467776061162,0.7498454886485627,0.48,0.5,0.8124377549032417,0.444197422084893,0.27145064447877676,positive
0.6618397774102646,0.6027596661153968,0.48,0.5,0.7163798330576984,0.3682196104679629,0.2818397774102645,positive
0.6357796379418631,0.8008910147907007,0.7342084038604457,0.5,0.7546658694534872,0.5644431157558121,0.4433293472674363,positive
0.7045115831468685,0.6422557915734343,0.48,0.5,0.7545115831468684,0.4,0.29754884168531315,positive
0.6371833303099765,0.4971833303099765,0.48,0.5,0.7433083529851526,0.4823249863948944,0.2979583257749413,positive
0.6992873921012648,0.6814330456033726,0.48,0.5,0.6978543464978921,0.41928739210126476,0.3385747842025295,positive
0.63,0.6933050125492398,0.48,0.5,0.6417374686269003,0.40834749372538004,0.29817756902081954,positive
0.6278392475985811,0.7945981189964528,0.48,0.5,0.4654018810035472,0.3121607524014189,0.2943215048028377,positive
0.5954898272771754,0.7911275431807062,0.48,0.5,0.5816019833251785,0.36741836212047074,0.38,positive
0.6854460357624974,0.8532394592249977,0.48,0.5,0.7024881988625065,0.5377934234625004,0.352347387700003,positive
0.7259821180102252,0.8719642360204505,0.48,0.5,0.5391606596224955,0.5412143055918198,0.2815892708061351,positive
0.6772202491723307,0.84,0.48,0.5,0.7544404983446613,0.5448134994482204,0.3603730011035591,positive
