@relation ecoli4
@attribute Mcg real [0.0, 0.89]
@attribute Gvh real [0.16, 1.0]
@attribute Lip real [0.48, 1.0]
@attribute Chg real [0.5, 1.0]
@attribute Aac real [0.0, 0.88]
@attribute Alm1 real [0.03, 1.0]
@attribute Alm2 real [0.0, 0.99]
@attribute Class {positive, negative}
@data
0.49,0.29,0.48,0.5,0.56,0.24,0.35,negative
0.07,0.4,0.48,0.5,0.54,0.35,0.44,negative
0.56,0.4,0.48,0.5,0.49,0.37,0.46,negative
0.59,0.49,0.48,0.5,0.52,0.45,0.36,negative
0.23,0.32,0.48,0.5,0.55,0.25,0.35,negative
0.29,0.28,0.48,0.5,0.44,0.23,0.34,negative
0.21,0.34,0.48,0.5,0.51,0.28,0.39,negative
0.2,0.44,0.48,0.5,0.46,0.51,0.57,negative
0.42,0.24,0.48,0.5,0.57,0.27,0.37,negative
0.25,0.48,0.48,0.5,0.44,0.17,0.29,negative
0.51,0.5,0.48,0.5,0.46,0.32,0.35,negative
0.22,0.43,0.48,0.5,0.48,0.16,0.28,negative
0.25,0.4,0.48,0.5,0.46,0.44,0.52,negative
0.34,0.45,0.48,0.5,0.38,0.24,0.35,negative
0.44,0.27,0.48,0.5,0.55,0.52,0.58,negative
0.23,0.4,0.48,0.5,0.39,0.28,0.38,negative
0.41,0.57,0.48,0.5,0.39,0.21,0.32,negative
0.4,0.45,0.48,0.5,0.38,0.22,0.0,negative
0.31,0.23,0.48,0.5,0.73,0.05,0.14,negative
0.3,0.16,0.48,0.5,0.56,0.11,0.23,negative
0.36,0.39,0.48,0.5,0.48,0.22,0.23,negative
0.25,0.4,0.48,0.5,0.47,0.33,0.42,negative
0.21,0.51,0.48,0.5,0.5,0.32,0.41,negative
0.43,0.37,0.48,0.5,0.53,0.35,0.44,negative
0.43,0.39,0.48,0.5,0.47,0.31,0.41,negative
0.53,0.38,0.48,0.5,0.44,0.26,0.36,negative
0.56,0.51,0.48,0.5,0.34,0.37,0.46,negative
0.4,0.29,0.48,0.5,0.42,0.35,0.44,negative
0.24,0.35,0.48,0.5,0.31,0.19,0.31,negative
0.36,0.54,0.48,0.5,0.41,0.38,0.46,negative
0.65,0.47,0.48,0.5,0.59,0.3,0.4,negative
0.38,0.46,0.48,0.5,0.48,0.22,0.29,negative
0.4,0.5,0.48,0.5,0.45,0.39,0.47,negative
0.28,0.38,0.48,0.5,0.5,0.33,0.42,negative
0.61,0.45,0.48,0.5,0.48,0.35,0.41,negative
0.44,0.35,0.48,0.5,0.55,0.55,0.61,negative
0.23,0.33,0.48,0.5,0.43,0.33,0.43,negative
0.37,0.52,0.48,0.5,0.42,0.42,0.36,negative
0.29,0.3,0.48,0.5,0.45,0.03,0.17,negative
0.22,0.36,0.48,0.5,0.35,0.39,0.47,negative
0.54,0.47,0.48,0.5,0.28,0.33,0.42,negative
0.51,0.37,0.48,0.5,0.35,0.36,0.45,negative
0.4,0.35,0.48,0.5,0.45,0.33,0.42,negative
0.44,0.34,0.48,0.5,0.3,0.33,0.43,negative
0.42,0.38,0.48,0.5,0.54,0.34,0.43,negative
0.44,0.56,0.48,0.5,0.5,0.46,0.54,negative
0.36,0.41,0.48,0.5,0.48,0.47,0.54,negative
0.47,0.29,0.48,0.5,0.51,0.33,0.43,negative
0.24,0.43,0.48,0.5,0.54,0.52,0.59,negative
0.52,0.57,0.48,0.5,0.42,0.47,0.54,negative
0.25,0.37,0.48,0.5,0.43,0.26,0.36,negative
0.35,0.48,0.48,0.5,0.56,0.4,0.48,negative
0.26,0.26,0.48,0.5,0.34,0.25,0.35,negative
0.44,0.51,0.48,0.5,0.47,0.26,0.36,negative
0.37,0.5,0.48,0.5,0.42,0.36,0.45,negative
0.44,0.42,0.48,0.5,0.42,0.25,0.2,negative
0.24,0.43,0.48,0.5,0.37,0.28,0.38,negative
0.42,0.3,0.48,0.5,0.48,0.26,0.36,negative
0.48,0.42,0.48,0.5,0.45,0.25,0.35,negative
0.41,0.48,0.48,0.5,0.51,0.44,0.51,negative
0.44,0.28,0.48,0.5,0.43,0.27,0.37,negative
0.29,0.41,0.48,0.5,0.48,0.38,0.46,negative
0.41,0.43,0.48,0.5,0.45,0.31,0.41,negative
0.34,0.55,0.48,0.5,0.58,0.31,0.41,negative
0.36,0.56,0.48,0.5,0.43,0.45,0.53,negative
0.4,0.46,0.48,0.5,0.52,0.49,0.56,negative
0.5,0.49,0.48,0.5,0.49,0.46,0.53,negative
0.52,0.44,0.48,0.5,0.37,0.36,0.42,negative
0.5,0.51,0.48,0.5,0.27,0.23,0.34,negative
0.34,0.46,0.48,0.5,0.52,0.35,0.44,negative
0.4,0.42,0.48,0.5,0.37,0.27,0.27,negative
0.41,0.43,0.48,0.5,0.5,0.24,0.25,negative
0.64,0.76,0.48,0.5,0.45,0.35,0.38,negative
0.35,0.37,0.48,0.5,0.3,0.34,0.43,negative
0.57,0.54,0.48,0.5,0.37,0.28,0.33,negative
0.65,0.55,0.48,0.5,0.34,0.37,0.28,negative
0.51,0.46,0.48,0.5,0.58,0.31,0.41,negative
0.38,0.4,0.48,0.5,0.63,0.25,0.35,negative
0.24,0.57,0.48,0.5,0.63,0.34,0.43,negative
0.38,0.26,0.48,0.5,0.54,0.16,0.28,negative
0.33,0.47,0.48,0.5,0.53,0.18,0.29,negative
0.24,0.34,0.48,0.5,0.38,0.3,0.4,negative
0.26,0.5,0.48,0.5,0.44,0.32,0.41,negative
0.44,0.49,0.48,0.5,0.39,0.38,0.4,negative
0.43,0.32,0.48,0.5,0.33,0.45,0.52,negative
0.49,0.43,0.48,0.5,0.49,0.3,0.4,negative
0.32,0.33,0.48,0.5,0.6,0.06,0.2,negative
0.35,0.34,0.48,0.5,0.46,0.3,0.27,negative
0.38,0.3,0.48,0.5,0.43,0.29,0.39,negative
0.38,0.44,0.48,0.5,0.43,0.2,0.31,negative
0.41,0.51,0.48,0.5,0.58,0.2,0.31,negative
0.34,0.42,0.48,0.5,0.41,0.34,0.43,negative
0.51,0.49,0.48,0.5,0.53,0.14,0.26,negative
0.25,0.51,0.48,0.5,0.37,0.42,0.5,negative
0.29,0.28,0.48,0.5,0.5,0.42,0.5,negative
0.25,0.26,0.48,0.5,0.39,0.32,0.42,negative
0.24,0.41,0.48,0.5,0.49,0.23,0.34,negative
0.17,0.39,0.48,0.5,0.53,0.3,0.39,negative
0.61,0.36,0.48,0.5,0.49,0.35,0.44,negative
0.34,0.51,0.48,0.5,0.44,0.37,0.46,negative
0.28,0.33,0.48,0.5,0.45,0.22,0.33,negative
0.37,0.44,0.48,0.5,0.42,0.39,0.47,negative
0.0,0.38,0.48,0.5,0.42,0.48,0.55,negative
0.39,0.31,0.48,0.5,0.38,0.34,0.43,negative
0.3,0.44,0.48,0.5,0.49,0.22,0.33,negative
0.27,0.3,0.48,0.5,0.71,0.28,0.39,negative
0.36,0.42,0.48,0.5,0.53,0.32,0.41,negative
0.3,0.37,0.48,0.5,0.43,0.18,0.3,negative
0.26,0.4,0.48,0.5,0.36,0.26,0.37,negative
0.4,0.41,0.48,0.5,0.55,0.22,0.33,negative
0.22,0.34,0.48,0.5,0.42,0.29,0.39,negative
0.27,0.42,0.48,0.5,0.37,0.38,0.43,negative
0.06,0.61,0.48,0.5,0.49,0.92,0.37,negative
0.44,0.52,0.48,0.5,0.43,0.47,0.54,negative
0.63,0.47,0.48,0.5,0.51,0.82,0.84,negative
0.23,0.48,0.48,0.5,0.59,0.88,0.89,negative
0.34,0.49,0.48,0.5,0.58,0.85,0.8,negative
0.43,0.4,0.48,0.5,0.58,0.75,0.78,negative
0.46,0.61,0.48,0.5,0.48,0.86,0.87,negative
0.27,0.35,0.48,0.5,0.51,0.77,0.79,negative
0.52,0.39,0.48,0.5,0.65,0.71,0.73,negative
0.29,0.47,0.48,0.5,0.71,0.65,0.69,negative
0.55,0.47,0.48,0.5,0.57,0.78,0.8,negative
0.4,0.5,0.48,0.5,0.65,0.82,0.84,negative
0.73,0.36,0.48,0.5,0.53,0.91,0.92,negative
0.84,0.44,0.48,0.5,0.48,0.71,0.74,negative
0.48,0.41,0.48,0.5,0.51,0.9,0.88,negative
0.5,0.66,0.48,0.5,0.31,0.92,0.92,negative
0.72,0.46,0.48,0.5,0.51,0.66,0.7,negative
0.47,0.55,0.48,0.5,0.58,0.71,0.75,negative
0.33,0.56,0.48,0.5,0.33,0.78,0.8,negative
0.64,0.58,0.48,0.5,0.48,0.78,0.73,negative
0.54,0.57,0.48,0.5,0.56,0.81,0.83,negative
0.63,0.5,0.48,0.5,0.59,0.85,0.86,negative
0.49,0.42,0.48,0.5,0.53,0.79,0.81,negative
0.31,0.5,0.48,0.5,0.57,0.84,0.85,negative
0.74,0.44,0.48,0.5,0.55,0.88,0.89,negative
0.33,0.45,0.48,0.5,0.45,0.88,0.89,negative
0.45,0.4,0.48,0.5,0.61,0.74,0.77,negative
0.66,0.53,0.48,0.5,0.59,0.66,0.66,negative
0.6,0.61,0.48,0.5,0.54,0.67,0.71,negative
0.34,0.51,0.48,0.5,0.67,0.9,0.9,negative
0.63,0.54,0.48,0.5,0.65,0.79,0.81,negative
0.7,0.4,0.48,0.5,0.56,0.86,0.83,negative
0.16,0.51,0.48,0.5,0.33,0.39,0.48,negative
0.74,0.7,0.48,0.5,0.66,0.65,0.69,negative
0.2,0.46,0.48,0.5,0.57,0.78,0.81,negative
0.89,0.55,0.48,0.5,0.51,0.72,0.76,negative
0.7,0.46,0.48,0.5,0.56,0.78,0.73,negative
0.12,0.43,0.48,0.5,0.63,0.7,0.74,negative
0.61,0.52,0.48,0.5,0.54,0.67,0.52,negative
0.33,0.37,0.48,0.5,0.46,0.65,0.69,negative
0.63,0.65,0.48,0.5,0.66,0.67,0.71,negative
0.34,0.67,0.48,0.5,0.52,0.76,0.79,negative
0.58,0.34,0.48,0.5,0.56,0.87,0.81,negative
0.51,0.4,0.48,0.5,0.57,0.62,0.67,negative
0.5,0.57,0.48,0.5,0.71,0.61,0.66,negative
0.6,0.46,0.48,0.5,0.45,0.81,0.83,negative
0.37,0.47,0.48,0.5,0.39,0.76,0.79,negative
0.58,0.55,0.48,0.5,0.57,0.7,0.74,negative
0.35,0.51,0.48,0.5,0.61,0.71,0.74,negative
0.31,0.44,0.48,0.5,0.5,0.79,0.82,negative
0.61,0.66,0.48,0.5,0.46,0.87,0.88,negative
0.48,0.49,0.48,0.5,0.52,0.77,0.71,negative
0.31,0.36,0.48,0.5,0.58,0.94,0.94,negative
0.69,0.39,0.48,0.5,0.57,0.76,0.79,negative
0.52,0.54,0.48,0.5,0.62,0.76,0.79,negative
0.46,0.59,0.48,0.5,0.36,0.76,0.23,negative
0.36,0.45,0.48,0.5,0.38,0.79,0.17,negative
0.0,0.51,0.48,0.5,0.35,0.67,0.44,negative
0.1,0.49,0.48,0.5,0.41,0.67,0.21,negative
0.3,0.51,0.48,0.5,0.42,0.61,0.34,negative
0.61,0.47,0.48,0.5,0.0,0.8,0.32,negative
0.63,0.75,0.48,0.5,0.64,0.73,0.66,negative
0.71,0.52,0.48,0.5,0.64,1.0,0.99,negative
0.85,0.53,0.48,0.5,0.53,0.52,0.35,negative
0.63,0.49,0.48,0.5,0.54,0.76,0.79,negative
0.75,0.55,1.0,1.0,0.4,0.47,0.3,negative
0.7,0.39,1.0,0.5,0.51,0.82,0.84,negative
0.79,0.41,0.48,0.5,0.66,0.81,0.83,negative
0.83,0.48,0.48,0.5,0.65,0.76,0.79,negative
0.69,0.43,0.48,0.5,0.59,0.74,0.77,negative
0.79,0.36,0.48,0.5,0.46,0.82,0.7,negative
0.78,0.33,0.48,0.5,0.57,0.77,0.79,negative
0.75,0.37,0.48,0.5,0.64,0.7,0.74,negative
0.67,0.37,0.48,0.5,0.54,0.64,0.68,negative
0.66,0.48,0.48,0.5,0.54,0.7,0.74,negative
0.64,0.46,0.48,0.5,0.48,0.73,0.76,negative
0.76,0.71,0.48,0.5,0.5,0.71,0.75,negative
0.84,0.49,0.48,0.5,0.55,0.78,0.74,negative
0.77,0.55,0.48,0.5,0.51,0.78,0.74,negative
0.58,0.6,0.48,0.5,0.59,0.73,0.76,negative
0.63,0.42,0.48,0.5,0.48,0.77,0.8,negative
0.86,0.39,0.48,0.5,0.59,0.89,0.9,negative
0.81,0.53,0.48,0.5,0.57,0.87,0.88,negative
0.87,0.49,0.48,0.5,0.61,0.76,0.79,negative
0.47,0.46,0.48,0.5,0.62,0.74,0.77,negative
0.76,0.41,0.48,0.5,0.5,0.59,0.62,negative
0.64,0.45,0.48,0.5,0.67,0.61,0.66,negative
0.81,0.52,0.48,0.5,0.57,0.78,0.8,negative
0.73,0.26,0.48,0.5,0.57,0.75,0.78,negative
0.49,0.61,1.0,0.5,0.56,0.71,0.74,negative
0.88,0.42,0.48,0.5,0.52,0.73,0.75,negative
0.84,0.54,0.48,0.5,0.75,0.92,0.7,negative
0.86,0.55,0.48,0.5,0.63,0.81,0.83,negative
0.57,0.38,0.48,0.5,0.06,0.49,0.33,negative
0.78,0.44,0.48,0.5,0.45,0.73,0.68,negative
0.63,0.69,0.48,0.5,0.65,0.41,0.28,positive
0.67,0.88,0.48,0.5,0.73,0.5,0.25,positive
0.67,0.84,0.48,0.5,0.74,0.54,0.37,positive
0.74,0.9,0.48,0.5,0.57,0.53,0.29,positive
0.73,0.84,0.48,0.5,0.86,0.58,0.29,positive
0.75,0.76,0.48,0.5,0.83,0.57,0.3,positive
0.77,0.57,0.48,0.5,0.88,0.53,0.2,positive
0.74,0.78,0.48,0.5,0.75,0.54,0.15,positive
0.68,0.76,0.48,0.5,0.84,0.45,0.27,positive
0.56,0.68,0.48,0.5,0.77,0.36,0.45,positive
0.65,0.51,0.48,0.5,0.66,0.54,0.33,positive
0.52,0.81,0.48,0.5,0.72,0.38,0.38,positive
0.64,0.57,0.48,0.5,0.7,0.33,0.26,positive
0.6,0.76,1.0,0.5,0.77,0.59,0.52,positive
0.63,0.49,0.48,0.5,0.79,0.45,0.28,positive
0.71,0.71,0.48,0.5,0.68,0.43,0.36,positive
0.77,0.57,1.0,0.5,0.37,0.54,0.01,negative
0.66,0.49,1.0,0.5,0.54,0.56,0.36,negative
0.67,0.55,1.0,0.5,0.66,0.58,0.16,negative
0.68,0.49,1.0,0.5,0.62,0.55,0.28,negative
0.66,0.86,0.48,0.5,0.34,0.41,0.36,negative
0.73,0.78,0.48,0.5,0.58,0.51,0.31,negative
0.65,0.57,0.48,0.5,0.47,0.47,0.51,negative
0.67,0.7,0.48,0.5,0.46,0.45,0.33,negative
0.67,0.81,0.48,0.5,0.54,0.49,0.23,negative
0.67,0.61,0.48,0.5,0.51,0.37,0.38,negative
0.63,1.0,0.48,0.5,0.35,0.51,0.49,negative
0.57,0.59,0.48,0.5,0.39,0.47,0.33,negative
0.66,0.74,0.48,0.5,0.31,0.38,0.43,negative
0.64,0.72,0.48,0.5,0.49,0.42,0.19,negative
0.68,0.82,0.48,0.5,0.38,0.65,0.56,negative
0.32,0.39,0.48,0.5,0.53,0.28,0.38,negative
0.7,0.64,0.48,0.5,0.47,0.51,0.47,negative
0.63,0.57,0.48,0.5,0.49,0.7,0.2,negative
0.74,0.82,0.48,0.5,0.49,0.49,0.41,negative
0.63,0.86,0.48,0.5,0.39,0.47,0.34,negative
0.63,0.83,0.48,0.5,0.4,0.39,0.19,negative
0.71,0.86,0.48,0.5,0.4,0.54,0.32,negative
0.68,0.78,0.48,0.5,0.43,0.44,0.42,negative
0.64,0.84,0.48,0.5,0.37,0.45,0.4,negative
0.74,0.47,0.48,0.5,0.5,0.57,0.42,negative
0.75,0.84,0.48,0.5,0.35,0.52,0.33,negative
0.63,0.65,0.48,0.5,0.39,0.44,0.35,negative
0.7,0.71,0.48,0.5,0.42,0.84,0.85,negative
0.64,0.66,0.48,0.5,0.41,0.39,0.2,negative
0.63,0.8,0.48,0.5,0.46,0.31,0.29,negative
0.66,0.71,0.48,0.5,0.41,0.5,0.35,negative
0.69,0.59,0.48,0.5,0.46,0.44,0.52,negative
0.68,0.67,0.48,0.5,0.49,0.4,0.34,negative
0.64,0.78,0.48,0.5,0.5,0.36,0.38,negative
0.62,0.78,0.48,0.5,0.47,0.49,0.54,negative
0.76,0.73,0.48,0.5,0.44,0.39,0.39,negative
0.64,0.81,0.48,0.5,0.37,0.39,0.44,negative
0.29,0.39,0.48,0.5,0.52,0.4,0.48,negative
0.69,0.66,0.48,0.5,0.41,0.5,0.25,negative
0.69,0.65,0.48,0.5,0.63,0.48,0.41,negative
0.43,0.59,0.48,0.5,0.52,0.49,0.56,negative
0.74,0.56,0.48,0.5,0.47,0.68,0.3,negative
0.71,0.57,0.48,0.5,0.48,0.35,0.32,negative
0.61,0.6,0.48,0.5,0.44,0.39,0.38,negative
0.59,0.61,0.48,0.5,0.42,0.42,0.37,negative
0.74,0.74,0.48,0.5,0.31,0.53,0.52,negative
0.65216450478445,0.57,0.48,0.5,0.6617686992488714,0.3334755727955572,0.2704267183866714,positive
0.7389514252007872,0.7862914487952772,0.48,0.5,0.7615343227913416,0.5441942991968515,0.16468004718898024,positive
0.6898106930132938,0.6493374255465285,0.48,0.5,0.6301419802400297,0.48028396048005917,0.4096213860265877,positive
0.5454585203870045,0.8036353699032489,0.48,0.5,0.6733260459571585,0.3757569132688326,0.38,positive
0.6355220301163688,0.7065660903491063,0.48,0.5,0.5616475181380992,0.4155220301163688,0.2303017289526808,positive
0.7351550455429795,0.76,0.48,0.5,0.8321207077795744,0.5445515066451077,0.2936378766612769,positive
0.6249414834486956,0.49,0.48,0.5,0.7558550132786951,0.45,0.2901170331026089,positive
0.67,0.8539700592668406,0.48,0.5,0.6593473037242814,0.49628143703812005,0.24256287407624016,positive
0.7094219587145727,0.8005780412854273,0.48,0.5,0.6348747767611393,0.5202890206427137,0.3305780412854273,positive
0.6187745179086122,0.6917549035817224,0.48,0.5,0.7347352892548328,0.3874281083573523,0.4147352892548327,positive
0.7412210624843313,0.8926736250940125,0.48,0.5,0.5431366253447125,0.5287789375156687,0.294884249937325,positive
0.7302615390215444,0.8415692341292665,0.48,0.5,0.8524153683752115,0.5786923048922779,0.29,positive
0.7491346250009515,0.7608653749990485,0.48,0.5,0.8191828125118945,0.5674038750028546,0.30043268749952423,positive
0.6784523601971902,0.7021130900492976,0.48,0.5,0.5064879810845463,0.4457738199014049,0.33633927014789267,positive
0.6007475601233478,0.7566359794449343,1.0,0.5,0.7671343528604997,0.589626219938326,0.5180065063377389,positive
0.7382760319373045,0.7841367844231946,0.48,0.5,0.8641380159686523,0.5696549600783694,0.27137892814106485,positive
0.6344547026754609,0.5256376214036868,0.48,0.5,0.7499076759208524,0.3965435678944698,0.2710905946490783,positive
0.6732907346582454,0.8752989504882209,0.48,0.5,0.7309402099023558,0.5018804198047117,0.24529895048822098,positive
0.6377622965427711,0.497762296542771,0.48,0.5,0.7395450724719885,0.4849303344424695,0.2994057413569275,positive
0.5266192950117842,0.7884872912117015,0.48,0.5,0.7282741187647302,0.3766903524941079,0.3915837662706223,positive
0.6901871855989319,0.7050467963997329,0.48,0.5,0.6725701945995995,0.425046796399733,0.3401871855989319,positive
0.6731464216275066,0.8422429404699209,0.48,0.5,0.7646106379025724,0.48426789186246705,0.25629284325501317,positive
0.5955708733343343,0.49,0.48,0.5,0.5576033950067572,0.45,0.34885825333133125,positive
0.67,0.8608301844204157,0.48,0.5,0.734792453894896,0.5191698155795843,0.30750944673875275,positive
0.7478449529734661,0.7621550470265339,0.48,0.5,0.8275755720951493,0.5691918573650497,0.30188566614821716,positive
0.5253531740313515,0.7926021843981077,0.48,0.5,0.7266914675391893,0.37732341298432426,0.3893680545548651,positive
0.7494202873344492,0.8434782759933048,0.48,0.5,0.3627536786421176,0.5205797126655508,0.3276811493377968,positive
0.6718726295127863,0.84,0.48,0.5,0.7437452590255725,0.5412484196751909,0.3675031606496183,positive
0.7485774602432461,0.7614225397567539,0.48,0.5,0.812218253040576,0.5657323807297382,0.30071126987837693,positive
0.6949965201564636,0.6899953602086182,0.48,0.5,0.5849779609909364,0.41499652015646366,0.3499976801043091,positive
0.6525138983314044,0.8200158838073193,0.6098967552524245,0.5,0.7474940435722552,0.5524900726204255,0.4074702178612763,positive
0.692338970002361,0.7339510633283491,0.48,0.5,0.845483986667716,0.46096797333543194,0.26040302333149706,positive
0.6420679705409672,0.5658640589180656,0.48,0.5,0.6255530605251808,0.33827188216386883,0.2641359410819344,positive
0.691714968075524,0.8489786170349657,0.48,0.5,0.7362042765930068,0.5124085531860137,0.21897861703496566,positive
0.837664551987894,0.5287664551987894,0.48,0.5,0.5380180412078689,0.5212335448012106,0.3487664551987894,positive
0.6045248835098779,0.7888687791225306,0.48,0.5,0.5650377135652239,0.36591251941502034,0.38,positive
0.6308200400530519,0.6801595193633766,0.48,0.5,0.6541002002652597,0.40343967957558446,0.27835991989389613,positive
0.6794053588368728,0.7671356939575268,0.48,0.5,0.8334589472056004,0.45297320581563616,0.26881071767374554,positive
0.614168158292817,0.49,0.48,0.5,0.6831350684765146,0.45,0.31166368341436607,positive
0.67,0.8240622028631573,0.48,0.5,0.5781688363428555,0.4920088861233082,0.23401777224661638,positive
0.7147570476320454,0.7952429523679546,0.48,0.5,0.6206478729812123,0.5176214761839774,0.3252429523679546,positive
0.5935786979156681,0.7219733723945851,0.48,0.5,0.6566718945346203,0.36,0.42061863932379046,positive
0.7373854031194524,0.8686248374334293,0.48,0.5,0.5726145968805475,0.5247708062389049,0.2952291937610951,positive
0.6909772394038083,0.7775635830460933,0.48,0.5,0.8443908957615233,0.4785408224499016,0.2743908957615233,positive
0.7387837605669412,0.8048649577322351,0.48,0.5,0.8468243591495881,0.5756081197165294,0.2943918802834706,positive
0.6858969238304783,0.6778625651073044,0.48,0.5,0.5273471842596957,0.40589692383047826,0.3439312825536522,positive
0.623201659061412,0.7865161817844709,0.8276448184009393,0.5,0.7600564318308234,0.5734273863847057,0.47028215915411714,positive
0.7627648693236535,0.6387337414252919,0.48,0.5,0.8619121733091337,0.544470261352693,0.2361756533817326,positive
0.6829369248159207,0.57,0.48,0.5,0.5650553791499633,0.3422676928045488,0.29680307841364634,positive
0.7354757632414402,0.78,0.48,0.5,0.6730879751044827,0.5264272897243205,0.22238778813695742,positive
0.6443078892624555,0.5081026297541519,0.48,0.5,0.6467184082790628,0.5314618338936833,0.33284605536877226,positive
0.5276434265686617,0.7851588636518497,0.48,0.5,0.729554283210827,0.37617828671566916,0.39337599649515786,positive
0.6326327773265137,0.697898331979541,0.48,0.5,0.6078755627757814,0.41263277732651366,0.256305004061377,positive
0.7059051895848408,0.76,0.48,0.5,0.836299258630737,0.4944088964311556,0.2811022241077889,positive
0.6232101921412602,0.49,0.48,0.5,0.744168796953506,0.45,0.2935796157174797,positive
0.6717327412991744,0.8592071044099081,0.48,0.5,0.7490601542909175,0.4913362935041284,0.25346548259834867,positive
0.6734339251393455,0.8365660748606545,0.48,0.5,0.7308428662950787,0.5382830374303272,0.3665660748606545,positive
0.5302703858832495,0.7766212458794394,0.48,0.5,0.7328379823540618,0.37486480705837527,0.39797317529568654,positive
0.7378667610671784,0.8744011328061406,0.48,0.5,0.5721332389328215,0.5257335221343568,0.29426647786564325,positive
0.7356857264431664,0.8172570942273342,0.48,0.5,0.8514714103352503,0.5771571367784167,0.2928428632215832,positive
0.7497806938070644,0.7602193061929357,0.48,0.5,0.827258672588305,0.5693420814211931,0.3001096530964678,positive
0.6908354386947128,0.7052088596736782,0.48,0.5,0.5745949128209205,0.4395822806526436,0.3456265790210346,positive
0.6168643524677578,0.7768643524677579,0.5615268358382972,0.5,0.517034712983633,0.505678237661211,0.5368643524677579,positive
0.7673095806210636,0.5955589840998964,0.48,0.5,0.8732739515526589,0.5353808387578729,0.21345209689468234,positive
0.6641025157859136,0.57,0.48,0.5,0.6242492361014145,0.3368864330816896,0.28065929924506877,positive
0.7475405693127151,0.7649188613745699,0.48,0.5,0.8103245545017207,0.5626217079381453,0.26310853969072634,positive
0.7689021910060778,0.5218902191006078,0.48,0.5,0.5827135758460494,0.5281097808993922,0.3418902191006078,positive
0.5247001617156525,0.7947244744241295,0.48,0.5,0.7258752021445656,0.3776499191421738,0.38822528300239184,positive
0.635120107585919,0.628558708968972,0.48,0.5,0.675600537929595,0.36903913931264803,0.26975978482816204,positive
0.7339875659916257,0.76,0.48,0.5,0.8322874905726249,0.5425501131285011,0.2931375282821253,positive
0.6032101634358518,0.49,0.48,0.5,0.6091686031919996,0.45,0.3335796731282964,positive
0.6937266962487738,0.8867790560710782,0.48,0.5,0.6757675514313742,0.5101685841066174,0.2635581121421564,positive
0.6729239395150058,0.8370760604849942,0.48,0.5,0.7322028279599846,0.5385380302424971,0.3670760604849942,positive
0.5734670130667033,0.6819238590095291,0.48,0.5,0.7469136918856515,0.3696192950476452,0.4172943968380063,positive
0.730762954475523,0.7891554537062762,0.48,0.5,0.579237045524477,0.511525908951046,0.30847409104895396,positive
0.7009675132269726,0.84,0.48,0.5,0.8019350264539451,0.5606450088179817,0.32870998236403653,positive
0.7491750790549919,0.7616498418900162,0.48,0.5,0.8234006324399354,0.5675252371649758,0.2876261858248791,positive
0.6835799313475344,0.7033949828368835,0.48,0.5,0.6700924742553255,0.4233949828368836,0.3335799313475344,positive
0.6099922550967313,0.5201858776784483,0.4804027349699712,0.5,0.5401781327751797,0.6699380407738507,0.52,positive
0.7520884075377526,0.7401601283913496,0.48,0.5,0.8352210188443816,0.5658231849244946,0.28955796231123665,positive
0.6379578626362364,0.5536629010898917,0.48,0.5,0.7183792362738717,0.35450564836516235,0.26408427472752705,positive
0.739319089624932,0.78,0.48,0.5,0.7384245236238447,0.5379572688747961,0.16089456600108729,positive
0.6407001696893324,0.5007001696893324,0.48,0.5,0.7204488970193396,0.4981507636019958,0.306750424223331,positive
0.6112902236598082,0.787177444085048,0.48,0.5,0.5526345899570183,0.3647849627233653,0.38,positive
0.6324883836879659,0.6974651510638976,0.48,0.5,0.6101858609925458,0.41248838368796586,0.257604546808307,positive
0.676532418087188,0.8016109829537439,0.48,0.5,0.8018565989590681,0.46733790956405996,0.26306483617437604,positive
0.63,0.6390995112880412,0.48,0.5,0.6856303420983711,0.42018009774239173,0.28,positive
0.6747306509213555,0.8232321889437341,0.48,0.5,0.7820371601349104,0.4763467453932225,0.259461301842711,positive
0.6874476014818921,0.8225523985181079,0.48,0.5,0.7596285516671286,0.5465428505557095,0.35473334870334444,positive
0.5957292823045327,0.6851041831863618,0.48,0.5,0.7087498017636583,0.38552091593180904,0.3632288858318493,positive
0.7495781427295954,0.8425311436224271,0.48,0.5,0.3592808599488995,0.5204218572704046,0.3283125709183819,positive
0.6929873910505823,0.7807798256809316,0.48,0.5,0.8451949564202329,0.4837672167315139,0.2751949564202329,positive
0.7343085549202477,0.7756914450797523,0.48,0.5,0.633856936503096,0.5229256647607431,0.30784572253987613,positive
0.6920387528850647,0.7055096882212661,0.48,0.5,0.5812131408678556,0.4389806235574677,0.3465290646637985,positive
0.6551800509155453,0.8230629153320518,0.5900910503416632,0.5,0.7463514067504806,0.5505856779174676,0.4017570337524029,positive
0.7601001852630387,0.636823749474489,0.48,0.5,0.8750500926315193,0.5423747684212017,0.22227458315816306,positive
0.6378908993236625,0.5531271945892999,0.48,0.5,0.7189819060870375,0.35530920811605005,0.26421820135267504,positive
0.7357772713950358,0.78,0.48,0.5,0.678213613715609,0.5273318141851074,0.21756365767942687,positive
0.6376119600417628,0.4976119600417628,0.48,0.5,0.7405222597285419,0.48425382018793256,0.299029900104407,positive
0.5933528373841616,0.7916617906539597,0.48,0.5,0.5855197981290372,0.36777452710263975,0.38,positive
0.6328300431354599,0.6984901294063797,0.48,0.5,0.6047193098326415,0.4128300431354599,0.25452961178086086,positive
0.6796597507684675,0.7640829907783901,0.48,0.5,0.8362572584531424,0.4517012461576626,0.269319501536935,positive
0.631467359464851,0.49146735946485093,0.48,0.5,0.780462163478469,0.45660311759182926,0.2836683986621274,positive
0.6756639743552092,0.8120323077374897,0.48,0.5,0.7923037179073011,0.471680128223954,0.2613279487104184,positive
0.67,0.8518943606058642,0.48,0.5,0.737026409848534,0.5281056393941358,0.33431691818240733,positive
0.5752251100223434,0.6990313875279293,0.48,0.5,0.718615253674591,0.36,0.43667802873044953,positive
0.6905067350499986,0.8858590671571425,0.48,0.5,0.6831274627428603,0.5087886007357137,0.2617181343142849,positive
0.690641460519875,0.84,0.48,0.5,0.78128292103975,0.5537609736799166,0.3424780526401667,positive
0.7314457101605466,0.8342171593578134,0.48,0.5,0.85783143475918,0.5792771449197266,0.2907228550802733,positive
0.704224316164618,0.7022990882194906,0.48,0.5,0.6434206690425807,0.424224316164618,0.3561495441097453,positive
0.6426620427412486,0.8087566202757126,0.6830819682078676,0.5,0.7517162673966078,0.5595271123276796,0.42858133698303874,positive
0.7678741841106116,0.5848807112257187,0.48,0.5,0.8707881311459836,0.5307086052964628,0.196456973517686,positive
0.6330117244426506,0.5140937955412048,0.48,0.5,0.7628944800161446,0.4138593066881928,0.2739765511146988,positive
0.6796958363821074,0.8661488051684181,0.48,0.5,0.7327702389663163,0.5055404779326328,0.23614880516841805,positive
0.6469480968038948,0.5069480968038947,0.48,0.5,0.6798373707746841,0.5262664356175264,0.3223702420097369,positive
0.5658655058049261,0.7858602601026705,0.48,0.5,0.7103441040410682,0.3920698699486648,0.3751720520205341,positive
0.6325329175172686,0.6975987525518058,0.48,0.5,0.609473319723702,0.4125329175172686,0.2572037423445824,positive
0.6883199488803162,0.7461334185328062,0.48,0.5,0.7956269393049801,0.4444533674131225,0.29495984664094876,positive
0.6323631110873538,0.5089048886988297,0.48,0.5,0.7687320002138166,0.4216426669517555,0.2752737778252926,positive
0.7111833134469555,0.8917666609848445,0.48,0.5,0.6358667121212445,0.5176499914772666,0.2735333219696889,positive
0.6805326823964296,0.8294673176035704,0.48,0.5,0.7119128469428545,0.5347336588017852,0.3594673176035704,positive
0.6619849056021644,0.7003969811204329,0.48,0.5,0.7088090566387014,0.4075929559476767,0.38880905663870136,positive
0.7474108012066798,0.8555351927599211,0.48,0.5,0.4069623734530441,0.5225891987933202,0.31964320482671926,positive
0.6833170660633621,0.84,0.48,0.5,0.766634132126724,0.5488780440422414,0.3522439119155173,positive
0.7368403914908515,0.812638434036594,0.48,0.5,0.8497394127637227,0.5765798042545742,0.2934201957454257,positive
0.6966648430486712,0.6922197907315616,0.48,0.5,0.5955440059749174,0.4166648430486712,0.3511098953657808,positive
0.6055871537180801,0.6259083107660766,0.7094680066598327,0.5,0.6414954644841568,0.6346972297446412,0.52,positive
0.7382066034299776,0.7846054268476517,0.48,0.5,0.8641033017149887,0.569741745712528,0.27153514228255055,positive
0.6406240307280036,0.57,0.48,0.5,0.6980387605691316,0.33017829449371533,0.26053488348114595,positive
0.7371841740375668,0.7968949557745991,0.48,0.5,0.7809740855867651,0.5512633038497328,0.1894215634740646,positive
0.7822222752154708,0.5232222275215471,0.48,0.5,0.574055521109944,0.5267777724784529,0.3432222275215471,positive
0.5809297349901097,0.7779317184262581,0.48,0.5,0.7071726873705032,0.396034140786871,0.3735863436852516,positive
0.6751238732474997,0.7012809683118749,0.48,0.5,0.6669214524678124,0.4212809683118749,0.3251238732474997,positive
0.6830153858441845,0.7549743569263592,0.48,0.5,0.8239179421643493,0.44798974277054365,0.2790461575325535,positive
0.6102322425269042,0.49,0.48,0.5,0.6565676370566034,0.45,0.3195355149461916,positive
0.725519501721788,0.8958627147776538,0.48,0.5,0.6030982817787701,0.5237940721664807,0.28172542955530744,positive
0.67,0.8410626140953439,0.48,0.5,0.739734346476164,0.5389373859046561,0.36681215771396836,positive
0.5463333235534067,0.7244166984514283,0.48,0.5,0.7529166544417584,0.36683333822329667,0.42608331621846174,positive
0.7445175313278043,0.8728948120331741,0.48,0.5,0.4706143107883051,0.5254824686721957,0.30807012531121725,positive
0.7386034786149507,0.8916208716897039,0.48,0.5,0.6104991201664307,0.5369826069252467,0.29,positive
0.74705550031562,0.7658889993687602,0.48,0.5,0.8064440025249593,0.5611665009468597,0.25583250473429864,positive
0.7089847999309711,0.7097461999827427,0.48,0.5,0.6796192999741142,0.42974619998274277,0.35898479993097104,positive
0.654767618085503,0.5135457186152367,1.0,0.5,0.560057464005572,0.5626161909572486,0.3739530184386588,positive
0.7555188395583587,0.7075710241955924,0.48,0.5,0.8437970988958967,0.5589623208832826,0.27240580220820654,positive
0.6420639653617239,0.5658720692765521,0.48,0.5,0.6256972469779385,0.33825586144689573,0.26412793072344787,positive
0.7334772733404687,0.8191363599571873,0.48,0.5,0.8217499932548433,0.5660909066381249,0.24131817323343696,positive
0.6004192932219343,0.49347309774064474,0.48,0.5,0.5443116841845134,0.46562893983290143,0.35479035338903286,positive
0.6399916185772155,0.7800020953556962,0.48,0.5,0.5000153659417715,0.3600013969037974,0.38,positive
0.7023282466913275,0.7080820616728318,0.48,0.5,0.6771230925092478,0.42808206167283186,0.35232824669132756,positive
0.6473955918626213,0.7143538286076697,0.48,0.5,0.7161032490779609,0.42391647349009703,0.2765208816274758,positive
0.6258203100017892,0.49,0.48,0.5,0.7617870925120773,0.45,0.2883593799964216,positive
0.7195519497638618,0.894157699932532,0.48,0.5,0.6167384005397443,0.521236549898798,0.27831539986506393,positive
0.7000817544427181,0.8099182455572819,0.48,0.5,0.6597819881527516,0.524959122778641,0.33991824555728184,positive
0.5346838001968867,0.7622776493601187,0.48,0.5,0.7383547502461082,0.3726580999015567,0.40569665034455155,positive
0.7478325878001443,0.8530044731991344,0.48,0.5,0.39768306839682604,0.5221674121998557,0.32133035120057707,positive
0.6703571893757462,0.84,0.48,0.5,0.7407143787514923,0.5402381262504974,0.3695237474990052,positive
0.744794063715395,0.765205936284605,0.48,0.5,0.7649257964424372,0.5543821911461849,0.3026029681423025,positive
0.7073632402973101,0.7093408100743275,0.48,0.5,0.6790112151114913,0.4293408100743275,0.35736324029731015,positive
0.6088886490088352,0.7688886490088352,0.7688951257702827,0.5,0.6366702648674708,0.5455567549558236,0.5288886490088353,positive
0.7618880063642222,0.6470639395398895,0.48,0.5,0.8597200159105554,0.5462239872715556,0.2405599681788892,positive
0.6443911176005883,0.5612177647988235,0.48,0.5,0.5419197663788218,0.34756447040235317,0.2687822352011766,positive
0.7428770235253948,0.7742459529492106,0.48,0.5,0.7730161882031577,0.5486310705761841,0.1931553528809206,positive
0.6836118181029809,0.6276413633604331,0.48,0.5,0.6347911364227643,0.4895822728455287,0.39722363620596174,positive
0.5721851228410427,0.7882561988162322,0.48,0.5,0.6025834736076539,0.3669537192897393,0.38,positive
0.6349886909681014,0.6301357083827833,0.48,0.5,0.6749434548405069,0.37009047225518893,0.27002261806379724,positive
0.7016121498713818,0.7239797502143637,0.48,0.5,0.7247352006859638,0.43559190008574544,0.3348364496141454,positive
0.6328524524801981,0.492852452480198,0.48,0.5,0.771459058878713,0.46283603616089103,0.287131131200495,positive
0.6765331949481844,0.8016016606217868,0.48,0.5,0.8018651444300287,0.46733402525907786,0.2630663898963689,positive
0.675852779425231,0.834147220574769,0.48,0.5,0.7243925881993839,0.5370736102873845,0.36414722057476895,positive
0.5263571661210902,0.789339210106457,0.48,0.5,0.7279464576513627,0.3768214169394549,0.3911250407119078,positive
0.7431747895456773,0.8809512627259363,0.48,0.5,0.5001546299950995,0.5268252104543227,0.30269915818270915,positive
0.7252102122556066,0.8323363396089704,0.48,0.5,0.8580840849022426,0.5675465518645769,0.2880840849022426,positive
0.7490817705203641,0.7609182294796359,0.48,0.5,0.8185221315045504,0.567245311561092,0.30045911473981796,positive
0.7037566237913563,0.708439155947839,0.48,0.5,0.6456614308524595,0.4331216881043219,0.3553174678435172,positive
0.6049350294406712,0.7649350294406713,0.8716892345425465,0.5,0.6959745583899307,0.5653248527966436,0.5249350294406713,positive
0.76833760208412,0.5812211859321894,0.48,0.5,0.8791688010420601,0.53207799739485,0.20374039531072985,positive
0.634128083665139,0.5230246693211118,0.48,0.5,0.7528472470137492,0.4004629960183322,0.2717438326697221,positive
0.7381256536108237,0.7826776376988233,0.48,0.5,0.7494644724602354,0.5389289449204707,0.15267763769882328,positive
0.6490019717815716,0.5090019717815716,0.48,0.5,0.6664871834197845,0.5355088730170723,0.32750492945392906,positive
0.5351928237800828,0.7606233227147309,0.48,0.5,0.7389910297251036,0.3724035881099586,0.40658744161514493,positive
0.6533755075343851,0.680649796986246,0.48,0.5,0.5751983758899677,0.405324898493123,0.30805060904126214,positive
0.6736803757902637,0.8358354905168353,0.48,0.5,0.770484133692901,0.4815981210486814,0.25736075158052746,positive
0.63,0.6858497940806995,0.48,0.5,0.6529051441435103,0.4108300411838601,0.28,positive
0.67,0.8401382914790758,0.48,0.5,0.7399654271302311,0.5398617085209242,0.3695851255627723,positive
0.6881733532509108,0.8218266467490892,0.48,0.5,0.7604450224072745,0.5468150074690915,0.3540983159054531,positive
0.6088368335350546,0.7410460419188182,0.48,0.5,0.605175686819191,0.36,0.4072677706568273,positive
0.7347213476448146,0.8366561717377744,0.48,0.5,0.5752786523551854,0.519442695289629,0.30055730471037095,positive
0.7313321067146822,0.8346715731412714,0.48,0.5,0.8580018399279767,0.5793339466426589,0.2906660533573411,positive
0.7344783436742107,0.8220866253031572,0.48,0.5,0.8532824844886839,0.5777608281628946,0.29223917183710535,positive
0.689851378710509,0.6831351716140119,0.48,0.5,0.5523920651665567,0.409851378710509,0.346567585807006,positive
0.6065248650272012,0.7306381073775946,1.0,0.5,0.7449880173957287,0.5867375674863994,0.5026003599274634,positive
0.7382354094829781,0.784410985989898,0.48,0.5,0.864117704741489,0.5697057381462773,0.27147032866329934,positive
0.6342064386131635,0.6395227366420385,0.48,0.5,0.6710321930658173,0.3763484910946924,0.27158712277367314,positive
0.7454461162424033,0.7691077675151934,0.48,0.5,0.7935689299392267,0.55633834872721,0.23169174363605008,positive
0.8494483795957111,0.5299448379595711,0.48,0.5,0.5303585532627878,0.5200551620404289,0.3499448379595711,positive
0.5222714820791888,0.8026176832426363,0.48,0.5,0.722839352598986,0.3788642589604056,0.3839750936385805,positive
0.67889828676109,0.7022245716902724,0.48,0.5,0.6683368575354087,0.4222245716902725,0.32889828676109,positive
0.6763724929187699,0.7549214900862778,0.48,0.5,0.8262154730913255,0.4470979943350159,0.2707255014162461,positive
0.6191773534292103,0.49,0.48,0.5,0.7169471356471695,0.45,0.30164529314157945,positive
0.7397005798557755,0.8999144513873645,0.48,0.5,0.5706843889010845,0.5298716770810467,0.28982890277472884,positive
0.7138266902704778,0.7961733097295222,0.48,0.5,0.6231288259453924,0.5180866548647611,0.3261733097295222,positive
0.6726023806757463,0.7025204761351492,0.48,0.5,0.7024385715945523,0.4125477776486816,0.3824385715945522,positive
0.7358737657423943,0.8504851889087319,0.48,0.5,0.5741262342576057,0.5217475314847887,0.2982524685152113,positive
0.7328285348014474,0.8569712088086843,0.48,0.5,0.7779724907580262,0.5658573259927632,0.29,positive
0.7458407327147148,0.7683185345705702,0.48,0.5,0.7967258617177191,0.5575221981441446,0.23761099072072323,positive
0.7085729382446042,0.7057188147338128,0.48,0.5,0.6764323456115108,0.4335676543884893,0.3635676543884893,positive
0.6342199352519609,0.7991084974308124,0.7457947666997194,0.5,0.7553343134634454,0.5655571891057423,0.4466715673172268,positive
0.7687354443349973,0.582013278817526,0.48,0.5,0.8768386108374931,0.5325291113300055,0.20632277832501367,positive
0.648621239635926,0.5527575207281481,0.48,0.5,0.3896353731066652,0.3644849585437039,0.27724247927185197,positive
0.736914313007142,0.7844081242755113,0.48,0.5,0.7491183751448978,0.5382367502897956,0.15440812427551132,positive
0.6423444269294708,0.5074481423098236,0.48,0.5,0.6421369961687652,0.5285166403942062,0.3338277865352646,positive
0.5843380027081112,0.7831924988716203,0.48,0.5,0.5752394939067498,0.3639154993229722,0.38,positive
0.6366153345302523,0.709846003590757,0.48,0.5,0.5441546475159622,0.41661533453025235,0.22046198922772875,positive
0.6750887921756555,0.7531243090459177,0.48,0.5,0.8213374102674906,0.44607103374052437,0.27098224156486894,positive
0.624221957127233,0.49,0.48,0.5,0.750998210608823,0.45,0.291556085745534,positive
0.67,0.8748567584084389,0.48,0.5,0.7312858103978902,0.5051432415915611,0.26542972477468313,positive
0.6728746160606505,0.84,0.48,0.5,0.7457492321213007,0.5419164107071003,0.3661671785857995,positive
0.6391798100703069,0.7789747625878836,0.48,0.5,0.5027681410127144,0.36,0.3807176661884815,positive
0.6702684465732809,0.8800766990209374,0.48,0.5,0.7293864078325009,0.5001150485314061,0.2501533980418748,positive
0.722990073740871,0.84,0.48,0.5,0.845980147481742,0.5753267158272474,0.29934656834550527,positive
0.7435239550398491,0.7664760449601509,0.48,0.5,0.7490494379981145,0.5505718651195475,0.3032380224800754,positive
0.6930764795100992,0.6592294385302978,0.48,0.5,0.6376911987752482,0.47230880122475183,0.4023088012247519,positive
0.6116874783514951,0.7074063474182721,1.0,0.5,0.7251979996526022,0.5841562608242524,0.48883339106267976,positive
0.7520896323367618,0.7401484928007627,0.48,0.5,0.8352240808419046,0.5658207353264764,0.28955183831619086,positive
0.6407880522033943,0.5684238955932115,0.48,0.5,0.6716301206778069,0.33315220881357704,0.2615761044067885,positive
0.7385493555212232,0.7887038668726606,0.48,0.5,0.7659570892665443,0.545802577915107,0.17030902270287457,positive
0.6390801112948677,0.49908011129486773,0.48,0.5,0.7309792765833597,0.49086050082690486,0.3027002782371694,positive
0.581336522186051,0.7946658694534873,0.48,0.5,0.6075497093255732,0.36977724630232484,0.38,positive
0.6903907334825052,0.7050976833706263,0.48,0.5,0.6726465250559395,0.4250976833706263,0.34039073348250526,positive
0.7248583439150822,0.76,0.48,0.5,0.8335916651549882,0.5269000181401409,0.2892250045350352,positive
0.63,0.5614173859915683,0.48,0.5,0.7400078298059022,0.4357165228016863,0.28,positive
0.67,0.8684324560776603,0.48,0.5,0.6986023807822208,0.49834749372538006,0.2466949874507601,positive
0.7235177427957433,0.84,0.48,0.5,0.8470354855914868,0.5756784951971622,0.29864300960567547,positive
0.6040357325783523,0.6862908189397646,0.48,0.5,0.6945101727228247,0.39145409469882303,0.3430560780240016,positive
0.7245539642375026,0.8955868469250008,0.48,0.5,0.6053052245999939,0.5233802703875011,0.2811736938500015,positive
0.7328035763979549,0.8568214583877297,0.48,0.5,0.7786962844593062,0.5659821180102252,0.29,positive
0.7324067497241102,0.830373001103559,0.48,0.5,0.8563898754138346,0.5787966251379448,0.2912033748620551,positive
